Code du département,Code de la commune,Inscrits,Abstentions,Votants,Blancs et nuls,Exprimés,HOLLANDE,SARKOZY
1,1,592,86,506,31,475,195,280
1,2,215,40,175,18,157,82,75
1,4,8208,1761,6447,478,5969,3009,2960
1,5,1152,203,949,58,891,340,551
1,6,105,22,83,4,79,35,44
1,7,1702,241,1461,105,1356,630,726
1,8,549,79,470,35,435,206,229
1,9,269,42,227,17,210,94,116
1,10,681,101,580,36,544,251,293
1,11,255,37,218,12,206,81,125
1,12,287,68,219,10,209,111,98
1,13,140,13,127,7,120,44,76
1,14,2163,400,1763,87,1676,818,858
1,15,388,51,337,13,324,132,192
1,16,309,73,236,16,220,81,139
1,17,296,42,254,18,236,128,108
1,19,37,2,35,3,32,20,12
1,21,896,81,815,43,772,227,545
1,22,813,146,667,43,624,297,327
1,23,48,3,45,0,45,17,28
1,24,2052,285,1767,131,1636,650,986
1,25,2117,301,1816,126,1690,751,939
1,26,562,91,471,27,444,187,257
1,27,1071,152,919,51,868,296,572
1,28,434,89,345,28,317,121,196
1,29,406,88,318,24,294,127,167
1,30,520,102,418,22,396,155,241
1,31,2080,530,1550,75,1475,652,823
1,32,2016,355,1661,107,1554,608,946
1,33,6047,1351,4696,278,4418,2506,1912
1,34,5478,999,4479,282,4197,2069,2128
1,35,268,53,215,24,191,82,109
1,36,414,58,356,17,339,158,181
1,37,215,28,187,13,174,61,113
1,38,557,66,491,29,462,193,269
1,39,319,48,271,15,256,146,110
1,40,314,46,268,20,248,101,147
1,41,576,98,478,56,422,230,192
1,42,193,17,176,14,162,68,94
1,43,3312,557,2755,136,2619,1025,1594
1,44,380,73,307,27,280,129,151
1,45,169,23,146,9,137,28,109
1,46,585,86,499,23,476,149,327
1,47,617,83,534,42,492,176,316
1,49,1947,249,1698,113,1585,659,926
1,50,216,43,173,9,164,63,101
1,51,98,22,76,3,73,42,31
1,52,251,33,218,7,211,71,140
1,53,23329,5324,18005,842,17163,9261,7902
1,54,853,101,752,43,709,289,420
1,56,296,34,262,21,241,84,157
1,57,345,55,290,21,269,120,149
1,58,578,78,500,40,460,207,253
1,59,83,6,77,2,75,33,42
1,60,420,49,371,22,349,122,227
1,61,812,105,707,41,666,308,358
1,62,549,63,486,30,456,162,294
1,63,368,50,318,21,297,106,191
1,64,627,108,519,49,470,257,213
1,65,1230,134,1096,55,1041,436,605
1,66,78,13,65,6,59,27,32
1,67,199,39,160,6,154,51,103
1,68,514,104,410,32,378,140,238
1,69,1054,167,887,75,812,380,432
1,71,2253,376,1877,104,1773,607,1166
1,72,2024,305,1719,99,1620,764,856
1,73,836,133,703,50,653,322,331
1,74,1472,249,1223,79,1144,411,733
1,75,830,124,706,43,663,206,457
1,76,118,25,93,8,85,44,41
1,77,142,16,126,3,123,39,84
1,78,725,130,595,36,559,205,354
1,79,536,95,441,39,402,171,231
1,80,343,61,282,30,252,140,112
1,81,506,79,427,34,393,166,227
1,82,399,85,314,18,296,159,137
1,83,627,85,542,28,514,144,370
1,84,488,64,424,28,396,150,246
1,85,273,36,237,14,223,71,152
1,87,215,35,180,13,167,60,107
1,88,681,90,591,39,552,200,352
1,89,1198,160,1038,61,977,399,578
1,90,266,16,250,16,234,83,151
1,91,2144,411,1733,120,1613,745,868
1,92,1136,185,951,65,886,375,511
1,93,3342,658,2684,142,2542,916,1626
1,94,524,95,429,34,395,174,221
1,95,401,41,360,28,332,163,169
1,96,718,110,608,52,556,225,331
1,97,180,23,157,13,144,71,73
1,98,545,93,452,34,418,191,227
1,99,1118,188,930,74,856,342,514
1,100,124,20,104,9,95,54,41
1,101,140,26,114,6,108,42,66
1,102,633,118,515,53,462,185,277
1,103,691,90,601,27,574,183,391
1,104,338,62,276,19,257,110,147
1,105,967,107,860,34,826,273,553
1,106,136,26,110,6,104,46,58
1,107,121,22,99,6,93,46,47
1,108,896,170,726,58,668,305,363
1,109,1043,221,822,42,780,330,450
1,110,115,18,97,13,84,54,30
1,111,108,18,90,4,86,39,47
1,112,259,34,225,12,213,67,146
1,113,546,68,478,18,460,155,305
1,114,363,71,292,19,273,122,151
1,115,840,138,702,57,645,263,382
1,116,411,57,354,25,329,189,140
1,117,113,20,93,5,88,42,46
1,118,746,127,619,41,578,248,330
1,119,167,25,142,12,130,53,77
1,121,86,13,73,5,68,25,43
1,122,625,88,537,58,479,211,268
1,123,736,86,650,33,617,257,360
1,124,492,91,401,37,364,186,178
1,125,468,78,390,21,369,180,189
1,127,380,45,335,17,318,147,171
1,128,209,46,163,13,150,58,92
1,129,190,30,160,10,150,57,93
1,130,924,134,790,44,746,289,457
1,133,298,37,261,31,230,114,116
1,134,1205,165,1040,72,968,395,573
1,135,988,162,826,37,789,289,500
1,136,569,79,490,27,463,177,286
1,138,1859,366,1493,96,1397,781,616
1,139,341,62,279,14,265,100,165
1,140,515,59,456,35,421,157,264
1,141,346,54,292,20,272,131,141
1,142,2815,435,2380,132,2248,942,1306
1,143,5154,985,4169,174,3995,1233,2762
1,144,618,94,524,33,491,206,285
1,145,802,118,684,50,634,233,401
1,146,269,30,239,9,230,71,159
1,147,374,70,304,18,286,135,151
1,148,1350,260,1090,86,1004,372,632
1,149,754,92,662,44,618,287,331
1,150,155,13,142,7,135,58,77
1,151,859,103,756,37,719,285,434
1,152,616,98,518,42,476,198,278
1,153,889,173,716,38,678,226,452
1,154,539,81,458,45,413,178,235
1,155,126,19,107,6,101,27,74
1,156,574,85,489,26,463,147,316
1,157,1591,268,1323,65,1258,474,784
1,158,488,84,404,40,364,134,230
1,159,2411,348,2063,127,1936,681,1255
1,160,3643,635,3008,133,2875,1468,1407
1,162,65,5,60,1,59,26,33
1,163,1447,243,1204,85,1119,356,763
1,165,936,121,815,38,777,264,513
1,166,1511,182,1329,51,1278,444,834
1,167,501,60,441,29,412,175,237
1,169,383,56,327,22,305,103,202
1,170,594,88,506,28,478,183,295
1,171,616,111,505,35,470,163,307
1,172,128,22,106,5,101,44,57
1,173,5412,1124,4288,207,4081,1696,2385
1,174,123,29,94,5,89,39,50
1,175,582,103,479,47,432,181,251
1,176,104,12,92,13,79,30,49
1,177,138,14,124,5,119,61,58
1,179,1385,193,1192,85,1107,413,694
1,180,474,79,395,18,377,115,262
1,181,746,98,648,43,605,189,416
1,182,280,46,234,13,221,80,141
1,183,921,144,777,55,722,225,497
1,184,561,73,488,47,441,214,227
1,185,2278,493,1785,135,1650,755,895
1,186,78,6,72,3,69,26,43
1,187,277,57,220,11,209,98,111
1,188,463,66,397,22,375,78,297
1,189,712,128,584,31,553,311,242
1,190,127,22,105,6,99,39,60
1,191,136,26,110,12,98,29,69
1,192,1466,249,1217,62,1155,422,733
1,193,186,32,154,4,150,82,68
1,194,3760,532,3228,169,3059,1358,1701
1,195,1154,138,1016,47,969,424,545
1,196,777,113,664,44,620,217,403
1,197,264,18,246,18,228,127,101
1,198,191,21,170,11,159,67,92
1,199,1416,254,1162,81,1081,518,563
1,200,121,16,105,5,100,55,45
1,202,4879,989,3890,285,3605,1661,1944
1,203,859,128,731,50,681,278,403
1,204,186,23,163,9,154,69,85
1,205,731,155,576,43,533,240,293
1,206,233,41,192,16,176,89,87
1,207,221,28,193,10,183,40,143
1,208,131,15,116,12,104,52,52
1,209,389,61,328,22,306,141,165
1,210,189,33,156,10,146,45,101
1,211,978,153,825,57,768,312,456
1,212,519,81,438,21,417,166,251
1,213,828,131,697,54,643,294,349
1,214,121,19,102,4,98,53,45
1,215,45,9,36,5,31,14,17
1,216,654,119,535,48,487,172,315
1,218,83,15,68,8,60,19,41
1,219,136,26,110,3,107,28,79
1,221,131,18,113,1,112,60,52
1,224,1678,303,1375,93,1282,538,744
1,225,313,50,263,18,245,86,159
1,227,340,51,289,18,271,123,148
1,228,452,74,378,24,354,84,270
1,229,685,84,601,40,561,225,336
1,230,219,45,174,20,154,60,94
1,231,1422,176,1246,86,1160,398,762
1,232,1667,215,1452,82,1370,586,784
1,233,114,21,93,4,89,43,46
1,234,138,13,125,11,114,66,48
1,235,597,91,506,19,487,152,335
1,236,704,117,587,50,537,226,311
1,237,1021,124,897,58,839,305,534
1,238,1781,258,1523,88,1435,552,883
1,239,490,74,416,31,385,166,219
1,240,473,67,406,26,380,146,234
1,241,982,115,867,51,816,423,393
1,242,94,18,76,4,72,40,32
1,243,839,103,736,49,687,246,441
1,244,4954,1023,3931,212,3719,1741,1978
1,245,650,79,571,45,526,232,294
1,246,1412,227,1185,71,1114,464,650
1,247,251,42,209,21,188,60,128
1,248,1523,184,1339,82,1257,488,769
1,249,6451,1274,5177,263,4914,2157,2757
1,250,1219,149,1070,60,1010,444,566
1,252,559,81,478,27,451,168,283
1,254,1357,159,1198,59,1139,457,682
1,255,389,55,334,31,303,157,146
1,257,286,51,235,22,213,72,141
1,258,808,120,688,47,641,192,449
1,259,437,64,373,27,346,125,221
1,260,197,29,168,7,161,37,124
1,261,432,40,392,15,377,130,247
1,262,4139,746,3393,179,3214,1539,1675
1,263,2675,501,2174,110,2064,715,1349
1,264,642,71,571,38,533,182,351
1,265,2022,352,1670,86,1584,754,830
1,266,1725,279,1446,97,1349,578,771
1,267,697,96,601,47,554,183,371
1,268,206,33,173,8,165,50,115
1,269,1742,391,1351,73,1278,626,652
1,271,452,44,408,28,380,193,187
1,272,1026,167,859,49,810,271,539
1,273,1103,161,942,69,873,412,461
1,274,350,54,296,16,280,105,175
1,275,1719,236,1483,71,1412,492,920
1,276,1097,164,933,54,879,359,520
1,277,122,22,100,6,94,37,57
1,279,87,6,81,6,75,36,39
1,280,131,17,114,4,110,35,75
1,281,1653,276,1377,70,1307,521,786
1,282,187,42,145,15,130,52,78
1,283,11474,2708,8766,387,8379,4154,4225
1,284,425,48,377,27,350,145,205
1,285,726,70,656,25,631,238,393
1,286,313,31,282,16,266,204,62
1,288,1174,242,932,42,890,326,564
1,289,4340,650,3690,202,3488,1673,1815
1,290,946,138,808,46,762,241,521
1,291,596,86,510,29,481,169,312
1,292,130,10,120,8,112,52,60
1,293,152,30,122,9,113,48,65
1,294,578,93,485,40,445,180,265
1,295,334,46,288,27,261,97,164
1,296,290,53,237,19,218,84,134
1,297,602,77,525,26,499,175,324
1,298,102,11,91,7,84,38,46
1,299,375,47,328,9,319,64,255
1,300,307,53,254,20,234,84,150
1,301,1793,234,1559,79,1480,530,950
1,302,139,14,125,4,121,69,52
1,303,1118,201,917,48,869,341,528
1,304,1649,299,1350,98,1252,551,701
1,305,1492,340,1152,69,1083,450,633
1,306,925,194,731,49,682,311,371
1,307,612,114,498,40,458,165,293
1,308,414,88,326,21,305,146,159
1,309,72,15,57,8,49,25,24
1,310,119,20,99,8,91,38,53
1,311,52,12,40,2,38,18,20
1,312,177,24,153,4,149,75,74
1,313,3335,697,2638,104,2534,998,1536
1,314,1008,148,860,59,801,307,494
1,316,129,12,117,7,110,53,57
1,317,191,34,157,12,145,66,79
1,318,469,70,399,21,378,158,220
1,319,368,49,319,15,304,104,200
1,320,2568,333,2235,148,2087,792,1295
1,321,546,71,475,22,453,218,235
1,322,3029,454,2575,134,2441,947,1494
1,323,692,94,598,63,535,250,285
1,325,700,67,633,35,598,246,352
1,328,353,49,304,18,286,96,190
1,329,142,24,118,5,113,60,53
1,330,155,27,128,11,117,71,46
1,331,135,11,124,7,117,58,59
1,332,476,73,403,22,381,180,201
1,333,2199,316,1883,111,1772,779,993
1,334,377,67,310,28,282,87,195
1,335,229,20,209,12,197,64,133
1,336,840,134,706,50,656,288,368
1,337,854,126,728,55,673,294,379
1,338,566,87,479,39,440,161,279
1,339,1160,156,1004,22,982,325,657
1,340,115,23,92,14,78,51,27
1,341,134,14,120,4,116,54,62
1,342,386,35,351,7,344,122,222
1,343,1261,202,1059,79,980,434,546
1,344,4318,593,3725,202,3523,1681,1842
1,345,1668,332,1336,107,1229,595,634
1,346,605,99,506,34,472,153,319
1,347,1394,175,1219,74,1145,452,693
1,348,1983,388,1595,96,1499,488,1011
1,349,377,65,312,22,290,96,194
1,350,1932,330,1602,112,1490,583,907
1,351,980,169,811,62,749,276,473
1,352,389,62,327,36,291,138,153
1,353,1036,119,917,46,871,359,512
1,354,3625,713,2912,118,2794,1310,1484
1,355,326,57,269,30,239,105,134
1,356,142,11,131,10,121,48,73
1,357,281,51,230,10,220,116,104
1,358,310,46,264,21,243,105,138
1,359,198,24,174,5,169,42,127
1,360,819,126,693,31,662,253,409
1,361,1091,164,927,53,874,289,585
1,362,526,68,458,22,436,162,274
1,363,1203,181,1022,81,941,447,494
1,364,541,80,461,21,440,178,262
1,365,829,131,698,51,647,275,372
1,366,587,70,517,33,484,217,267
1,367,450,57,393,16,377,145,232
1,368,501,70,431,39,392,150,242
1,369,726,107,619,27,592,264,328
1,370,914,174,740,55,685,398,287
1,371,801,102,699,52,647,276,371
1,372,305,44,261,13,248,130,118
1,373,709,109,600,41,559,187,372
1,374,1219,136,1083,66,1017,426,591
1,375,568,79,489,46,443,177,266
1,376,2387,463,1924,96,1828,983,845
1,378,1785,244,1541,98,1443,502,941
1,379,510,70,440,25,415,179,236
1,380,536,112,424,18,406,166,240
1,381,555,79,476,28,448,166,282
1,382,251,38,213,12,201,57,144
1,383,999,177,822,55,767,282,485
1,384,1294,274,1020,56,964,523,441
1,385,711,69,642,31,611,256,355
1,386,815,103,712,45,667,335,332
1,387,129,15,114,7,107,44,63
1,388,727,137,590,43,547,211,336
1,389,1293,246,1047,63,984,318,666
1,390,604,96,508,32,476,147,329
1,391,251,29,222,22,200,85,115
1,392,459,51,408,22,386,136,250
1,393,377,45,332,20,312,76,236
1,396,642,132,510,25,485,208,277
1,397,613,125,488,30,458,183,275
1,398,851,128,723,42,681,172,509
1,399,993,228,765,50,715,226,489
1,400,147,16,131,11,120,62,58
1,401,910,122,788,34,754,256,498
1,402,473,73,400,29,371,197,174
1,403,843,134,709,49,660,324,336
1,404,130,29,101,10,91,30,61
1,405,721,146,575,41,534,203,331
1,406,127,19,108,7,101,42,59
1,407,552,99,453,27,426,218,208
1,408,490,75,415,38,377,172,205
1,409,117,20,97,10,87,31,56
1,410,254,39,215,15,200,96,104
1,411,204,31,173,9,164,62,102
1,412,428,58,370,30,340,127,213
1,413,75,19,56,3,53,9,44
1,414,187,38,149,13,136,65,71
1,415,297,53,244,21,223,98,125
1,416,721,184,537,51,486,236,250
1,417,290,38,252,14,238,122,116
1,418,719,86,633,24,609,233,376
1,419,2848,566,2282,102,2180,850,1330
1,420,1045,282,763,57,706,267,439
1,421,503,85,418,33,385,173,212
1,422,1013,118,895,63,832,355,477
1,423,611,68,543,22,521,180,341
1,424,1251,142,1109,49,1060,369,691
1,425,224,35,189,10,179,70,109
1,426,1539,225,1314,69,1245,586,659
1,427,4056,782,3274,187,3087,1510,1577
1,428,75,3,72,1,71,18,53
1,429,437,46,391,18,373,151,222
1,430,395,45,350,16,334,120,214
1,431,850,117,733,43,690,345,345
1,432,206,19,187,14,173,67,106
1,433,157,28,129,15,114,52,62
1,434,254,29,225,15,210,70,140
1,435,1105,212,893,36,857,367,490
1,436,366,61,305,17,288,99,189
1,437,154,27,127,9,118,58,60
1,439,75,9,66,5,61,21,40
1,441,459,66,393,21,372,129,243
1,442,317,39,278,14,264,130,134
1,443,3100,529,2571,157,2414,1036,1378
1,444,831,128,703,30,673,351,322
1,445,473,56,417,48,369,151,218
1,446,1003,161,842,46,796,231,565
1,447,810,168,642,58,584,279,305
1,448,271,35,236,17,219,89,130
1,449,508,74,434,25,409,174,235
1,450,2450,391,2059,132,1927,708,1219
1,451,4396,643,3753,208,3545,1449,2096
1,452,635,107,528,46,482,273,209
1,453,214,39,175,18,157,69,88
1,454,559,71,488,35,453,201,252
1,456,65,4,61,1,60,29,31
1,457,1904,365,1539,77,1462,582,880
2,1,386,77,309,26,283,125,158
2,2,392,56,336,18,318,167,151
2,3,787,144,643,53,590,324,266
2,4,158,26,132,7,125,54,71
2,5,313,62,251,15,236,121,115
2,6,231,31,200,15,185,79,106
2,7,90,10,80,1,79,38,41
2,8,178,23,155,8,147,89,58
2,9,378,56,322,27,295,155,140
2,10,124,12,112,12,100,45,55
2,11,907,145,762,45,717,298,419
2,12,60,12,48,3,45,18,27
2,13,303,58,245,15,230,99,131
2,14,515,63,452,51,401,222,179
2,15,61,13,48,2,46,15,31
2,16,159,10,149,16,133,91,42
2,17,223,17,206,6,200,101,99
2,18,1392,327,1065,57,1008,571,437
2,19,276,38,238,18,220,98,122
2,20,350,44,306,17,289,108,181
2,21,80,17,63,3,60,32,28
2,22,319,55,264,15,249,119,130
2,23,89,22,67,6,61,27,34
2,24,38,4,34,2,32,14,18
2,25,269,50,219,7,212,100,112
2,26,156,20,136,10,126,54,72
2,27,206,44,162,8,154,94,60
2,28,2044,349,1695,135,1560,907,653
2,29,297,28,269,21,248,121,127
2,30,224,20,204,18,186,53,133
2,31,465,78,387,32,355,163,192
2,32,199,47,152,21,131,59,72
2,33,87,7,80,4,76,53,23
2,34,76,9,67,3,64,23,41
2,35,180,21,159,13,146,71,75
2,36,66,14,52,3,49,14,35
2,37,1063,185,878,80,798,505,293
2,38,65,9,56,2,54,26,28
2,39,120,16,104,1,103,56,47
2,40,138,22,116,6,110,56,54
2,41,646,110,536,51,485,245,240
2,42,268,45,223,12,211,91,120
2,43,45,10,35,3,32,15,17
2,44,32,6,26,2,24,6,18
2,46,441,58,383,29,354,217,137
2,47,101,17,84,2,82,56,26
2,48,93,6,87,4,83,30,53
2,49,569,83,486,49,437,245,192
2,50,222,27,195,13,182,77,105
2,51,280,41,239,18,221,96,125
2,52,112,28,84,6,78,41,37
2,53,229,35,194,13,181,79,102
2,54,344,70,274,24,250,127,123
2,55,112,25,87,7,80,38,42
2,56,132,29,103,9,94,48,46
2,57,1023,225,798,77,721,275,446
2,58,482,70,412,31,381,173,208
2,59,1980,539,1441,77,1364,884,480
2,60,218,30,188,15,173,95,78
2,61,185,45,140,13,127,71,56
2,62,97,19,78,9,69,27,42
2,63,282,54,228,11,217,113,104
2,64,2574,537,2037,146,1891,1054,837
2,65,481,96,385,22,363,182,181
2,66,171,35,136,15,121,53,68
2,67,174,27,147,13,134,58,76
2,68,68,7,61,9,52,26,26
2,69,89,13,76,5,71,31,40
2,70,341,45,296,18,278,150,128
2,71,469,65,404,26,378,186,192
2,72,142,22,120,8,112,54,58
2,73,375,76,299,32,267,150,117
2,74,474,116,358,34,324,163,161
2,75,164,18,146,18,128,69,59
2,76,103,16,87,6,81,26,55
2,77,309,55,254,17,237,116,121
2,78,97,20,77,1,76,31,45
2,79,126,16,110,6,104,42,62
2,80,300,39,261,19,242,123,119
2,81,281,39,242,27,215,104,111
2,82,98,14,84,3,81,48,33
2,83,514,118,396,51,345,161,184
2,84,189,32,157,17,140,57,83
2,85,561,72,489,37,452,203,249
2,86,723,102,621,48,573,304,269
2,87,24,0,24,1,23,12,11
2,88,59,12,47,7,40,16,24
2,89,855,135,720,52,668,340,328
2,90,164,17,147,14,133,64,69
2,91,76,18,58,1,57,23,34
2,93,893,180,713,44,669,297,372
2,94,313,46,267,25,242,126,116
2,95,3704,866,2838,219,2619,1564,1055
2,96,160,28,132,14,118,60,58
2,97,205,38,167,13,154,95,59
2,98,274,44,230,20,210,99,111
2,99,170,30,140,13,127,65,62
2,100,113,21,92,1,91,33,58
2,101,151,19,132,14,118,66,52
2,102,153,26,127,3,124,65,59
2,103,923,157,766,66,700,413,287
2,104,82,4,78,6,72,24,48
2,105,154,29,125,8,117,46,71
2,106,454,84,370,25,345,185,160
2,107,82,15,67,5,62,28,34
2,108,115,12,103,4,99,55,44
2,109,365,42,323,22,301,152,149
2,110,1370,264,1106,70,1036,469,567
2,111,526,94,432,50,382,235,147
2,112,482,94,388,29,359,178,181
2,114,934,124,810,72,738,371,367
2,115,155,11,144,10,134,82,52
2,116,131,25,106,7,99,45,54
2,117,57,11,46,8,38,15,23
2,118,90,14,76,5,71,41,30
2,119,241,32,209,27,182,66,116
2,120,162,19,143,17,126,71,55
2,121,164,27,137,16,121,64,57
2,122,43,9,34,4,30,14,16
2,123,214,23,191,10,181,80,101
2,124,516,48,468,34,434,190,244
2,125,157,34,123,11,112,45,67
2,126,446,87,359,21,338,177,161
2,127,140,13,127,13,114,74,40
2,128,1258,194,1064,71,993,497,496
2,129,23,2,21,0,21,7,14
2,130,155,21,134,16,118,54,64
2,131,1469,218,1251,85,1166,582,584
2,132,146,27,119,7,112,35,77
2,133,301,40,261,18,243,125,118
2,134,669,102,567,46,521,313,208
2,135,845,134,711,62,649,333,316
2,136,128,36,92,6,86,31,55
2,137,84,16,68,5,63,19,44
2,138,153,17,136,7,129,50,79
2,139,362,85,277,16,261,106,155
2,140,310,47,263,37,226,86,140
2,141,1311,247,1064,82,982,454,528
2,142,190,27,163,13,150,90,60
2,143,138,19,119,10,109,33,76
2,144,104,14,90,7,83,25,58
2,145,436,54,382,24,358,203,155
2,146,63,8,55,3,52,19,33
2,147,90,15,75,5,70,24,46
2,148,197,41,156,16,140,77,63
2,149,43,1,42,4,38,13,25
2,150,64,5,59,3,56,27,29
2,151,90,4,86,2,84,35,49
2,152,75,13,62,0,62,19,43
2,153,354,38,316,21,295,166,129
2,154,243,36,207,12,195,84,111
2,155,145,20,125,9,116,66,50
2,156,176,25,151,11,140,86,54
2,157,569,54,515,31,484,319,165
2,158,163,21,142,6,136,74,62
2,159,234,39,195,16,179,78,101
2,160,364,67,297,20,277,163,114
2,161,158,15,143,8,135,45,90
2,162,182,28,154,13,141,62,79
2,163,1625,275,1350,112,1238,530,708
2,164,236,27,209,20,189,93,96
2,165,1239,272,967,71,896,521,375
2,166,268,63,205,11,194,101,93
2,167,577,85,492,39,453,202,251
2,168,9506,2358,7148,439,6709,3760,2949
2,169,84,12,72,1,71,28,43
2,170,108,20,88,6,82,36,46
2,171,71,13,58,5,53,11,42
2,172,163,18,145,22,123,56,67
2,173,7720,1967,5753,430,5323,2956,2367
2,174,570,101,469,45,424,201,223
2,175,129,26,103,13,90,27,63
2,176,155,29,126,9,117,67,50
2,177,119,15,104,6,98,37,61
2,178,81,13,68,9,59,26,33
2,179,272,48,224,22,202,92,110
2,180,515,73,442,20,422,277,145
2,181,74,10,64,1,63,33,30
2,182,121,20,101,10,91,46,45
2,183,161,21,140,8,132,52,80
2,184,206,37,169,28,141,68,73
2,185,261,35,226,12,214,95,119
2,186,1004,177,827,69,758,284,474
2,187,825,141,684,43,641,345,296
2,188,135,26,109,11,98,47,51
2,189,258,37,221,14,207,125,82
2,190,440,77,363,34,329,165,164
2,191,338,41,297,23,274,146,128
2,192,259,36,223,11,212,86,126
2,193,63,6,57,2,55,20,35
2,194,179,23,156,19,137,69,68
2,195,632,102,530,38,492,229,263
2,196,251,31,220,19,201,87,114
2,197,399,71,328,35,293,95,198
2,198,198,42,156,10,146,85,61
2,199,421,62,359,29,330,185,145
2,200,95,19,76,4,72,47,25
2,201,235,39,196,11,185,74,111
2,203,806,148,658,58,600,276,324
2,204,70,12,58,1,57,9,48
2,205,124,16,108,6,102,62,40
2,206,69,10,59,8,51,26,25
2,207,163,22,141,15,126,66,60
2,208,200,43,157,16,141,79,62
2,209,468,101,367,26,341,145,196
2,210,299,54,245,37,208,101,107
2,211,182,34,148,12,136,68,68
2,212,539,76,463,40,423,252,171
2,213,231,50,181,15,166,92,74
2,214,41,5,36,2,34,20,14
2,215,495,67,428,33,395,221,174
2,216,233,39,194,18,176,94,82
2,217,647,103,544,36,508,269,239
2,218,398,59,339,21,318,179,139
2,219,119,16,103,5,98,64,34
2,220,309,39,270,18,252,94,158
2,221,132,25,107,6,101,43,58
2,222,26,6,20,3,17,8,9
2,223,228,41,187,25,162,59,103
2,224,271,57,214,12,202,110,92
2,225,62,6,56,4,52,20,32
2,226,1314,251,1063,63,1000,487,513
2,227,86,18,68,5,63,33,30
2,228,203,27,176,22,154,77,77
2,229,60,8,52,4,48,23,25
2,230,158,32,126,12,114,51,63
2,231,606,101,505,27,478,295,183
2,232,166,18,148,7,141,76,65
2,233,111,11,100,11,89,33,56
2,234,82,7,75,6,69,43,26
2,235,93,18,75,6,69,26,43
2,236,220,43,177,9,168,94,74
2,237,955,156,799,51,748,498,250
2,238,1258,249,1009,62,947,499,448
2,239,727,171,556,43,513,280,233
2,240,176,24,152,6,146,78,68
2,241,87,9,78,11,67,19,48
2,242,388,76,312,20,292,109,183
2,243,1964,408,1556,119,1437,756,681
2,244,49,4,45,4,41,19,22
2,245,1101,182,919,65,854,422,432
2,246,455,90,365,27,338,167,171
2,248,116,17,99,1,98,58,40
2,249,86,22,64,6,58,26,32
2,250,61,13,48,3,45,16,29
2,251,35,5,30,2,28,9,19
2,252,61,9,52,4,48,32,16
2,253,277,60,217,21,196,100,96
2,254,89,10,79,6,73,38,35
2,255,102,26,76,5,71,32,39
2,256,125,22,103,5,98,16,82
2,257,343,51,292,24,268,97,171
2,258,310,53,257,10,247,129,118
2,259,314,35,279,17,262,130,132
2,260,455,98,357,23,334,202,132
2,261,283,38,245,12,233,142,91
2,262,185,27,158,9,149,90,59
2,263,106,23,83,4,79,26,53
2,264,564,110,454,17,437,252,185
2,265,83,18,65,2,63,30,33
2,266,49,9,40,5,35,13,22
2,267,216,33,183,14,169,98,71
2,268,450,71,379,22,357,150,207
2,269,123,16,107,7,100,24,76
2,270,108,26,82,4,78,36,42
2,271,111,13,98,6,92,28,64
2,272,69,13,56,1,55,18,37
2,273,158,31,127,10,117,42,75
2,274,153,26,127,9,118,55,63
2,275,257,60,197,24,173,116,57
2,276,109,18,91,10,81,38,43
2,277,229,45,184,13,171,101,70
2,278,48,5,43,3,40,10,30
2,279,417,69,348,23,325,145,180
2,280,304,67,237,18,219,108,111
2,281,177,34,143,10,133,53,80
2,282,305,49,256,12,244,144,100
2,283,215,42,173,10,163,86,77
2,284,83,16,67,2,65,23,42
2,286,642,138,504,33,471,164,307
2,287,912,127,785,57,728,355,373
2,288,264,39,225,18,207,96,111
2,289,356,65,291,23,268,131,137
2,290,1996,419,1577,122,1455,798,657
2,291,278,43,235,12,223,100,123
2,292,908,159,749,58,691,382,309
2,293,399,61,338,21,317,170,147
2,294,173,21,152,6,146,61,85
2,295,694,132,562,59,503,288,215
2,296,957,132,825,67,758,375,383
2,297,84,7,77,3,74,42,32
2,298,1092,236,856,71,785,462,323
2,299,379,74,305,21,284,149,135
2,301,218,33,185,11,174,94,80
2,302,256,69,187,12,175,81,94
2,303,555,76,479,12,467,133,334
2,304,1636,551,1085,61,1024,538,486
2,305,2069,424,1645,140,1505,774,731
2,306,448,79,369,19,350,201,149
2,307,1552,378,1174,99,1075,520,555
2,308,375,65,310,20,290,120,170
2,309,439,104,335,20,315,202,113
2,310,228,37,191,15,176,92,84
2,311,85,14,71,4,67,38,29
2,312,834,133,701,37,664,252,412
2,313,342,61,281,10,271,140,131
2,315,1035,141,894,71,823,458,365
2,316,135,28,107,7,100,42,58
2,317,173,32,141,7,134,67,67
2,318,1107,230,877,45,832,495,337
2,319,381,58,323,18,305,179,126
2,320,231,40,191,13,178,80,98
2,321,672,120,552,25,527,230,297
2,322,298,19,279,13,266,127,139
2,323,88,5,83,9,74,37,37
2,324,196,20,176,14,162,60,102
2,325,146,20,126,11,115,23,92
2,326,397,67,330,23,307,120,187
2,327,126,23,103,7,96,45,51
2,328,455,77,378,38,340,180,160
2,329,349,63,286,21,265,155,110
2,330,372,50,322,19,303,125,178
2,331,104,14,90,8,82,54,28
2,332,178,21,157,17,140,63,77
2,333,117,15,102,4,98,58,40
2,334,2207,446,1761,98,1663,968,695
2,335,169,41,128,6,122,63,59
2,336,735,136,599,44,555,312,243
2,337,170,23,147,12,135,73,62
2,338,197,30,167,10,157,90,67
2,339,495,91,404,31,373,183,190
2,340,4259,915,3344,214,3130,2061,1069
2,341,220,31,189,21,168,104,64
2,342,113,16,97,3,94,31,63
2,343,62,7,55,3,52,24,28
2,344,48,9,39,1,38,24,14
2,345,32,7,25,4,21,7,14
2,346,523,84,439,35,404,241,163
2,347,393,64,329,40,289,116,173
2,348,143,22,121,10,111,42,69
2,349,35,3,32,1,31,14,17
2,350,108,12,96,8,88,51,37
2,351,84,18,66,4,62,27,35
2,352,404,67,337,33,304,167,137
2,353,215,23,192,13,179,102,77
2,354,70,11,59,5,54,24,30
2,355,658,70,588,33,555,283,272
2,356,132,15,117,11,106,55,51
2,357,52,8,44,5,39,13,26
2,358,310,61,249,22,227,124,103
2,359,741,90,651,50,601,372,229
2,360,1600,299,1301,103,1198,555,643
2,361,3379,711,2668,158,2510,1553,957
2,362,205,38,167,9,158,81,77
2,363,317,50,267,22,245,149,96
2,364,193,56,137,10,127,54,73
2,366,202,44,158,17,141,75,66
2,367,115,15,100,13,87,44,43
2,368,422,59,363,33,330,152,178
2,369,204,22,182,19,163,96,67
2,370,379,52,327,29,298,156,142
2,371,1204,168,1036,57,979,520,459
2,372,241,51,190,16,174,69,105
2,373,206,33,173,13,160,81,79
2,374,604,85,519,45,474,316,158
2,375,102,14,88,5,83,34,49
2,376,134,17,117,4,113,55,58
2,377,122,14,108,10,98,23,75
2,378,137,16,121,8,113,50,63
2,379,182,22,160,16,144,61,83
2,380,40,10,30,2,28,4,24
2,381,7031,2201,4830,309,4521,2712,1809
2,382,1103,138,965,67,898,481,417
2,383,1080,135,945,53,892,434,458
2,384,49,13,36,0,36,13,23
2,385,145,21,124,10,114,56,58
2,386,167,31,136,12,124,79,45
2,387,819,125,694,38,656,316,340
2,388,165,28,137,14,123,47,76
2,389,468,75,393,32,361,183,178
2,390,176,24,152,10,142,78,64
2,391,160,25,135,3,132,58,74
2,392,268,34,234,22,212,91,121
2,393,120,33,87,4,83,42,41
2,395,110,9,101,13,88,53,35
2,396,41,5,36,5,31,14,17
2,397,950,216,734,51,683,350,333
2,398,230,40,190,10,180,80,100
2,399,331,47,284,18,266,147,119
2,400,110,10,100,9,91,49,42
2,401,158,30,128,8,120,38,82
2,402,48,11,37,2,35,10,25
2,403,228,32,196,13,183,95,88
2,404,145,24,121,9,112,38,74
2,405,421,79,342,20,322,147,175
2,406,94,13,81,3,78,43,35
2,407,149,30,119,8,111,46,65
2,408,15414,3990,11424,702,10722,6194,4528
2,409,225,35,190,12,178,101,77
2,410,168,25,143,8,135,59,76
2,411,145,26,119,6,113,53,60
2,412,83,11,72,4,68,26,42
2,413,196,18,178,11,167,97,70
2,414,167,29,138,14,124,50,74
2,415,96,12,84,8,76,27,49
2,416,366,43,323,32,291,172,119
2,417,77,4,73,5,68,29,39
2,418,167,25,142,14,128,53,75
2,419,212,25,187,7,180,60,120
2,420,682,114,568,48,520,225,295
2,421,53,8,45,4,41,24,17
2,422,618,103,515,26,489,302,187
2,423,307,47,260,21,239,118,121
2,424,95,14,81,5,76,47,29
2,425,129,19,110,6,104,27,77
2,426,423,66,357,21,336,152,184
2,427,98,14,84,10,74,38,36
2,428,58,13,45,5,40,17,23
2,429,87,16,71,7,64,50,14
2,430,827,169,658,58,600,353,247
2,431,344,65,279,18,261,175,86
2,432,156,26,130,10,120,38,82
2,433,216,39,177,12,165,98,67
2,434,196,28,168,13,155,92,63
2,435,68,10,58,3,55,19,36
2,438,190,23,167,7,160,61,99
2,439,278,66,212,15,197,90,107
2,440,105,14,91,9,82,19,63
2,441,173,24,149,11,138,62,76
2,442,81,13,68,4,64,36,28
2,443,140,24,116,7,109,41,68
2,444,109,11,98,7,91,63,28
2,445,231,29,202,15,187,85,102
2,446,82,16,66,4,62,40,22
2,447,99,24,75,7,68,31,37
2,448,98,7,91,5,86,32,54
2,449,58,21,37,2,35,18,17
2,450,250,26,224,6,218,99,119
2,451,117,15,102,12,90,46,44
2,452,170,11,159,10,149,48,101
2,453,275,46,229,7,222,119,103
2,454,275,40,235,14,221,113,108
2,455,148,17,131,11,120,44,76
2,456,302,58,244,17,227,105,122
2,457,266,49,217,14,203,110,93
2,458,229,36,193,12,181,53,128
2,459,153,18,135,4,131,43,88
2,460,161,13,148,12,136,92,44
2,461,261,48,213,12,201,84,117
2,462,179,25,154,20,134,71,63
2,463,60,8,52,2,50,24,26
2,464,234,27,207,12,195,100,95
2,465,305,50,255,15,240,100,140
2,466,124,31,93,6,87,41,46
2,467,39,5,34,6,28,6,22
2,468,1636,315,1321,77,1244,748,496
2,469,348,45,303,30,273,120,153
2,470,319,46,273,27,246,118,128
2,471,86,7,79,5,74,35,39
2,472,366,74,292,28,264,154,110
2,473,141,23,118,9,109,60,49
2,474,273,31,242,18,224,136,88
2,475,253,38,215,14,201,100,101
2,476,477,120,357,33,324,210,114
2,477,694,103,591,38,553,224,329
2,478,181,32,149,18,131,91,40
2,479,48,9,39,2,37,15,22
2,480,248,46,202,13,189,123,66
2,481,359,43,316,15,301,103,198
2,482,40,7,33,2,31,26,5
2,483,412,54,358,15,343,168,175
2,484,348,58,290,18,272,139,133
2,485,73,10,63,2,61,23,38
2,486,61,9,52,7,45,25,20
2,487,504,76,428,29,399,193,206
2,488,121,29,92,6,86,39,47
2,489,240,36,204,9,195,107,88
2,490,116,12,104,10,94,43,51
2,491,280,42,238,16,222,94,128
2,492,339,48,291,21,270,182,88
2,493,151,21,130,6,124,60,64
2,494,109,10,99,6,93,47,46
2,495,760,166,594,43,551,262,289
2,496,77,16,61,4,57,27,30
2,497,829,127,702,45,657,341,316
2,498,501,106,395,37,358,177,181
2,499,41,4,37,2,35,16,19
2,500,629,109,520,45,475,290,185
2,501,68,8,60,4,56,31,25
2,502,1068,215,853,41,812,489,323
2,503,674,150,524,30,494,331,163
2,504,1154,225,929,70,859,584,275
2,505,152,23,129,20,109,36,73
2,506,171,18,153,3,150,69,81
2,507,33,5,28,2,26,13,13
2,508,97,8,89,2,87,41,46
2,509,124,18,106,6,100,35,65
2,510,110,16,94,10,84,43,41
2,511,215,24,191,11,180,78,102
2,512,192,42,150,13,137,54,83
2,513,127,15,112,5,107,54,53
2,514,544,87,457,37,420,253,167
2,515,62,20,42,1,41,23,18
2,516,51,4,47,6,41,17,24
2,517,226,31,195,10,185,111,74
2,518,217,44,173,13,160,59,101
2,519,141,10,131,8,123,52,71
2,520,467,87,380,36,344,163,181
2,521,851,122,729,48,681,296,385
2,522,49,9,40,0,40,10,30
2,523,64,4,60,10,50,26,24
2,524,513,90,423,43,380,192,188
2,525,484,48,436,37,399,183,216
2,526,76,21,55,5,50,20,30
2,527,313,52,261,14,247,115,132
2,528,183,14,169,14,155,70,85
2,529,164,20,144,8,136,68,68
2,530,67,18,49,3,46,27,19
2,531,101,18,83,7,76,42,34
2,532,744,119,625,39,586,313,273
2,533,100,15,85,8,77,27,50
2,534,37,4,33,1,32,14,18
2,535,114,13,101,3,98,33,65
2,536,69,4,65,5,60,30,30
2,537,127,19,108,5,103,39,64
2,538,60,8,52,4,48,14,34
2,539,542,79,463,28,435,282,153
2,540,872,115,757,60,697,350,347
2,541,292,44,248,15,233,91,142
2,542,71,16,55,6,49,17,32
2,543,1422,317,1105,75,1030,483,547
2,544,439,91,348,23,325,166,159
2,545,126,22,104,5,99,51,48
2,546,143,19,124,5,119,69,50
2,547,43,0,43,5,38,19,19
2,548,295,64,231,15,216,109,107
2,549,682,94,588,33,555,283,272
2,550,82,19,63,6,57,32,25
2,551,79,5,74,6,68,36,32
2,552,133,19,114,7,107,58,49
2,553,184,21,163,8,155,54,101
2,554,832,150,682,53,629,275,354
2,555,1446,346,1100,89,1011,496,515
2,556,70,11,59,4,55,27,28
2,557,104,18,86,2,84,45,39
2,558,1823,329,1494,108,1386,690,696
2,559,375,84,291,21,270,145,125
2,560,204,27,177,8,169,69,100
2,561,133,22,111,6,105,53,52
2,562,146,29,117,10,107,46,61
2,563,160,31,129,4,125,61,64
2,564,383,55,328,26,302,160,142
2,565,174,25,149,17,132,87,45
2,566,928,181,747,55,692,349,343
2,567,239,28,211,18,193,115,78
2,568,153,25,128,13,115,33,82
2,569,297,62,235,30,205,94,111
2,570,121,18,103,6,97,48,49
2,571,523,58,465,38,427,187,240
2,572,342,52,290,30,260,111,149
2,573,59,10,49,3,46,22,24
2,574,1099,219,880,47,833,362,471
2,575,1304,303,1001,80,921,549,372
2,576,251,44,207,14,193,85,108
2,577,77,12,65,6,59,20,39
2,578,58,2,56,2,54,25,29
2,579,102,7,95,7,88,41,47
2,580,540,104,436,28,408,240,168
2,581,226,33,193,16,177,95,82
2,582,62,8,54,3,51,27,24
2,583,52,5,47,5,42,27,15
2,584,86,4,82,6,76,26,50
2,585,201,30,171,9,162,98,64
2,586,136,18,118,17,101,40,61
2,587,273,43,230,13,217,116,101
2,588,58,9,49,0,49,20,29
2,589,196,21,175,15,160,89,71
2,590,138,20,118,6,112,49,63
2,591,107,18,89,10,79,42,37
2,592,177,28,149,14,135,41,94
2,593,852,143,709,44,665,333,332
2,594,124,22,102,9,93,40,53
2,595,120,18,102,8,94,16,78
2,596,538,116,422,41,381,224,157
2,597,59,2,57,3,54,30,24
2,598,515,82,433,37,396,205,191
2,599,213,52,161,11,150,90,60
2,600,280,39,241,13,228,130,98
2,601,128,19,109,15,94,41,53
2,602,1197,247,950,45,905,578,327
2,604,55,8,47,2,45,24,21
2,605,153,29,124,3,121,51,70
2,606,75,16,59,2,57,18,39
2,607,56,7,49,3,46,20,26
2,608,334,49,285,20,265,95,170
2,609,27,1,26,4,22,3,19
2,610,450,62,388,21,367,173,194
2,612,99,22,77,4,73,37,36
2,613,389,46,343,19,324,139,185
2,614,203,24,179,11,168,80,88
2,615,276,41,235,16,219,115,104
2,616,140,25,115,8,107,54,53
2,617,385,57,328,13,315,226,89
2,618,519,98,421,37,384,170,214
2,619,310,61,249,16,233,137,96
2,620,276,67,209,14,195,90,105
2,621,318,54,264,15,249,110,139
2,622,44,5,39,6,33,9,24
2,623,89,11,78,5,73,41,32
2,624,232,52,180,13,167,92,75
2,625,129,21,108,5,103,58,45
2,626,347,72,275,11,264,144,120
2,627,88,14,74,4,70,28,42
2,628,181,25,156,6,150,71,79
2,629,222,35,187,7,180,59,121
2,631,290,48,242,29,213,108,105
2,632,56,8,48,2,46,14,32
2,633,52,4,48,1,47,25,22
2,634,53,7,46,0,46,11,35
2,635,129,26,103,6,97,56,41
2,636,158,19,139,8,131,46,85
2,637,258,35,223,17,206,103,103
2,638,196,29,167,12,155,97,58
2,639,265,44,221,14,207,90,117
2,640,131,19,112,6,106,54,52
2,641,102,14,88,1,87,33,54
2,642,142,26,116,11,105,43,62
2,643,589,89,500,33,467,220,247
2,644,286,41,245,16,229,90,139
2,645,151,35,116,9,107,63,44
2,646,42,4,38,7,31,12,19
2,647,55,12,43,4,39,14,25
2,648,1525,259,1266,90,1176,649,527
2,649,243,45,198,19,179,82,97
2,650,314,66,248,17,231,76,155
2,651,79,16,63,5,58,23,35
2,652,92,15,77,6,71,32,39
2,653,333,43,290,21,269,125,144
2,654,67,7,60,6,54,26,28
2,655,106,14,92,12,80,28,52
2,656,281,37,244,19,225,114,111
2,657,151,19,132,9,123,76,47
2,658,185,25,160,7,153,82,71
2,659,384,36,348,13,335,119,216
2,660,44,9,35,2,33,8,25
2,661,156,19,137,5,132,66,66
2,662,262,68,194,12,182,89,93
2,663,177,29,148,16,132,57,75
2,664,91,13,78,9,69,22,47
2,665,247,46,201,16,185,84,101
2,666,775,166,609,39,570,326,244
2,667,180,38,142,6,136,71,65
2,668,689,103,586,53,533,283,250
2,669,94,15,79,2,77,26,51
2,670,122,18,104,4,100,42,58
2,671,248,49,199,14,185,108,77
2,672,188,23,165,9,156,62,94
2,673,315,52,263,12,251,102,149
2,674,55,9,46,6,40,11,29
2,675,113,19,94,13,81,45,36
2,676,1320,318,1002,83,919,434,485
2,677,184,30,154,13,141,69,72
2,678,51,11,40,0,40,21,19
2,679,98,8,90,11,79,38,41
2,680,1491,328,1163,61,1102,634,468
2,681,216,38,178,9,169,80,89
2,682,93,23,70,3,67,37,30
2,683,90,9,81,8,73,40,33
2,684,2383,540,1843,140,1703,1052,651
2,685,97,13,84,5,79,38,41
2,686,326,40,286,17,269,144,125
2,687,282,43,239,13,226,101,125
2,688,46,4,42,7,35,9,26
2,689,57,9,48,2,46,11,35
2,690,68,13,55,5,50,32,18
2,691,33680,7664,26016,1650,24366,13202,11164
2,693,171,26,145,3,142,55,87
2,694,459,81,378,24,354,204,150
2,695,50,9,41,5,36,26,10
2,696,62,6,56,5,51,35,16
2,697,282,28,254,20,234,140,94
2,698,88,13,75,8,67,33,34
2,699,234,30,204,14,190,87,103
2,701,471,90,381,20,361,163,198
2,702,472,63,409,28,381,206,175
2,703,752,119,633,42,591,362,229
2,704,174,25,149,12,137,56,81
2,705,164,25,139,12,127,39,88
2,706,413,58,355,23,332,169,163
2,707,148,41,107,6,101,56,45
2,708,180,21,159,10,149,64,85
2,709,293,51,242,15,227,91,136
2,710,562,83,479,47,432,234,198
2,711,219,33,186,9,177,84,93
2,712,120,21,99,15,84,28,56
2,713,228,34,194,19,175,100,75
2,714,224,39,185,20,165,78,87
2,715,38,3,35,4,31,22,9
2,716,215,32,183,16,167,75,92
2,717,494,101,393,27,366,185,181
2,718,123,31,92,5,87,39,48
2,719,1640,316,1324,75,1249,662,587
2,720,1281,231,1050,65,985,551,434
2,721,364,52,312,19,293,116,177
2,722,17365,4816,12549,671,11878,5921,5957
2,723,86,16,70,2,68,19,49
2,724,44,6,38,2,36,14,22
2,725,112,14,98,7,91,30,61
2,726,129,12,117,6,111,54,57
2,727,179,41,138,8,130,70,60
2,728,217,27,190,23,167,76,91
2,729,78,11,67,3,64,23,41
2,730,207,30,177,9,168,93,75
2,731,128,16,112,16,96,55,41
2,732,75,9,66,9,57,23,34
2,733,213,26,187,21,166,92,74
2,734,204,32,172,14,158,65,93
2,735,17,0,17,0,17,9,8
2,736,119,23,96,3,93,40,53
2,737,466,67,399,13,386,267,119
2,738,10262,2602,7660,534,7126,4785,2341
2,739,230,35,195,13,182,78,104
2,740,218,24,194,10,184,74,110
2,741,411,71,340,25,315,221,94
2,742,85,17,68,6,62,34,28
2,743,116,14,102,8,94,54,40
2,744,67,18,49,6,43,20,23
2,745,104,16,88,5,83,49,34
2,746,521,83,438,32,406,223,183
2,747,62,5,57,2,55,24,31
2,748,755,124,631,55,576,211,365
2,749,163,23,140,6,134,60,74
2,750,428,87,341,16,325,186,139
2,751,120,23,97,3,94,64,30
2,752,222,41,181,5,176,97,79
2,753,262,48,214,9,205,143,62
2,754,138,14,124,13,111,48,63
2,755,394,49,345,21,324,181,143
2,756,482,75,407,23,384,172,212
2,757,417,53,364,32,332,213,119
2,758,1480,259,1221,90,1131,583,548
2,759,219,39,180,23,157,83,74
2,760,135,28,107,8,99,40,59
2,761,122,20,102,12,90,40,50
2,762,112,20,92,21,71,44,27
2,763,147,22,125,10,115,51,64
2,764,57,5,52,1,51,31,20
2,765,196,18,178,14,164,72,92
2,766,183,43,140,17,123,72,51
2,767,275,49,226,26,200,94,106
2,768,329,63,266,24,242,130,112
2,769,642,120,522,59,463,263,200
2,770,646,102,544,34,510,233,277
2,771,66,5,61,3,58,43,15
2,772,97,11,86,1,85,26,59
2,773,40,6,34,3,31,13,18
2,774,88,17,71,4,67,33,34
2,775,695,99,596,57,539,281,258
2,776,406,79,327,16,311,144,167
2,777,129,32,97,4,93,28,65
2,778,102,10,92,3,89,51,38
2,779,173,30,143,4,139,67,72
2,780,897,201,696,49,647,344,303
2,781,322,54,268,24,244,137,107
2,782,160,9,151,14,137,80,57
2,783,103,13,90,9,81,57,24
2,784,134,17,117,17,100,47,53
2,785,807,106,701,50,651,334,317
2,786,118,23,95,4,91,45,46
2,787,177,19,158,16,142,89,53
2,788,301,54,247,25,222,119,103
2,789,1738,348,1390,83,1307,788,519
2,790,185,25,160,22,138,69,69
2,791,207,33,174,7,167,109,58
2,792,123,21,102,10,92,46,46
2,793,100,11,89,5,84,35,49
2,794,136,10,126,11,115,51,64
2,795,1181,202,979,65,914,489,425
2,796,73,7,66,4,62,28,34
2,797,116,14,102,4,98,61,37
2,798,705,175,530,46,484,200,284
2,799,272,60,212,20,192,104,88
2,800,199,27,172,16,156,57,99
2,801,217,34,183,9,174,67,107
2,802,147,27,120,11,109,47,62
2,803,89,12,77,1,76,41,35
2,804,160,31,129,8,121,50,71
2,805,1651,326,1325,98,1227,689,538
2,806,197,28,169,23,146,77,69
2,807,516,80,436,14,422,194,228
2,808,229,42,187,27,160,104,56
2,809,74,11,63,6,57,23,34
2,810,6711,1559,5152,366,4786,2412,2374
2,811,112,24,88,3,85,40,45
2,812,145,20,125,10,115,51,64
2,813,167,31,136,10,126,50,76
2,814,157,13,144,6,138,55,83
2,815,379,67,312,21,291,158,133
2,816,326,38,288,20,268,161,107
2,817,49,8,41,2,39,20,19
2,818,582,92,490,27,463,203,260
2,819,97,13,84,5,79,41,38
2,820,1461,279,1182,119,1063,576,487
2,821,514,85,429,28,401,186,215
2,822,300,60,240,20,220,95,125
2,823,61,11,50,3,47,15,32
2,824,315,38,277,16,261,108,153
2,826,311,34,277,14,263,138,125
2,827,238,23,215,22,193,107,86
2,828,72,11,61,2,59,29,30
2,829,26,4,22,1,21,5,16
2,830,674,151,523,26,497,261,236
2,831,283,38,245,26,219,121,98
2,832,173,36,137,16,121,55,66
2,833,349,65,284,15,269,99,170
2,834,122,16,106,8,98,45,53
3,1,2009,323,1686,138,1548,754,794
3,2,248,20,228,16,212,135,77
3,3,825,143,682,52,630,339,291
3,4,225,45,180,13,167,67,100
3,5,227,32,195,22,173,108,65
3,6,597,131,466,38,428,286,142
3,7,284,42,242,8,234,128,106
3,8,308,43,265,15,250,118,132
3,9,89,25,64,1,63,34,29
3,10,351,36,315,31,284,191,93
3,11,279,42,237,14,223,100,123
3,12,246,28,218,16,202,138,64
3,13,2975,429,2546,184,2362,1419,943
3,14,133,14,119,2,117,65,52
3,15,234,38,196,9,187,94,93
3,16,115,13,102,8,94,40,54
3,17,167,32,135,10,125,55,70
3,18,481,78,403,32,371,212,159
3,19,1362,245,1117,82,1035,643,392
3,20,236,33,203,16,187,105,82
3,21,199,28,171,14,157,85,72
3,22,826,143,683,54,629,399,230
3,23,6018,855,5163,314,4849,2275,2574
3,24,210,29,181,21,160,95,65
3,25,1061,147,914,55,859,502,357
3,26,650,86,564,40,524,265,259
3,27,640,107,533,31,502,322,180
3,28,293,43,250,17,233,140,93
3,29,663,118,545,26,519,330,189
3,30,626,102,524,38,486,248,238
3,31,237,32,205,9,196,94,102
3,32,178,19,159,11,148,81,67
3,33,140,31,109,11,98,68,30
3,34,397,73,324,36,288,179,109
3,35,174,20,154,10,144,69,75
3,36,1900,285,1615,97,1518,946,572
3,37,197,29,168,14,154,75,79
3,38,397,57,340,27,313,189,124
3,39,295,48,247,17,230,129,101
3,40,885,85,800,40,760,446,314
3,41,292,49,243,13,230,117,113
3,42,462,80,382,29,353,171,182
3,43,879,119,760,71,689,341,348
3,44,1119,151,968,69,899,452,447
3,45,692,106,586,57,529,270,259
3,46,831,117,714,47,667,469,198
3,47,366,69,297,25,272,173,99
3,48,1136,197,939,71,868,502,366
3,49,313,54,259,19,240,132,108
3,50,189,38,151,12,139,76,63
3,51,239,50,189,23,166,128,38
3,52,748,87,661,53,608,380,228
3,53,817,123,694,44,650,341,309
3,54,178,31,147,2,145,82,63
3,55,784,135,649,51,598,363,235
3,56,348,50,298,29,269,160,109
3,57,184,22,162,8,154,88,66
3,58,163,23,140,6,134,85,49
3,59,268,29,239,18,221,103,118
3,60,578,71,507,45,462,208,254
3,61,285,45,240,22,218,111,107
3,62,313,49,264,14,250,118,132
3,63,707,115,592,43,549,331,218
3,64,148,16,132,4,128,68,60
3,65,420,57,363,31,332,209,123
3,66,348,68,280,22,258,155,103
3,67,138,16,122,9,113,57,56
3,68,121,19,102,9,93,45,48
3,69,221,34,187,21,166,110,56
3,70,118,25,93,4,89,47,42
3,71,194,39,155,8,147,85,62
3,72,361,50,311,19,292,183,109
3,73,474,65,409,17,392,239,153
3,74,540,91,449,35,414,235,179
3,75,127,21,106,11,95,52,43
3,76,155,21,134,13,121,47,74
3,77,104,21,83,4,79,43,36
3,78,219,32,187,13,174,90,84
3,79,252,40,212,16,196,109,87
3,80,495,45,450,33,417,199,218
3,81,263,51,212,16,196,143,53
3,82,4863,952,3911,268,3643,2532,1111
3,83,544,79,465,50,415,224,191
3,84,1677,239,1438,102,1336,853,483
3,85,520,63,457,28,429,242,187
3,86,263,45,218,19,199,105,94
3,87,457,85,372,31,341,214,127
3,88,262,50,212,29,183,109,74
3,89,107,13,94,7,87,54,33
3,90,238,37,201,15,186,99,87
3,91,341,62,279,22,257,166,91
3,92,562,67,495,39,456,241,215
3,93,754,76,678,66,612,351,261
3,94,2814,384,2430,187,2243,1097,1146
3,95,8801,1481,7320,525,6795,3801,2994
3,96,87,13,74,6,68,39,29
3,97,250,32,218,22,196,127,69
3,98,3618,607,3011,241,2770,1815,955
3,99,324,49,275,23,252,133,119
3,100,1111,205,906,71,835,482,353
3,101,7108,1045,6063,486,5577,3638,1939
3,102,2433,472,1961,154,1807,1072,735
3,103,795,113,682,40,642,354,288
3,104,924,153,771,50,721,458,263
3,105,290,37,253,20,233,119,114
3,106,952,159,793,49,744,461,283
3,107,894,150,744,45,699,338,361
3,108,256,32,224,19,205,131,74
3,109,541,75,466,33,433,235,198
3,110,672,83,589,40,549,293,256
3,111,866,125,741,44,697,430,267
3,112,519,94,425,30,395,214,181
3,113,444,87,357,27,330,177,153
3,114,228,23,205,17,188,94,94
3,115,268,40,228,14,214,112,102
3,116,189,31,158,13,145,75,70
3,117,351,42,309,16,293,195,98
3,118,4250,928,3322,225,3097,1759,1338
3,119,352,63,289,24,265,109,156
3,120,540,71,469,30,439,239,200
3,121,496,57,439,27,412,238,174
3,122,175,17,158,13,145,82,63
3,123,214,40,174,18,156,93,63
3,124,191,38,153,20,133,63,70
3,125,139,28,111,14,97,39,58
3,126,822,111,711,70,641,366,275
3,127,477,57,420,19,401,220,181
3,128,2042,278,1764,151,1613,1115,498
3,129,290,32,258,21,237,158,79
3,130,229,33,196,16,180,94,86
3,131,392,61,331,29,302,130,172
3,132,534,101,433,36,397,224,173
3,133,429,54,375,20,355,197,158
3,134,162,20,142,9,133,82,51
3,135,282,52,230,18,212,121,91
3,136,123,26,97,10,87,56,31
3,137,184,30,154,12,142,81,61
3,138,2229,400,1829,148,1681,912,769
3,139,310,62,248,39,209,100,109
3,140,891,103,788,56,732,473,259
3,141,202,20,182,16,166,56,110
3,142,247,45,202,17,185,87,98
3,143,104,28,76,9,67,39,28
3,144,198,25,173,9,164,75,89
3,145,599,91,508,40,468,309,159
3,146,124,23,101,3,98,53,45
3,147,150,21,129,6,123,58,65
3,148,278,55,223,6,217,91,126
3,149,380,40,340,13,327,184,143
3,150,198,17,181,18,163,103,60
3,151,155,27,128,10,118,75,43
3,152,227,51,176,15,161,98,63
3,153,211,33,178,14,164,105,59
3,154,228,40,188,22,166,87,79
3,155,1505,245,1260,91,1169,599,570
3,156,1218,154,1064,87,977,592,385
3,157,584,65,519,42,477,267,210
3,158,249,40,209,19,190,123,67
3,159,580,83,497,27,470,340,130
3,160,258,26,232,12,220,97,123
3,161,725,97,628,55,573,253,320
3,162,167,17,150,12,138,82,56
3,163,558,65,493,52,441,261,180
3,164,202,21,181,12,169,67,102
3,165,1089,172,917,81,836,429,407
3,166,243,19,224,24,200,112,88
3,167,248,36,212,17,195,89,106
3,168,644,85,559,42,517,256,261
3,169,228,26,202,16,186,91,95
3,170,118,18,100,2,98,58,40
3,171,194,33,161,16,145,91,54
3,172,127,23,104,10,94,56,38
3,173,926,143,783,63,720,393,327
3,174,699,69,630,53,577,284,293
3,175,240,34,206,21,185,90,95
3,176,420,68,352,31,321,170,151
3,177,251,48,203,5,198,122,76
3,178,258,38,220,14,206,117,89
3,179,289,42,247,16,231,103,128
3,180,489,57,432,30,402,235,167
3,181,273,44,229,16,213,143,70
3,182,203,26,177,12,165,72,93
3,183,338,58,280,14,266,144,122
3,184,404,53,351,35,316,169,147
3,185,26436,6907,19529,1240,18289,11130,7159
3,186,1028,169,859,67,792,463,329
3,187,372,73,299,32,267,169,98
3,188,196,40,156,7,149,81,68
3,189,579,98,481,35,446,279,167
3,190,13533,3505,10028,544,9484,5417,4067
3,191,214,36,178,18,160,100,60
3,192,91,17,74,3,71,48,23
3,193,128,11,117,10,107,67,40
3,194,108,20,88,6,82,43,39
3,195,2042,306,1736,130,1606,852,754
3,196,208,32,176,10,166,91,75
3,197,1149,162,987,78,909,527,382
3,198,129,16,113,13,100,55,45
3,200,1258,145,1113,71,1042,595,447
3,201,243,39,204,13,191,93,98
3,202,468,90,378,16,362,213,149
3,203,313,47,266,23,243,138,105
3,204,479,64,415,34,381,187,194
3,205,366,71,295,17,278,170,108
3,206,153,14,139,7,132,77,55
3,207,398,65,333,32,301,200,101
3,208,291,60,231,18,213,123,90
3,209,124,16,108,15,93,56,37
3,210,333,44,289,24,265,157,108
3,211,1870,288,1582,87,1495,907,588
3,212,1075,156,919,67,852,481,371
3,213,211,31,180,9,171,88,83
3,214,226,31,195,17,178,109,69
3,215,460,62,398,27,371,192,179
3,216,160,20,140,10,130,72,58
3,217,619,101,518,46,472,281,191
3,218,235,31,204,21,183,78,105
3,219,191,40,151,8,143,70,73
3,220,503,54,449,32,417,200,217
3,221,550,75,475,39,436,196,240
3,222,70,4,66,3,63,39,24
3,223,363,42,321,20,301,154,147
3,224,320,52,268,25,243,129,114
3,225,374,66,308,25,283,144,139
3,226,201,28,173,16,157,92,65
3,227,279,35,244,21,223,94,129
3,228,50,2,48,2,46,13,33
3,229,498,102,396,33,363,204,159
3,230,358,38,320,23,297,176,121
3,231,180,22,158,12,146,65,81
3,232,246,33,213,16,197,132,65
3,233,269,53,216,22,194,117,77
3,234,326,54,272,15,257,139,118
3,235,720,120,600,56,544,294,250
3,236,2580,424,2156,175,1981,1185,796
3,237,343,48,295,29,266,152,114
3,238,398,73,325,22,303,197,106
3,239,230,28,202,11,191,125,66
3,240,514,83,431,29,402,236,166
3,241,284,36,248,15,233,138,95
3,242,469,59,410,38,372,223,149
3,243,128,6,122,7,115,49,66
3,244,152,19,133,9,124,47,77
3,245,113,14,99,2,97,41,56
3,246,462,76,386,31,355,202,153
3,247,770,116,654,49,605,412,193
3,248,169,24,145,9,136,77,59
3,249,163,27,136,7,129,80,49
3,250,306,43,263,19,244,137,107
3,251,287,26,261,18,243,138,105
3,252,450,68,382,23,359,174,185
3,253,338,56,282,28,254,137,117
3,254,3794,786,3008,205,2803,1496,1307
3,255,126,16,110,8,102,53,49
3,256,185,24,161,12,149,70,79
3,257,630,89,541,56,485,261,224
3,258,1302,218,1084,87,997,472,525
3,259,294,62,232,19,213,141,72
3,260,174,22,152,10,142,87,55
3,261,162,20,142,7,135,71,64
3,262,1617,172,1445,98,1347,781,566
3,263,145,37,108,14,94,51,43
3,264,2104,365,1739,144,1595,1032,563
3,265,605,107,498,39,459,246,213
3,266,187,25,162,20,142,84,58
3,267,532,58,474,25,449,234,215
3,268,282,41,241,23,218,113,105
3,269,82,13,69,4,65,25,40
3,270,126,9,117,10,107,48,59
3,271,592,63,529,37,492,249,243
3,272,208,32,176,13,163,102,61
3,273,393,47,346,42,304,184,120
3,274,251,47,204,12,192,117,75
3,275,1427,222,1205,70,1135,644,491
3,276,94,6,88,7,81,46,35
3,277,222,31,191,12,179,93,86
3,278,184,19,165,6,159,62,97
3,279,427,38,389,30,359,206,153
3,280,184,22,162,15,147,95,52
3,281,325,38,287,24,263,134,129
3,282,317,29,288,17,271,175,96
3,283,839,144,695,44,651,383,268
3,284,257,38,219,25,194,117,77
3,285,151,14,137,9,128,62,66
3,286,895,106,789,48,741,388,353
3,287,307,48,259,14,245,138,107
3,288,409,90,319,21,298,184,114
3,289,392,46,346,34,312,155,157
3,290,1193,125,1068,72,996,630,366
3,291,318,52,266,18,248,119,129
3,292,682,102,580,32,548,393,155
3,293,230,29,201,16,185,99,86
3,294,143,18,125,9,116,64,52
3,295,69,12,57,5,52,31,21
3,296,308,42,266,21,245,140,105
3,297,1266,179,1087,81,1006,619,387
3,298,2755,485,2270,173,2097,1212,885
3,299,195,24,171,15,156,84,72
3,300,419,51,368,28,340,227,113
3,301,793,104,689,56,633,430,203
3,302,53,7,46,3,43,15,28
3,303,180,23,157,10,147,89,58
3,304,1810,253,1557,114,1443,665,778
3,305,436,46,390,28,362,236,126
3,306,1399,163,1236,95,1141,603,538
3,307,211,30,181,7,174,113,61
3,308,130,17,113,12,101,63,38
3,309,425,88,337,26,311,180,131
3,310,17607,4078,13529,794,12735,5704,7031
3,311,289,39,250,23,227,121,106
3,312,205,25,180,9,171,119,52
3,313,221,28,193,14,179,91,88
3,314,933,119,814,56,758,428,330
3,315,960,146,814,60,754,439,315
3,316,709,112,597,49,548,309,239
3,317,267,43,224,16,208,119,89
3,318,101,11,90,8,82,38,44
3,319,353,52,301,20,281,136,145
3,320,617,77,540,38,502,329,173
3,321,9494,1509,7985,476,7509,4783,2726
4,1,862,103,759,50,709,386,323
4,4,394,66,328,15,313,168,145
4,5,97,8,89,9,80,48,32
4,6,573,88,485,25,460,170,290
4,7,68,12,56,7,49,28,21
4,8,879,119,760,60,700,309,391
4,9,38,4,34,1,33,14,19
4,12,86,11,75,9,66,46,20
4,13,420,46,374,21,353,196,157
4,16,67,7,60,3,57,29,28
4,17,98,10,88,5,83,60,23
4,18,759,99,660,39,621,337,284
4,19,1911,381,1530,87,1443,601,842
4,20,138,26,112,7,105,64,41
4,21,116,18,98,9,89,55,34
4,22,380,68,312,24,288,135,153
4,23,212,31,181,13,168,100,68
4,24,135,17,118,4,114,74,40
4,25,361,54,307,20,287,153,134
4,26,135,13,122,14,108,64,44
4,27,166,16,150,10,140,63,77
4,28,116,11,105,6,99,67,32
4,30,74,9,65,6,59,45,14
4,31,441,53,388,24,364,207,157
4,32,164,15,149,3,146,76,70
4,33,294,28,266,12,254,144,110
4,34,663,116,547,41,506,272,234
4,35,181,33,148,9,139,73,66
4,36,826,101,725,53,672,403,269
4,37,75,15,60,6,54,24,30
4,39,1156,169,987,42,945,460,485
4,40,74,15,59,6,53,30,23
4,41,208,30,178,23,155,74,81
4,42,143,20,123,7,116,65,51
4,43,95,15,80,4,76,39,37
4,45,1102,225,877,40,837,388,449
4,46,562,87,475,23,452,259,193
4,47,571,82,489,32,457,218,239
4,49,3906,700,3206,212,2994,1770,1224
4,50,30,4,26,1,25,14,11
4,51,73,10,63,2,61,27,34
4,53,398,53,345,23,322,145,177
4,54,75,11,64,2,62,29,33
4,55,142,17,125,8,117,73,44
4,57,171,23,148,10,138,81,57
4,58,188,28,160,18,142,77,65
4,59,185,32,153,12,141,80,61
4,61,352,47,305,14,291,125,166
4,62,165,25,140,11,129,55,74
4,63,824,97,727,46,681,291,390
4,65,541,76,465,37,428,209,219
4,66,362,45,317,25,292,93,199
4,67,51,8,43,3,40,25,15
4,68,628,62,566,28,538,268,270
4,69,96,15,81,4,77,33,44
4,70,11939,2344,9595,632,8963,4862,4101
4,72,83,11,72,5,67,38,29
4,73,451,71,380,19,361,124,237
4,74,102,10,92,8,84,44,40
4,75,282,30,252,19,233,125,108
4,76,679,100,579,47,532,214,318
4,77,125,19,106,9,97,61,36
4,79,963,127,836,63,773,449,324
4,81,361,50,311,22,289,132,157
4,84,429,63,366,14,352,220,132
4,85,50,8,42,6,36,16,20
4,86,251,32,219,13,206,86,120
4,87,130,14,116,6,110,62,48
4,88,3496,558,2938,131,2807,1522,1285
4,90,224,27,197,11,186,100,86
4,91,87,14,73,6,67,19,48
4,92,91,9,82,7,75,29,46
4,93,57,6,51,2,49,26,23
4,94,2253,349,1904,125,1779,770,1009
4,95,99,6,93,4,89,61,28
4,96,804,122,682,40,642,292,350
4,97,292,46,246,18,228,131,97
4,99,108,11,97,10,87,45,42
4,100,71,20,51,4,47,17,30
4,101,114,18,96,4,92,64,28
4,102,241,44,197,16,181,72,109
4,104,195,32,163,7,156,111,45
4,106,293,40,253,22,231,123,108
4,107,20,5,15,1,14,11,3
4,108,1227,181,1046,77,969,522,447
4,109,235,31,204,11,193,102,91
4,110,755,104,651,48,603,345,258
4,111,1071,216,855,44,811,425,386
4,112,15335,3179,12156,665,11491,5722,5769
4,113,369,35,334,18,316,155,161
4,115,174,31,143,5,138,52,86
4,116,2477,483,1994,135,1859,984,875
4,118,122,14,108,3,105,51,54
4,120,64,12,52,8,44,10,34
4,121,488,50,438,37,401,232,169
4,122,398,48,350,27,323,192,131
4,123,851,119,732,50,682,334,348
4,124,395,68,327,30,297,148,149
4,126,425,67,358,16,342,119,223
4,127,269,33,236,19,217,123,94
4,128,167,28,139,13,126,60,66
4,129,49,7,42,4,38,29,9
4,130,138,14,124,8,116,64,52
4,132,119,12,107,12,95,47,48
4,133,199,37,162,11,151,77,74
4,134,393,37,356,35,321,164,157
4,135,580,90,490,30,460,205,255
4,136,270,47,223,24,199,96,103
4,137,45,8,37,4,33,21,12
4,138,206,19,187,16,171,94,77
4,139,385,57,328,18,310,156,154
4,140,116,15,101,11,90,39,51
4,141,303,38,265,23,242,137,105
4,142,73,10,63,4,59,40,19
4,143,4031,664,3367,258,3109,1438,1671
4,144,298,53,245,20,225,144,81
4,145,1023,147,876,71,805,399,406
4,148,266,36,230,21,209,115,94
4,149,2024,307,1717,121,1596,823,773
4,150,109,15,94,2,92,42,50
4,151,416,34,382,26,356,215,141
4,152,3162,533,2629,143,2486,1043,1443
4,154,87,12,75,6,69,27,42
4,155,250,29,221,15,206,98,108
4,156,249,21,228,14,214,99,115
4,157,556,96,460,31,429,200,229
4,158,381,53,328,20,308,162,146
4,159,93,13,80,3,77,20,57
4,160,1185,145,1040,41,999,533,466
4,161,320,60,260,10,250,137,113
4,162,238,42,196,15,181,133,48
4,163,420,58,362,17,345,167,178
4,164,85,25,60,4,56,20,36
4,166,1411,214,1197,86,1111,556,555
4,167,295,43,252,26,226,107,119
4,169,91,10,81,4,77,33,44
4,170,69,18,51,7,44,28,16
4,171,121,12,109,8,101,61,40
4,172,568,109,459,30,429,207,222
4,173,693,76,617,50,567,255,312
4,174,177,30,147,16,131,74,57
4,175,68,14,54,3,51,23,28
4,176,131,16,115,8,107,32,75
4,177,38,1,37,4,33,16,17
4,178,1002,121,881,41,840,435,405
4,179,100,16,84,6,78,47,31
4,180,57,5,52,9,43,30,13
4,181,66,7,59,5,54,24,30
4,182,148,11,137,7,130,68,62
4,183,151,21,130,5,125,65,60
4,184,151,22,129,7,122,76,46
4,186,97,12,85,7,78,42,36
4,187,65,5,60,6,54,26,28
4,188,579,74,505,38,467,250,217
4,189,485,76,409,28,381,210,171
4,190,87,17,70,3,67,39,28
4,191,32,7,25,2,23,7,16
4,192,936,155,781,43,738,431,307
4,193,248,33,215,5,210,114,96
4,194,123,19,104,4,100,41,59
4,195,541,79,462,29,433,196,237
4,197,2444,390,2054,143,1911,1141,770
4,198,276,31,245,22,223,123,100
4,199,190,29,161,9,152,73,79
4,200,450,54,396,25,371,213,158
4,201,116,20,96,12,84,39,45
4,202,119,10,109,8,101,53,48
4,203,422,70,352,27,325,169,156
4,204,179,24,155,9,146,68,78
4,205,1193,187,1006,69,937,481,456
4,206,341,62,279,18,261,151,110
4,207,69,8,61,2,59,24,35
4,208,529,66,463,18,445,246,199
4,209,5464,922,4542,305,4237,2170,2067
4,210,159,19,140,7,133,65,68
4,211,134,10,124,9,115,59,56
4,214,146,22,124,8,116,53,63
4,216,191,21,170,10,160,76,84
4,217,519,74,445,36,409,262,147
4,218,227,27,200,5,195,93,102
4,219,258,63,195,9,186,76,110
4,220,333,60,273,32,241,101,140
4,222,240,26,214,15,199,104,95
4,224,121,17,104,10,94,55,39
4,226,602,107,495,24,471,173,298
4,227,235,29,206,13,193,115,78
4,228,53,5,48,4,44,28,16
4,229,200,29,171,11,160,107,53
4,230,2305,377,1928,136,1792,860,932
4,231,208,24,184,13,171,83,88
4,233,232,29,203,12,191,119,72
4,234,192,24,168,12,156,80,76
4,235,64,6,58,1,57,38,19
4,236,149,21,128,11,117,50,67
4,237,172,16,156,5,151,93,58
4,240,252,30,222,11,211,92,119
4,241,139,17,122,2,120,68,52
4,242,2876,538,2338,162,2176,1031,1145
4,244,1244,154,1090,49,1041,553,488
4,245,2314,380,1934,138,1796,895,901
5,1,312,32,280,12,268,169,99
5,2,268,50,218,9,209,92,117
5,3,293,30,263,12,251,116,135
5,4,802,114,688,41,647,266,381
5,5,122,5,117,11,106,60,46
5,6,1628,273,1355,70,1285,778,507
5,7,334,36,298,17,281,126,155
5,8,289,46,243,12,231,121,110
5,9,132,15,117,9,108,48,60
5,10,674,117,557,47,510,246,264
5,11,305,46,259,16,243,98,145
5,12,382,34,348,21,327,153,174
5,13,120,15,105,6,99,76,23
5,14,174,26,148,148,0,0,0
5,16,177,24,153,8,145,77,68
5,17,1671,184,1487,137,1350,680,670
5,18,280,31,249,19,230,103,127
5,19,173,15,158,16,142,96,46
5,20,251,27,224,8,216,97,119
5,21,125,16,109,10,99,40,59
5,22,163,25,138,10,128,70,58
5,23,8021,1695,6326,437,5889,3277,2612
5,24,87,7,80,8,72,29,43
5,25,156,25,131,9,122,61,61
5,26,278,42,236,8,228,67,161
5,27,157,36,121,10,111,61,50
5,28,135,13,122,4,118,61,57
5,29,661,64,597,29,568,246,322
5,31,192,40,152,11,141,82,59
5,32,145,21,124,8,116,79,37
5,33,49,5,44,3,41,24,17
5,34,260,32,228,28,200,122,78
5,35,34,6,28,1,27,17,10
5,36,890,108,782,58,724,373,351
5,37,370,37,333,32,301,117,184
5,38,285,37,248,18,230,116,114
5,39,352,55,297,23,274,131,143
5,40,2083,283,1800,126,1674,811,863
5,42,60,5,55,1,54,34,20
5,43,155,18,137,6,131,78,53
5,44,140,14,126,6,120,44,76
5,45,739,109,630,34,596,305,291
5,46,4981,970,4011,236,3775,1948,1827
5,47,85,14,71,3,68,61,7
5,48,184,16,168,12,156,108,48
5,49,49,4,45,4,41,22,19
5,50,510,90,420,20,400,207,193
5,51,32,3,29,3,26,22,4
5,52,558,60,498,19,479,210,269
5,53,233,44,189,18,171,97,74
5,54,295,50,245,20,225,112,113
5,55,310,38,272,34,238,160,78
5,56,223,32,191,14,177,76,101
5,57,175,16,159,5,154,65,89
5,58,183,34,149,9,140,77,63
5,59,489,42,447,27,420,181,239
5,60,153,25,128,11,117,86,31
5,61,28198,5475,22723,1363,21360,10880,10480
5,62,184,25,159,15,144,58,86
5,63,462,77,385,10,375,134,241
5,64,134,13,121,7,114,53,61
5,65,1764,314,1450,68,1382,638,744
5,66,17,4,13,1,12,10,2
5,67,30,5,25,3,22,14,8
5,68,333,42,291,19,272,109,163
5,69,223,25,198,24,174,101,73
5,70,2607,389,2218,124,2094,1090,1004
5,71,266,31,235,21,214,104,110
5,72,214,31,183,16,167,101,66
5,73,282,32,250,33,217,102,115
5,74,156,23,133,10,123,37,86
5,75,368,43,325,27,298,151,147
5,76,81,12,69,10,59,32,27
5,77,323,58,265,15,250,106,144
5,78,223,28,195,22,173,50,123
5,79,996,167,829,44,785,363,422
5,80,76,9,67,6,61,46,15
5,81,43,12,31,3,28,25,3
5,82,116,20,96,1,95,58,37
5,84,395,54,341,16,325,148,177
5,85,395,58,337,14,323,135,188
5,86,99,14,85,7,78,35,43
5,87,445,60,385,34,351,198,153
5,88,92,19,73,10,63,25,38
5,89,52,3,49,4,45,25,20
5,90,196,31,165,11,154,85,69
5,91,52,3,49,1,48,29,19
5,92,602,65,537,25,512,219,293
5,93,333,49,284,16,268,165,103
5,94,14,0,14,0,14,5,9
5,95,236,30,206,18,188,95,93
5,96,681,106,575,27,548,194,354
5,97,303,29,274,18,256,165,91
5,98,440,80,360,16,344,122,222
5,99,82,6,76,9,67,43,24
5,100,527,84,443,19,424,187,237
5,101,430,70,360,27,333,186,147
5,102,98,16,82,11,71,48,23
5,103,535,55,480,49,431,220,211
5,104,288,35,253,21,232,125,107
5,106,248,28,220,18,202,72,130
5,107,368,65,303,16,287,186,101
5,108,140,24,116,10,106,64,42
5,109,449,63,386,12,374,214,160
5,110,289,70,219,8,211,115,96
5,111,186,14,172,9,163,110,53
5,112,102,10,92,2,90,67,23
5,113,317,38,279,30,249,138,111
5,114,273,40,233,13,220,124,96
5,115,371,60,311,22,289,160,129
5,116,178,27,151,8,143,89,54
5,117,104,15,89,6,83,45,38
5,118,641,95,546,40,506,274,232
5,119,676,81,595,38,557,230,327
5,120,84,12,72,5,67,42,25
5,121,153,15,138,11,127,76,51
5,122,649,128,521,36,485,302,183
5,123,1104,146,958,79,879,448,431
5,124,381,55,326,19,307,145,162
5,126,379,45,334,15,319,163,156
5,127,127,17,110,3,107,49,58
5,128,530,69,461,26,435,208,227
5,129,176,16,160,9,151,82,69
5,130,117,14,103,7,96,53,43
5,131,67,11,56,5,51,38,13
5,132,1326,167,1159,70,1089,548,541
5,133,1277,192,1085,62,1023,432,591
5,134,242,30,212,13,199,100,99
5,135,60,9,51,6,45,33,12
5,136,572,97,475,32,443,213,230
5,138,137,23,114,4,110,58,52
5,139,427,93,334,14,320,113,207
5,140,238,25,213,19,194,59,135
5,141,154,16,138,6,132,58,74
5,142,456,70,386,18,368,200,168
5,143,56,11,45,0,45,23,22
5,144,162,15,147,13,134,84,50
5,145,748,119,629,39,590,244,346
5,146,117,25,92,12,80,43,37
5,147,292,29,263,12,251,102,149
5,148,414,54,360,20,340,128,212
5,149,240,35,205,11,194,95,99
5,150,34,1,33,5,28,18,10
5,151,903,137,766,45,721,465,256
5,152,159,23,136,13,123,62,61
5,153,312,61,251,17,234,87,147
5,154,170,25,145,12,133,68,65
5,155,37,5,32,3,29,20,9
5,156,346,49,297,19,278,129,149
5,157,227,28,199,8,191,58,133
5,158,114,12,102,7,95,56,39
5,159,69,9,60,3,57,26,31
5,160,85,19,66,6,60,34,26
5,161,892,150,742,45,697,269,428
5,162,849,145,704,58,646,271,375
5,163,116,14,102,9,93,32,61
5,164,810,112,698,48,650,294,356
5,165,214,32,182,17,165,91,74
5,166,968,135,833,49,784,412,372
5,167,84,8,76,1,75,46,29
5,168,559,92,467,22,445,275,170
5,169,49,1,48,2,46,19,27
5,170,1470,208,1262,87,1175,532,643
5,171,184,11,173,13,160,61,99
5,172,300,44,256,14,242,140,102
5,173,344,40,304,18,286,141,145
5,174,429,67,362,20,342,212,130
5,175,690,95,595,33,562,331,231
5,176,190,21,169,15,154,90,64
5,177,582,114,468,17,451,128,323
5,178,417,55,362,32,330,188,142
5,179,2426,333,2093,133,1960,1256,704
5,180,395,65,330,20,310,195,115
5,181,257,35,222,222,0,0,0
5,182,56,6,50,2,48,12,36
5,183,1177,186,991,68,923,524,399
5,184,159,11,148,15,133,71,62
6,1,116,17,99,10,89,28,61
6,2,57,9,48,4,44,24,20
6,3,479,85,394,34,360,110,250
6,4,51651,9972,41679,1977,39702,13026,26676
6,5,249,31,218,10,208,95,113
6,6,1841,327,1514,90,1424,478,946
6,7,2183,310,1873,87,1786,557,1229
6,8,45,5,40,3,37,15,22
6,9,102,16,86,6,80,34,46
6,10,2144,414,1730,90,1640,734,906
6,11,2787,480,2307,102,2205,590,1615
6,12,7996,2487,5509,225,5284,1636,3648
6,13,757,134,623,33,590,276,314
6,14,711,132,579,53,526,236,290
6,15,1072,225,847,47,800,299,501
6,16,532,84,448,31,417,139,278
6,17,225,35,190,21,169,52,117
6,18,6521,939,5582,248,5334,1912,3422
6,19,1314,183,1131,82,1049,332,717
6,20,571,99,472,29,443,180,263
6,21,668,90,578,35,543,219,324
6,22,439,66,373,16,357,127,230
6,23,1979,387,1592,117,1475,732,743
6,24,214,35,179,4,175,108,67
6,25,1004,189,815,63,752,347,405
6,26,1212,166,1046,55,991,348,643
6,27,33809,6845,26964,1283,25681,8141,17540
6,28,351,59,292,25,267,96,171
6,29,50743,10688,40055,1689,38366,11971,26395
6,30,29366,6301,23065,1008,22057,7242,14815
6,31,1126,178,948,66,882,391,491
6,32,3149,596,2553,130,2423,790,1633
6,33,8232,1754,6478,372,6106,2658,3448
6,34,1272,154,1118,67,1051,328,723
6,35,729,118,611,33,578,158,420
6,36,279,59,220,12,208,72,136
6,37,288,47,241,7,234,70,164
6,38,2141,331,1810,90,1720,514,1206
6,39,688,81,607,40,567,170,397
6,40,96,18,78,8,70,27,43
6,41,301,51,250,16,234,91,143
6,42,658,120,538,34,504,189,315
6,43,698,114,584,42,542,269,273
6,44,5888,973,4915,194,4721,1521,3200
6,45,114,17,97,6,91,41,50
6,46,2418,343,2075,101,1974,643,1331
6,47,102,12,90,4,86,32,54
6,48,5448,918,4530,285,4245,1708,2537
6,49,102,9,93,14,79,35,44
6,50,387,53,334,20,314,123,191
6,51,145,16,129,2,127,58,69
6,52,154,24,130,11,119,62,57
6,53,158,19,139,13,126,51,75
6,54,3101,660,2441,140,2301,1043,1258
6,55,139,21,118,15,103,60,43
6,56,204,49,155,7,148,85,63
6,57,1924,371,1553,99,1454,577,877
6,58,427,77,350,44,306,155,151
6,59,2021,353,1668,76,1592,398,1194
6,60,1633,208,1425,48,1377,385,992
6,61,109,9,100,7,93,37,56
6,62,401,67,334,22,312,146,166
6,63,92,15,77,3,74,51,23
6,64,3099,512,2587,126,2461,837,1624
6,65,5073,642,4431,216,4215,1380,2835
6,66,1134,199,935,57,878,365,513
6,67,958,160,798,34,764,221,543
6,68,328,33,295,11,284,118,166
6,69,30975,6739,24236,1239,22997,9346,13651
6,70,500,81,419,27,392,164,228
6,71,653,132,521,31,490,213,277
6,72,138,21,117,13,104,45,59
6,73,800,171,629,22,607,208,399
6,74,1342,179,1163,101,1062,469,593
6,75,3866,668,3198,211,2987,1065,1922
6,76,35,5,30,3,27,15,12
6,77,1061,178,883,63,820,362,458
6,78,244,42,202,13,189,74,115
6,79,16625,2602,14023,746,13277,3785,9492
6,80,129,23,106,4,102,28,74
6,81,133,20,113,6,107,45,62
6,82,188,29,159,14,145,34,111
6,83,20477,3884,16593,957,15636,5376,10260
6,84,7850,1272,6578,284,6294,2435,3859
6,85,13450,2583,10867,494,10373,2772,7601
6,86,297,43,254,20,234,120,114
6,87,36,12,24,1,23,11,12
6,88,214499,45239,169260,8146,161114,63884,97230
6,89,1575,196,1379,69,1310,395,915
6,90,5177,856,4321,241,4080,1324,2756
6,91,1801,391,1410,77,1333,523,810
6,92,1064,155,909,55,854,319,535
6,93,262,44,218,17,201,97,104
6,94,844,123,721,46,675,249,426
6,95,5982,967,5015,260,4755,1608,3147
6,96,94,11,83,5,78,29,49
6,97,318,60,258,12,246,120,126
6,98,105,15,90,5,85,39,46
6,99,1326,202,1124,86,1038,483,555
6,100,168,39,129,6,123,43,80
6,101,259,60,199,20,179,84,95
6,102,126,25,101,8,93,43,50
6,103,1564,236,1328,110,1218,538,680
6,104,8807,1772,7035,336,6699,1860,4839
6,105,4791,692,4099,166,3933,1052,2881
6,106,424,73,351,28,323,142,181
6,107,92,14,78,4,74,27,47
6,108,3830,579,3251,153,3098,970,2128
6,109,694,92,602,36,566,286,280
6,110,157,22,135,11,124,56,68
6,111,209,48,161,7,154,70,84
6,112,2758,381,2377,101,2276,778,1498
6,113,919,120,799,51,748,210,538
6,114,3532,729,2803,189,2614,941,1673
6,115,109,18,91,15,76,53,23
6,116,271,56,215,20,195,98,97
6,117,708,99,609,56,553,208,345
6,118,2861,382,2479,144,2335,827,1508
6,119,148,29,119,7,112,27,85
6,120,1440,224,1216,80,1136,349,787
6,121,1535,373,1162,39,1123,225,898
6,122,3105,522,2583,136,2447,1012,1435
6,123,22385,4310,18075,1065,17010,5351,11659
6,124,106,18,88,4,84,35,49
6,125,199,38,161,7,154,63,91
6,126,1779,255,1524,78,1446,625,821
6,127,1440,189,1251,79,1172,379,793
6,128,2616,434,2182,91,2091,516,1575
6,129,365,30,335,18,317,148,169
6,130,2453,440,2013,123,1890,658,1232
6,131,60,14,46,4,42,27,15
6,132,451,87,364,12,352,282,70
6,133,144,25,119,2,117,56,61
6,134,399,69,330,16,314,116,198
6,135,229,32,197,16,181,71,110
6,136,2871,559,2312,150,2162,907,1255
6,137,1055,176,879,45,834,264,570
6,138,1268,253,1015,40,975,205,770
6,139,119,15,104,6,98,49,49
6,140,2438,364,2074,115,1959,640,1319
6,141,320,76,244,25,219,99,120
6,142,246,27,219,18,201,114,87
6,143,492,70,422,23,399,137,262
6,144,610,124,486,43,443,206,237
6,145,181,34,147,5,142,71,71
6,146,153,31,122,7,115,22,93
6,147,3482,517,2965,177,2788,828,1960
6,148,3135,462,2673,105,2568,871,1697
6,149,7034,1385,5649,338,5311,2149,3162
6,150,2443,435,2008,92,1916,396,1520
6,151,905,192,713,48,665,260,405
6,152,7928,1453,6475,328,6147,2766,3381
6,153,1029,166,863,42,821,337,484
6,154,358,55,303,25,278,85,193
6,155,18173,4111,14062,609,13453,4927,8526
6,156,260,30,230,9,221,81,140
6,157,12989,2402,10587,521,10066,3500,6566
6,158,676,104,572,29,543,263,280
6,159,4164,798,3366,151,3215,861,2354
6,160,148,27,121,5,116,45,71
6,161,11382,2292,9090,554,8536,2507,6029
6,162,782,148,634,31,603,217,386
6,163,1519,288,1231,71,1160,504,656
7,1,367,37,330,19,311,135,176
7,2,398,40,358,22,336,216,120
7,3,177,24,153,14,139,106,33
7,4,95,11,84,5,79,55,24
7,5,1068,150,918,58,860,516,344
7,6,142,25,117,9,108,69,39
7,7,683,81,602,32,570,297,273
7,8,1014,126,888,64,824,467,357
7,9,730,116,614,52,562,321,241
7,10,11553,2892,8661,524,8137,4736,3401
7,11,463,74,389,17,372,268,104
7,12,325,38,287,19,268,154,114
7,13,790,114,676,64,612,328,284
7,14,314,37,277,15,262,105,157
7,15,343,46,297,15,282,177,105
7,16,343,57,286,23,263,150,113
7,17,527,73,454,19,435,306,129
7,18,61,16,45,4,41,23,18
7,19,8130,1820,6310,361,5949,3177,2772
7,20,350,50,300,29,271,156,115
7,22,690,86,604,49,555,305,250
7,23,289,31,258,10,248,136,112
7,24,596,74,522,37,485,293,192
7,25,210,48,162,10,152,91,61
7,26,305,50,255,19,236,89,147
7,27,1200,192,1008,76,932,554,378
7,28,411,62,349,21,328,178,150
7,29,214,20,194,1,193,150,43
7,30,212,21,191,29,162,119,43
7,31,574,92,482,33,449,267,182
7,32,127,6,121,4,117,84,33
7,33,166,30,136,9,127,49,78
7,34,174,21,153,15,138,78,60
7,35,521,72,449,25,424,241,183
7,36,302,26,276,29,247,124,123
7,37,186,29,157,6,151,77,74
7,38,44,0,44,3,41,14,27
7,39,207,30,177,7,170,62,108
7,40,220,22,198,21,177,76,101
7,41,1653,276,1377,113,1264,553,711
7,42,5447,1145,4302,298,4004,1845,2159
7,44,173,28,145,6,139,75,64
7,45,457,111,346,20,326,173,153
7,47,82,7,75,8,67,34,33
7,48,299,48,251,8,243,134,109
7,49,71,11,60,8,52,23,29
7,50,534,78,456,22,434,282,152
7,51,392,47,345,18,327,149,178
7,52,433,65,368,21,347,156,191
7,53,382,41,341,25,316,178,138
7,54,233,33,200,12,188,121,67
7,55,1846,265,1581,105,1476,727,749
7,56,543,90,453,31,422,217,205
7,58,686,90,596,41,555,313,242
7,59,168,21,147,11,136,61,75
7,60,182,20,162,6,156,99,57
7,61,299,45,254,15,239,92,147
7,62,104,24,80,7,73,44,29
7,63,237,30,207,21,186,102,84
7,64,2620,447,2173,156,2017,1015,1002
7,65,241,46,195,7,188,123,65
7,66,2315,372,1943,119,1824,1024,800
7,67,234,34,200,12,188,93,95
7,68,511,81,430,17,413,147,266
7,69,517,59,458,39,419,206,213
7,70,1746,189,1557,106,1451,656,795
7,71,635,71,564,38,526,205,321
7,72,1356,176,1180,82,1098,637,461
7,73,427,51,376,19,357,154,203
7,74,122,16,106,7,99,74,25
7,75,195,32,163,11,152,69,83
7,76,2151,414,1737,130,1607,1036,571
7,77,202,26,176,13,163,117,46
7,78,2381,388,1993,143,1850,877,973
7,79,929,122,807,50,757,497,260
7,80,256,35,221,12,209,150,59
7,81,82,18,64,2,62,42,20
7,82,219,30,189,16,173,102,71
7,83,355,59,296,17,279,171,108
7,84,717,86,631,42,589,295,294
7,85,431,63,368,16,352,148,204
7,86,542,46,496,39,457,257,200
7,87,300,33,267,9,258,185,73
7,88,93,13,80,1,79,48,31
7,89,1122,158,964,65,899,403,496
7,90,835,110,725,44,681,382,299
7,91,256,30,226,15,211,130,81
7,92,53,6,47,3,44,13,31
7,93,250,33,217,24,193,105,88
7,94,144,30,114,6,108,71,37
7,95,361,49,312,19,293,108,185
7,96,342,39,303,21,282,175,107
7,97,441,48,393,34,359,173,186
7,98,78,19,59,8,51,29,22
7,99,435,52,383,19,364,220,144
7,100,340,39,301,16,285,182,103
7,101,645,118,527,39,488,302,186
7,102,7894,980,6914,409,6505,3075,3430
7,103,124,11,113,10,103,59,44
7,104,115,26,89,8,81,57,24
7,105,146,16,130,15,115,65,50
7,106,158,24,134,23,111,49,62
7,107,952,168,784,51,733,480,253
7,108,106,10,96,7,89,51,38
7,109,274,36,238,17,221,160,61
7,110,1245,265,980,51,929,499,430
7,111,155,33,122,13,109,65,44
7,112,220,38,182,12,170,107,63
7,113,174,25,149,10,139,86,53
7,114,203,25,178,10,168,76,92
7,115,579,97,482,27,455,246,209
7,116,1084,217,867,49,818,436,382
7,117,1520,211,1309,92,1217,630,587
7,118,117,19,98,9,89,68,21
7,119,226,29,197,11,186,64,122
7,120,71,12,59,3,56,26,30
7,121,233,36,197,9,188,82,106
7,122,1087,178,909,75,834,483,351
7,123,165,28,137,14,123,53,70
7,124,64,14,50,2,48,13,35
7,126,805,100,705,51,654,421,233
7,127,827,153,674,52,622,345,277
7,128,343,45,298,17,281,75,206
7,129,1958,271,1687,94,1593,823,770
7,130,194,37,157,11,146,43,103
7,131,315,40,275,27,248,158,90
7,132,1293,286,1007,56,951,558,393
7,133,111,15,96,8,88,59,29
7,134,691,83,608,30,578,290,288
7,135,35,5,30,2,28,8,20
7,136,104,10,94,3,91,42,49
7,137,80,9,71,4,67,33,34
7,138,1489,178,1311,115,1196,660,536
7,139,123,17,106,10,96,43,53
7,140,543,69,474,34,440,264,176
7,141,176,24,152,8,144,88,56
7,142,267,45,222,28,194,89,105
7,143,562,94,468,33,435,221,214
7,144,37,4,33,1,32,22,10
7,145,830,112,718,41,677,414,263
7,146,497,73,424,35,389,233,156
7,147,217,34,183,7,176,141,35
7,148,201,39,162,11,151,101,50
7,149,188,23,165,8,157,86,71
7,150,589,81,508,44,464,221,243
7,151,222,48,174,11,163,91,72
7,152,949,136,813,53,760,359,401
7,153,228,35,193,8,185,93,92
7,154,192,35,157,22,135,59,76
7,155,1019,150,869,51,818,508,310
7,156,695,96,599,36,563,342,221
7,157,1085,205,880,76,804,458,346
7,158,109,19,90,14,76,36,40
7,159,353,33,320,21,299,159,140
7,160,54,12,42,7,35,24,11
7,161,658,81,577,45,532,290,242
7,162,397,39,358,33,325,161,164
7,163,90,11,79,3,76,48,28
7,165,162,27,135,20,115,67,48
7,166,218,29,189,10,179,89,90
7,167,763,156,607,54,553,330,223
7,168,414,54,360,28,332,155,177
7,169,285,40,245,16,229,105,124
7,170,251,49,202,16,186,96,90
7,171,392,65,327,13,314,202,112
7,172,1571,291,1280,89,1191,499,692
7,173,56,10,46,5,41,21,20
7,174,334,46,288,20,268,149,119
7,175,57,15,42,1,41,17,24
7,176,106,22,84,10,74,41,33
7,177,605,93,512,33,479,166,313
7,178,435,74,361,20,341,213,128
7,179,152,27,125,3,122,72,50
7,181,1831,301,1530,124,1406,759,647
7,182,925,132,793,72,721,421,300
7,183,336,40,296,15,281,142,139
7,184,415,54,361,25,336,215,121
7,185,478,79,399,26,373,210,163
7,186,6172,1502,4670,293,4377,2551,1826
7,187,112,14,98,14,84,56,28
7,188,1121,139,982,105,877,461,416
7,189,217,20,197,12,185,105,80
7,190,178,21,157,10,147,87,60
7,191,1611,297,1314,110,1204,665,539
7,192,273,30,243,15,228,71,157
7,193,157,20,137,10,127,73,54
7,194,319,36,283,12,271,162,109
7,195,82,7,75,5,70,39,31
7,196,199,26,173,11,162,103,59
7,197,2088,274,1814,157,1657,817,840
7,198,747,100,647,47,600,329,271
7,199,983,152,831,59,772,444,328
7,200,85,7,78,2,76,39,37
7,201,1833,369,1464,125,1339,609,730
7,202,167,27,140,4,136,88,48
7,203,132,17,115,12,103,42,61
7,204,2087,377,1710,110,1600,938,662
7,205,1040,136,904,76,828,425,403
7,206,86,15,71,4,67,22,45
7,207,793,118,675,54,621,353,268
7,208,92,2,90,5,85,55,30
7,209,77,24,53,4,49,23,26
7,210,449,60,389,22,367,247,120
7,211,380,41,339,28,311,190,121
7,212,202,32,170,14,156,56,100
7,213,135,19,116,4,112,75,37
7,214,147,23,124,6,118,73,45
7,215,190,24,166,15,151,75,76
7,216,421,47,374,20,354,173,181
7,217,632,89,543,45,498,206,292
7,218,295,33,262,16,246,137,109
7,219,217,37,180,16,164,103,61
7,220,112,16,96,7,89,53,36
7,221,211,28,183,14,169,90,79
7,222,181,19,162,8,154,75,79
7,223,116,8,108,8,100,64,36
7,224,251,32,219,16,203,72,131
7,225,850,106,744,53,691,272,419
7,226,113,19,94,4,90,40,50
7,227,904,148,756,64,692,308,384
7,228,606,86,520,31,489,246,243
7,229,591,69,522,37,485,256,229
7,230,284,36,248,15,233,137,96
7,231,1841,228,1613,117,1496,776,720
7,232,320,53,267,15,252,101,151
7,233,181,25,156,8,148,90,58
7,234,181,25,156,8,148,60,88
7,235,210,33,177,6,171,60,111
7,236,889,114,775,51,724,302,422
7,237,540,85,455,35,420,246,174
7,238,234,37,197,20,177,118,59
7,239,96,16,80,5,75,45,30
7,240,1515,197,1318,94,1224,616,608
7,241,477,67,410,44,366,191,175
7,242,94,15,79,5,74,26,48
7,243,212,45,167,23,144,70,74
7,244,211,31,180,8,172,129,43
7,245,1951,229,1722,105,1617,793,824
7,247,470,65,405,19,386,226,160
7,248,221,26,195,16,179,104,75
7,249,110,22,88,10,78,38,40
7,250,330,40,290,29,261,149,112
7,251,150,33,117,6,111,71,40
7,252,171,26,145,5,140,64,76
7,253,177,23,154,3,151,84,67
7,254,667,78,589,41,548,335,213
7,255,982,195,787,66,721,417,304
7,256,292,52,240,15,225,110,115
7,257,94,5,89,5,84,58,26
7,258,226,34,192,18,174,66,108
7,259,1216,183,1033,81,952,420,532
7,260,662,91,571,51,520,261,259
7,261,1197,171,1026,72,954,497,457
7,262,138,14,124,13,111,59,52
7,263,119,26,93,3,90,59,31
7,264,1951,289,1662,139,1523,656,867
7,265,997,106,891,88,803,390,413
7,266,101,7,94,11,83,55,28
7,267,261,35,226,8,218,106,112
7,268,751,89,662,36,626,264,362
7,269,996,136,860,55,805,457,348
7,270,355,33,322,15,307,180,127
7,272,251,23,228,11,217,115,102
7,273,173,14,159,11,148,94,54
7,274,167,27,140,13,127,92,35
7,275,97,17,80,3,77,54,23
7,276,188,18,170,17,153,90,63
7,277,127,17,110,5,105,69,36
7,278,309,40,269,18,251,199,52
7,279,1386,189,1197,87,1110,563,547
7,280,761,112,649,45,604,358,246
7,281,5655,825,4830,296,4534,2134,2400
7,282,389,50,339,20,319,126,193
7,283,52,4,48,4,44,16,28
7,284,133,19,114,5,109,57,52
7,285,86,22,64,6,58,16,42
7,286,396,56,340,24,316,163,153
7,287,232,19,213,19,194,108,86
7,288,966,142,824,77,747,478,269
7,289,1309,221,1088,75,1013,574,439
7,290,210,20,190,14,176,97,79
7,291,745,118,627,34,593,291,302
7,292,786,107,679,79,600,300,300
7,293,547,63,484,37,447,219,228
7,294,433,54,379,20,359,162,197
7,295,937,140,797,61,736,424,312
7,296,1256,227,1029,61,968,542,426
7,297,364,52,312,11,301,110,191
7,298,614,85,529,40,489,295,194
7,299,140,24,116,13,103,57,46
7,300,335,36,299,23,276,151,125
7,301,741,106,635,53,582,276,306
7,302,647,99,548,43,505,313,192
7,303,208,30,178,12,166,116,50
7,304,524,76,448,33,415,271,144
7,305,282,36,246,19,227,142,85
7,306,191,15,176,6,170,77,93
7,307,378,57,321,19,302,179,123
7,308,1570,261,1309,87,1222,685,537
7,309,1223,186,1037,97,940,435,505
7,310,653,78,575,46,529,244,285
7,311,124,17,107,6,101,62,39
7,312,375,49,326,23,303,167,136
7,313,783,120,663,36,627,297,330
7,314,319,31,288,16,272,172,100
7,315,363,61,302,19,283,200,83
7,316,1658,236,1422,91,1331,619,712
7,317,770,107,663,54,609,275,334
7,318,165,32,133,2,131,62,69
7,319,5866,1240,4626,332,4294,2415,1879
7,321,169,21,148,13,135,67,68
7,322,929,139,790,57,733,348,385
7,323,1302,184,1118,60,1058,552,506
7,324,7381,1323,6058,345,5713,2929,2784
7,325,1436,170,1266,58,1208,574,634
7,326,125,13,112,12,100,44,56
7,327,327,53,274,17,257,134,123
7,328,391,48,343,15,328,200,128
7,329,291,36,255,15,240,147,93
7,330,1922,336,1586,116,1470,885,585
7,331,3121,616,2505,179,2326,1246,1080
7,332,382,42,340,11,329,177,152
7,333,702,95,607,52,555,291,264
7,334,2184,363,1821,87,1734,1023,711
7,335,169,24,145,9,136,64,72
7,336,188,25,163,13,150,96,54
7,337,1746,243,1503,128,1375,679,696
7,338,1375,171,1204,67,1137,600,537
7,339,1257,139,1118,89,1029,563,466
7,340,1339,189,1150,87,1063,649,414
7,341,1815,287,1528,100,1428,814,614
7,342,921,123,798,67,731,364,367
7,343,997,147,850,55,795,486,309
7,344,277,26,251,18,233,125,108
7,345,703,107,596,36,560,332,228
7,346,2800,499,2301,171,2130,1142,988
7,347,517,107,410,37,373,195,178
7,348,680,70,610,44,566,318,248
7,349,3652,865,2787,228,2559,1554,1005
8,1,338,41,297,20,277,119,158
8,3,1320,196,1124,77,1047,520,527
8,4,144,14,130,9,121,49,72
8,5,79,6,73,6,67,11,56
8,6,190,26,164,8,156,71,85
8,7,64,15,49,7,42,19,23
8,8,483,80,403,33,370,198,172
8,9,152,29,123,10,113,56,57
8,10,120,19,101,2,99,43,56
8,11,177,40,137,23,114,62,52
8,13,320,45,275,20,255,147,108
8,14,96,9,87,12,75,25,50
8,15,101,10,91,5,86,30,56
8,16,168,26,142,8,134,63,71
8,17,106,12,94,9,85,34,51
8,18,66,8,58,5,53,14,39
8,19,47,5,42,2,40,18,22
8,20,51,11,40,0,40,15,25
8,21,140,27,113,7,106,44,62
8,22,261,28,233,20,213,107,106
8,23,56,6,50,7,43,13,30
8,24,786,134,652,35,617,256,361
8,25,821,185,636,47,589,283,306
8,26,230,49,181,17,164,62,102
8,27,93,16,77,7,70,32,38
8,28,633,109,524,32,492,346,146
8,29,55,3,52,2,50,12,38
8,30,65,9,56,1,55,20,35
8,31,42,3,39,1,38,6,32
8,32,139,15,124,3,121,29,92
8,33,73,5,68,1,67,17,50
8,34,245,36,209,12,197,103,94
8,35,54,14,40,5,35,14,21
8,36,129,27,102,15,87,46,41
8,37,565,102,463,46,417,217,200
8,38,227,41,186,18,168,68,100
8,39,385,90,295,27,268,117,151
8,40,571,85,486,49,437,205,232
8,41,190,34,156,10,146,60,86
8,42,174,24,150,12,138,45,93
8,43,1312,262,1050,56,994,478,516
8,44,79,19,60,3,57,29,28
8,45,209,41,168,21,147,48,99
8,46,124,15,109,7,102,33,69
8,47,97,13,84,9,75,27,48
8,48,290,32,258,18,240,76,164
8,49,84,8,76,7,69,28,41
8,52,107,16,91,7,84,38,46
8,53,1306,262,1044,45,999,534,465
8,55,305,49,256,21,235,111,124
8,56,47,12,35,5,30,10,20
8,57,177,37,140,7,133,49,84
8,58,173,26,147,8,139,57,82
8,59,36,2,34,0,34,12,22
8,60,164,20,144,5,139,43,96
8,61,40,5,35,0,35,8,27
8,62,120,11,109,6,103,19,84
8,63,98,15,83,2,81,28,53
8,64,219,21,198,20,178,78,100
8,65,54,6,48,5,43,11,32
8,66,54,0,54,2,52,13,39
8,67,896,221,675,53,622,356,266
8,69,142,16,126,10,116,52,64
8,70,241,41,200,14,186,80,106
8,71,100,19,81,7,74,27,47
8,72,334,55,279,19,260,125,135
8,73,82,10,72,5,67,21,46
8,74,55,2,53,2,51,12,39
8,75,119,21,98,6,92,56,36
8,76,782,164,618,52,566,306,260
8,77,47,4,43,2,41,16,25
8,78,599,126,473,37,436,229,207
8,79,229,76,153,19,134,81,53
8,80,82,9,73,5,68,19,49
8,81,3669,994,2675,199,2476,1594,882
8,82,74,8,66,2,64,23,41
8,83,274,50,224,17,207,116,91
8,84,142,19,123,11,112,43,69
8,85,155,18,137,11,126,53,73
8,86,92,16,76,2,74,25,49
8,87,90,17,73,9,64,21,43
8,88,107,16,91,3,88,39,49
8,89,314,84,230,27,203,87,116
8,90,2175,540,1635,109,1526,853,673
8,92,143,18,125,6,119,24,95
8,94,40,8,32,2,30,7,23
8,95,143,23,120,11,109,47,62
8,96,514,97,417,27,390,154,236
8,97,354,81,273,26,247,137,110
8,98,67,6,61,2,59,23,36
8,99,102,14,88,6,82,28,54
8,100,55,2,53,2,51,23,28
8,101,124,9,115,3,112,50,62
8,102,81,15,66,7,59,25,34
8,103,176,25,151,7,144,56,88
8,104,40,6,34,0,34,21,13
8,105,29959,8013,21946,1262,20684,11920,8764
8,106,76,6,70,3,67,36,31
8,107,884,179,705,32,673,323,350
8,109,153,30,123,7,116,44,72
8,110,129,25,104,11,93,36,57
8,111,472,77,395,44,351,163,188
8,113,376,85,291,20,271,93,178
8,114,108,13,95,9,86,40,46
8,115,353,67,286,16,270,95,175
8,116,734,162,572,40,532,220,312
8,117,109,13,96,7,89,45,44
8,119,316,40,276,28,248,123,125
8,120,58,4,54,1,53,24,29
8,121,115,25,90,8,82,32,50
8,122,602,111,491,25,466,259,207
8,123,61,6,55,6,49,21,28
8,124,278,47,231,24,207,104,103
8,125,227,27,200,15,185,69,116
8,126,162,34,128,10,118,60,58
8,128,69,16,53,0,53,23,30
8,130,65,15,50,4,46,9,37
8,131,78,13,65,3,62,22,40
8,132,116,25,91,9,82,29,53
8,133,339,55,284,21,263,155,108
8,134,83,9,74,4,70,16,54
8,135,106,8,98,9,89,43,46
8,136,239,47,192,19,173,102,71
8,137,315,31,284,12,272,131,141
8,138,150,25,125,11,114,37,77
8,139,765,165,600,41,559,406,153
8,140,838,178,660,49,611,325,286
8,141,150,16,134,15,119,35,84
8,142,1716,362,1354,107,1247,730,517
8,143,75,7,68,2,66,24,42
8,144,52,4,48,5,43,21,22
8,145,1221,187,1034,81,953,531,422
8,146,74,15,59,6,53,20,33
8,147,52,12,40,3,37,15,22
8,148,133,9,124,8,116,45,71
8,149,125,18,107,8,99,40,59
8,150,137,15,122,5,117,53,64
8,151,221,29,192,7,185,79,106
8,152,67,9,58,3,55,27,28
8,153,244,49,195,15,180,94,86
8,154,70,9,61,4,57,17,40
8,155,75,15,60,4,56,20,36
8,156,331,42,289,14,275,101,174
8,158,195,28,167,11,156,80,76
8,159,81,9,72,0,72,16,56
8,160,156,20,136,9,127,59,68
8,161,25,2,23,2,21,6,15
8,162,299,26,273,12,261,104,157
8,163,190,36,154,12,142,55,87
8,164,263,31,232,16,216,124,92
8,165,46,6,40,4,36,14,22
8,166,183,25,158,6,152,86,66
8,167,77,13,64,5,59,30,29
8,168,134,21,113,6,107,47,60
8,169,114,26,88,8,80,20,60
8,170,153,18,135,8,127,67,60
8,171,85,15,70,6,64,22,42
8,172,140,45,95,4,91,60,31
8,173,825,126,699,47,652,308,344
8,174,1769,315,1454,109,1345,707,638
8,175,170,29,141,8,133,66,67
8,176,53,12,41,1,40,10,30
8,178,178,40,138,15,123,52,71
8,179,441,96,345,16,329,185,144
8,180,1169,158,1011,83,928,515,413
8,182,69,16,53,2,51,27,24
8,183,780,191,589,26,563,314,249
8,184,66,12,54,2,52,11,41
8,185,2698,769,1929,107,1822,1173,649
8,186,42,15,27,5,22,16,6
8,187,277,30,247,21,226,112,114
8,188,854,159,695,72,623,351,272
8,189,120,23,97,8,89,23,66
8,190,4234,1019,3215,134,3081,1922,1159
8,191,844,156,688,32,656,280,376
8,192,78,13,65,3,62,18,44
8,193,178,17,161,14,147,70,77
8,194,641,98,543,43,500,247,253
8,195,244,48,196,10,186,102,84
8,196,67,16,51,3,48,31,17
8,197,53,12,41,5,36,18,18
8,198,326,39,287,12,275,130,145
8,199,565,93,472,26,446,187,259
8,200,146,19,127,14,113,31,82
8,201,67,8,59,8,51,20,31
8,202,359,87,272,17,255,123,132
8,203,215,34,181,13,168,78,90
8,204,81,12,69,8,61,25,36
8,205,54,6,48,5,43,18,25
8,206,278,40,238,19,219,70,149
8,207,180,49,131,8,123,63,60
8,208,143,19,124,9,115,64,51
8,209,361,51,310,24,286,142,144
8,210,90,7,83,1,82,29,53
8,211,578,112,466,27,439,242,197
8,212,355,66,289,26,263,124,139
8,214,377,78,299,15,284,139,145
8,215,44,8,36,4,32,14,18
8,216,212,23,189,10,179,54,125
8,217,71,11,60,5,55,41,14
8,218,1149,284,865,47,818,396,422
8,219,84,9,75,3,72,24,48
8,220,220,30,190,22,168,46,122
8,222,1488,235,1253,90,1163,632,531
8,223,89,6,83,8,75,27,48
8,225,139,25,114,4,110,31,79
8,226,164,38,126,7,119,53,66
8,228,132,15,117,14,103,42,61
8,229,105,10,95,6,89,29,60
8,230,250,29,221,16,205,81,124
8,232,308,47,261,24,237,138,99
8,233,42,4,38,2,36,14,22
8,234,74,15,59,5,54,17,37
8,235,327,46,281,21,260,134,126
8,236,178,19,159,3,156,73,83
8,237,545,63,482,41,441,275,166
8,238,66,4,62,11,51,14,37
8,239,823,130,693,39,654,262,392
8,240,135,19,116,15,101,31,70
8,242,392,79,313,38,275,180,95
8,243,161,13,148,8,140,59,81
8,244,77,15,62,4,58,24,34
8,245,46,4,42,2,40,19,21
8,246,86,17,69,1,68,20,48
8,247,121,26,95,2,93,64,29
8,248,488,130,358,34,324,168,156
8,249,181,27,154,6,148,54,94
8,250,131,13,118,6,112,22,90
8,251,74,10,64,6,58,16,42
8,252,92,8,84,3,81,47,34
8,254,398,51,347,24,323,151,172
8,255,161,32,129,12,117,63,54
8,256,76,11,65,1,64,18,46
8,257,134,20,114,8,106,41,65
8,259,86,10,76,8,68,33,35
8,260,405,66,339,23,316,117,199
8,261,73,9,64,4,60,28,32
8,262,390,86,304,23,281,146,135
8,263,849,127,722,50,672,396,276
8,264,322,43,279,20,259,107,152
8,267,168,24,144,6,138,50,88
8,268,47,3,44,0,44,14,30
8,269,54,10,44,5,39,32,7
8,271,78,16,62,5,57,13,44
8,272,53,16,37,2,35,8,27
8,273,66,11,55,5,50,17,33
8,274,93,17,76,5,71,28,43
8,275,111,24,87,3,84,19,65
8,276,580,137,443,21,422,200,222
8,277,98,18,80,6,74,23,51
8,278,66,10,56,10,46,22,24
8,279,44,4,40,4,36,13,23
8,280,51,10,41,2,39,3,36
8,281,313,65,248,12,236,118,118
8,282,715,138,577,34,543,232,311
8,283,108,7,101,7,94,38,56
8,284,665,95,570,62,508,257,251
8,286,94,11,83,5,78,20,58
8,287,106,9,97,2,95,30,65
8,288,91,15,76,6,70,29,41
8,289,395,91,304,22,282,148,134
8,291,96,19,77,1,76,17,59
8,293,128,16,112,5,107,43,64
8,294,107,18,89,4,85,42,43
8,295,148,20,128,9,119,39,80
8,296,97,8,89,10,79,19,60
8,297,204,42,162,22,140,76,64
8,298,1256,208,1048,72,976,511,465
8,300,21,4,17,0,17,5,12
8,301,60,10,50,8,42,23,19
8,302,1713,299,1414,107,1307,834,473
8,303,266,38,228,13,215,74,141
8,304,74,21,53,2,51,29,22
8,305,177,24,153,7,146,56,90
8,306,48,11,37,5,32,9,23
8,307,75,16,59,1,58,24,34
8,308,58,6,52,3,49,9,40
8,309,40,2,38,5,33,9,24
8,310,63,10,53,3,50,21,29
8,311,1605,357,1248,72,1176,640,536
8,312,121,9,112,7,105,39,66
8,313,117,21,96,3,93,45,48
8,314,495,73,422,28,394,163,231
8,315,47,5,42,7,35,13,22
8,316,839,93,746,59,687,432,255
8,317,82,13,69,4,65,22,43
8,318,251,55,196,10,186,106,80
8,319,253,35,218,24,194,89,105
8,320,392,73,319,17,302,87,215
8,321,149,24,125,13,112,47,65
8,322,319,45,274,20,254,95,159
8,323,139,23,116,10,106,50,56
8,324,104,22,82,5,77,41,36
8,325,29,5,24,7,17,3,14
8,326,117,15,102,13,89,42,47
8,327,1653,260,1393,94,1299,830,469
8,328,4411,1172,3239,184,3055,2040,1015
8,329,375,56,319,23,296,101,195
8,330,489,98,391,27,364,187,177
8,331,517,81,436,29,407,220,187
8,332,38,7,31,3,28,7,21
8,333,168,25,143,17,126,45,81
8,334,34,7,27,2,25,13,12
8,335,79,12,67,6,61,40,21
8,336,161,26,135,11,124,74,50
8,338,147,19,128,11,117,32,85
8,339,218,27,191,14,177,74,103
8,340,126,22,104,8,96,41,55
8,341,547,80,467,48,419,185,234
8,342,232,37,195,19,176,94,82
8,343,884,181,703,49,654,379,275
8,344,101,26,75,7,68,15,53
8,346,1128,188,940,62,878,405,473
8,347,204,35,169,3,166,49,117
8,348,89,15,74,2,72,14,58
8,349,426,92,334,22,312,188,124
8,350,174,34,140,6,134,61,73
8,351,58,9,49,0,49,21,28
8,352,189,36,153,4,149,75,74
8,353,505,104,401,26,375,218,157
8,354,637,97,540,44,496,282,214
8,355,253,59,194,5,189,81,108
8,356,104,11,93,8,85,34,51
8,357,609,110,499,41,458,231,227
8,358,186,34,152,13,139,49,90
8,360,159,20,139,5,134,70,64
8,361,1215,184,1031,85,946,407,539
8,362,5095,1274,3821,242,3579,1778,1801
8,363,5111,1483,3628,202,3426,2260,1166
8,364,96,11,85,5,80,45,35
8,365,936,209,727,64,663,335,328
8,366,530,98,432,21,411,196,215
8,367,1680,382,1298,72,1226,700,526
8,368,184,35,149,15,134,58,76
8,369,115,17,98,3,95,29,66
8,370,378,76,302,23,279,128,151
8,371,124,26,98,6,92,43,49
8,372,56,11,45,2,43,17,26
8,373,251,36,215,29,186,73,113
8,374,81,7,74,7,67,25,42
8,375,137,26,111,4,107,53,54
8,376,167,21,146,8,138,63,75
8,377,113,10,103,4,99,45,54
8,378,86,13,73,4,69,17,52
8,379,183,23,160,12,148,36,112
8,380,156,22,134,13,121,39,82
8,381,512,104,408,32,376,166,210
8,382,114,16,98,9,89,40,49
8,383,100,25,75,6,69,24,45
8,384,137,28,109,1,108,50,58
8,385,769,101,668,50,618,312,306
8,386,191,26,165,4,161,49,112
8,387,137,34,103,9,94,43,51
8,388,303,31,272,13,259,164,95
8,389,282,57,225,16,209,80,129
8,390,64,13,51,5,46,27,19
8,391,710,127,583,40,543,355,188
8,392,170,19,151,8,143,51,92
8,393,52,10,42,1,41,11,30
8,394,82,19,63,3,60,20,40
8,395,123,16,107,8,99,49,50
8,396,128,23,105,10,95,40,55
8,397,36,4,32,4,28,7,21
8,398,83,13,70,5,65,20,45
8,399,80,18,62,3,59,21,38
8,400,354,49,305,18,287,150,137
8,401,163,12,151,7,144,40,104
8,402,501,91,410,49,361,131,230
8,403,1267,258,1009,81,928,493,435
8,404,136,20,116,7,109,46,63
8,405,200,26,174,11,163,73,90
8,406,291,25,266,23,243,107,136
8,407,60,11,49,5,44,14,30
8,408,371,48,323,20,303,154,149
8,409,10789,2827,7962,410,7552,4464,3088
8,410,178,24,154,5,149,29,120
8,411,87,10,77,10,67,28,39
8,412,118,18,100,5,95,36,59
8,413,207,37,170,5,165,82,83
8,415,255,55,200,14,186,76,110
8,416,126,23,103,12,91,32,59
8,417,184,32,152,9,143,61,82
8,418,202,23,179,10,169,85,84
8,419,984,162,822,62,760,404,356
8,420,982,244,738,46,692,378,314
8,421,74,11,63,7,56,18,38
8,422,112,12,100,3,97,37,60
8,424,107,14,93,2,91,39,52
8,425,46,8,38,5,33,14,19
8,426,73,14,59,7,52,20,32
8,427,185,23,162,12,150,47,103
8,428,138,16,122,11,111,53,58
8,429,398,48,350,17,333,145,188
8,430,36,2,34,0,34,14,20
8,431,87,9,78,5,73,25,48
8,432,84,10,74,5,69,31,38
8,433,61,11,50,4,46,18,28
8,434,47,2,45,5,40,10,30
8,435,730,104,626,27,599,263,336
8,436,250,67,183,15,168,75,93
8,437,173,16,157,17,140,33,107
8,438,88,10,78,3,75,23,52
8,439,124,20,104,12,92,36,56
8,440,113,19,94,9,85,37,48
8,441,103,22,81,10,71,26,45
8,443,98,11,87,4,83,36,47
8,444,77,14,63,1,62,16,46
8,445,309,53,256,14,242,100,142
8,446,75,9,66,3,63,8,55
8,448,861,156,705,48,657,335,322
8,449,445,74,371,28,343,132,211
8,450,153,15,138,10,128,38,90
8,451,243,43,200,10,190,56,134
8,452,165,23,142,8,134,53,81
8,453,85,19,66,14,52,23,29
8,454,80,21,59,4,55,21,34
8,455,59,22,37,1,36,8,28
8,456,147,8,139,12,127,71,56
8,457,830,135,695,50,645,331,314
8,458,157,23,134,13,121,61,60
8,459,89,17,72,7,65,29,36
8,460,133,23,110,12,98,44,54
8,461,167,18,149,5,144,85,59
8,462,96,8,88,4,84,31,53
8,463,52,6,46,2,44,18,26
8,464,61,6,55,6,49,16,33
8,465,46,6,40,3,37,8,29
8,466,76,9,67,2,65,36,29
8,467,99,12,87,4,83,46,37
8,468,150,29,121,7,114,39,75
8,469,359,76,283,21,262,107,155
8,470,82,7,75,7,68,22,46
8,471,28,5,23,4,19,6,13
8,472,210,33,177,8,169,70,99
8,473,196,28,168,16,152,46,106
8,475,242,45,197,15,182,93,89
8,476,282,45,237,20,217,85,132
8,477,72,4,68,6,62,30,32
8,478,201,21,180,19,161,46,115
8,479,152,32,120,8,112,51,61
8,480,2563,483,2080,141,1939,1109,830
8,481,217,45,172,15,157,84,73
8,482,75,6,69,3,66,30,36
8,483,358,45,313,17,296,141,155
8,484,79,10,69,2,67,16,51
8,485,153,15,138,3,135,59,76
8,486,988,215,773,48,725,446,279
8,487,1342,237,1105,51,1054,559,495
8,488,2096,525,1571,125,1446,822,624
8,489,208,37,171,9,162,78,84
8,490,2703,547,2156,143,2013,1081,932
8,491,2455,524,1931,143,1788,1107,681
8,492,171,23,148,13,135,70,65
8,493,270,44,226,23,203,74,129
8,494,398,68,330,14,316,153,163
8,496,104,20,84,9,75,27,48
8,497,905,146,759,39,720,312,408
8,498,285,31,254,20,234,111,123
8,499,222,31,191,18,173,78,95
8,500,56,3,53,9,44,27,17
8,501,25,3,22,1,21,5,16
8,502,84,13,71,6,65,21,44
8,503,109,20,89,6,83,32,51
9,1,48,2,46,2,44,38,6
9,2,419,47,372,24,348,215,133
9,3,332,45,287,25,262,156,106
9,4,125,18,107,3,104,78,26
9,5,174,42,132,8,124,64,60
9,6,46,6,40,1,39,29,10
9,7,61,7,54,2,52,21,31
9,8,152,30,122,7,115,83,32
9,9,180,19,161,18,143,121,22
9,11,88,21,67,2,65,40,25
9,12,26,5,21,1,20,14,6
9,13,53,2,51,3,48,35,13
9,14,185,27,158,13,145,91,54
9,15,549,49,500,27,473,337,136
9,16,161,12,149,8,141,107,34
9,17,114,21,93,6,87,63,24
9,18,72,12,60,6,54,37,17
9,19,428,74,354,32,322,201,121
9,20,52,3,49,0,49,34,15
9,21,88,2,86,6,80,55,25
9,22,192,20,172,15,157,82,75
9,23,116,14,102,3,99,78,21
9,24,211,22,189,9,180,129,51
9,25,73,16,57,1,56,41,15
9,26,120,21,99,3,96,47,49
9,27,72,14,58,4,54,42,12
9,28,36,6,30,3,27,19,8
9,29,186,30,156,5,151,69,82
9,30,541,69,472,19,453,372,81
9,31,44,9,35,1,34,23,11
9,32,1042,174,868,53,815,459,356
9,33,46,5,41,2,39,27,12
9,34,22,3,19,3,16,13,3
9,35,203,28,175,11,164,111,53
9,37,43,4,39,2,37,29,8
9,38,286,33,253,20,233,164,69
9,39,249,35,214,20,194,123,71
9,40,194,25,169,16,153,91,62
9,41,184,22,162,8,154,100,54
9,42,737,92,645,35,610,406,204
9,43,540,87,453,32,421,304,117
9,44,143,20,123,9,114,88,26
9,45,162,23,139,5,134,84,50
9,46,64,9,55,4,51,45,6
9,47,894,129,765,73,692,392,300
9,48,67,2,65,3,62,28,34
9,49,153,15,138,7,131,112,19
9,50,296,22,274,18,256,159,97
9,51,137,19,118,14,104,67,37
9,52,126,10,116,6,110,52,58
9,53,24,4,20,0,20,15,5
9,54,289,38,251,27,224,160,64
9,55,126,14,112,11,101,65,36
9,56,261,27,234,10,224,143,81
9,57,273,40,233,13,220,161,59
9,58,188,40,148,5,143,97,46
9,59,139,28,111,10,101,71,30
9,60,592,86,506,27,479,358,121
9,61,471,91,380,25,355,214,141
9,62,161,28,133,8,125,98,27
9,63,144,23,121,4,117,97,20
9,64,42,3,39,2,37,33,4
9,65,294,62,232,10,222,152,70
9,66,589,119,470,22,448,322,126
9,67,158,17,141,11,130,75,55
9,68,43,6,37,0,37,34,3
9,69,38,12,26,2,24,13,11
9,70,330,41,289,21,268,186,82
9,71,221,23,198,13,185,131,54
9,72,30,1,29,0,29,21,8
9,73,154,28,126,4,122,92,30
9,74,118,16,102,14,88,45,43
9,75,258,37,221,13,208,135,73
9,76,145,14,131,11,120,64,56
9,77,191,32,159,9,150,106,44
9,78,75,3,72,2,70,45,25
9,79,515,61,454,20,434,311,123
9,80,132,22,110,3,107,70,37
9,81,154,15,139,10,129,66,63
9,82,355,56,299,17,282,200,82
9,83,26,0,26,2,24,24,0
9,84,80,15,65,5,60,51,9
9,85,346,59,287,13,274,197,77
9,86,283,39,244,20,224,139,85
9,87,75,14,61,3,58,42,16
9,88,18,2,16,0,16,12,4
9,89,45,2,43,0,43,30,13
9,90,39,9,30,1,29,22,7
9,91,183,32,151,18,133,101,32
9,92,77,9,68,3,65,37,28
9,93,112,19,93,5,88,54,34
9,94,143,15,128,15,113,67,46
9,95,117,15,102,4,98,65,33
9,96,51,6,45,4,41,23,18
9,97,71,10,61,9,52,37,15
9,98,81,13,68,7,61,33,28
9,99,294,31,263,24,239,150,89
9,100,130,32,98,8,90,50,40
9,101,179,32,147,6,141,96,45
9,102,149,23,126,8,118,81,37
9,103,497,64,433,16,417,288,129
9,104,552,89,463,34,429,280,149
9,105,525,66,459,30,429,325,104
9,106,296,54,242,22,220,144,76
9,107,478,55,423,18,405,303,102
9,108,158,32,126,5,121,97,24
9,109,110,10,100,4,96,42,54
9,110,93,8,85,4,81,51,30
9,111,245,41,204,16,188,147,41
9,113,418,55,363,25,338,260,78
9,114,116,17,99,10,89,65,24
9,115,129,16,113,4,109,70,39
9,116,298,42,256,19,237,132,105
9,117,82,12,70,8,62,34,28
9,118,136,30,106,2,104,90,14
9,119,447,70,377,25,352,269,83
9,120,233,30,203,14,189,134,55
9,121,591,89,502,39,463,334,129
9,122,6619,1106,5513,281,5232,3547,1685
9,123,101,12,89,7,82,62,20
9,124,730,126,604,45,559,359,200
9,125,397,66,331,41,290,171,119
9,126,93,19,74,0,74,58,16
9,127,92,10,82,8,74,57,17
9,128,240,36,204,18,186,101,85
9,129,129,22,107,10,97,61,36
9,130,548,76,472,18,454,317,137
9,131,144,21,123,12,111,72,39
9,132,178,35,143,9,134,93,41
9,133,48,9,39,2,37,32,5
9,134,50,3,47,1,46,34,12
9,135,87,13,74,4,70,58,12
9,136,111,10,101,7,94,66,28
9,137,118,17,101,4,97,64,33
9,138,163,10,153,10,143,112,31
9,139,62,9,53,4,49,26,23
9,140,92,2,90,3,87,55,32
9,141,65,9,56,3,53,39,14
9,142,100,19,81,7,74,50,24
9,143,28,1,27,1,26,18,8
9,145,199,38,161,16,145,100,45
9,146,37,8,29,4,25,15,10
9,147,110,11,99,11,88,52,36
9,148,104,16,88,5,83,60,23
9,149,182,28,154,9,145,108,37
9,150,162,22,140,10,130,66,64
9,151,53,0,53,3,50,29,21
9,152,47,4,43,2,41,24,17
9,153,95,15,80,2,78,38,40
9,154,51,9,42,1,41,33,8
9,155,56,7,49,3,46,34,12
9,156,34,4,30,1,29,21,8
9,157,1965,392,1573,93,1480,959,521
9,158,201,32,169,19,150,84,66
9,159,70,6,64,4,60,49,11
9,160,4868,1062,3806,287,3519,2218,1301
9,161,430,73,357,36,321,209,112
9,162,59,5,54,5,49,39,10
9,163,70,13,57,6,51,10,41
9,164,428,62,366,20,346,237,109
9,165,201,23,178,6,172,108,64
9,166,87,10,77,10,67,45,22
9,167,1660,210,1450,89,1361,817,544
9,168,149,20,129,4,125,80,45
9,169,91,5,86,4,82,39,43
9,170,170,28,142,13,129,93,36
9,171,61,14,47,6,41,30,11
9,172,31,5,26,5,21,13,8
9,173,179,20,159,11,148,122,26
9,174,199,24,175,19,156,125,31
9,175,55,2,53,3,50,40,10
9,176,409,63,346,21,325,223,102
9,177,191,25,166,20,146,96,50
9,178,46,6,40,0,40,9,31
9,179,47,7,40,3,37,28,9
9,180,106,14,92,5,87,54,33
9,181,988,180,808,37,771,534,237
9,182,628,115,513,31,482,342,140
9,183,78,8,70,7,63,34,29
9,184,40,7,33,1,32,20,12
9,185,2547,459,2088,158,1930,1045,885
9,186,69,7,62,2,60,39,21
9,187,311,47,264,19,245,165,80
9,188,876,96,780,49,731,577,154
9,189,163,27,136,10,126,89,37
9,190,108,17,91,10,81,48,33
9,192,150,25,125,3,122,72,50
9,193,61,4,57,3,54,44,10
9,194,2380,344,2036,124,1912,1161,751
9,195,20,2,18,2,16,7,9
9,196,45,10,35,2,33,31,2
9,197,42,10,32,2,30,14,16
9,198,174,15,159,10,149,83,66
9,199,536,76,460,36,424,200,224
9,200,96,22,74,6,68,37,31
9,201,68,4,64,4,60,47,13
9,202,249,29,220,18,202,166,36
9,203,140,22,118,11,107,74,33
9,204,230,42,188,11,177,114,63
9,205,60,13,47,2,45,39,6
9,206,586,115,471,36,435,274,161
9,207,1094,164,930,67,863,540,323
9,208,126,15,111,6,105,61,44
9,209,841,108,733,59,674,421,253
9,210,315,44,271,15,256,191,65
9,211,128,17,111,14,97,60,37
9,212,75,9,66,4,62,47,15
9,213,170,19,151,5,146,98,48
9,214,643,100,543,45,498,324,174
9,215,119,14,105,10,95,53,42
9,216,46,6,40,3,37,30,7
9,217,172,24,148,9,139,107,32
9,218,75,8,67,3,64,39,25
9,219,158,30,128,6,122,88,34
9,220,161,15,146,7,139,118,21
9,221,181,26,155,9,146,99,47
9,222,31,3,28,0,28,24,4
9,223,454,71,383,16,367,233,134
9,224,347,50,297,20,277,206,71
9,225,9474,1792,7682,515,7167,4143,3024
9,226,43,2,41,5,36,26,10
9,227,176,21,155,11,144,81,63
9,228,198,32,166,14,152,110,42
9,229,387,43,344,33,311,194,117
9,230,59,4,55,5,50,24,26
9,231,194,31,163,3,160,110,50
9,232,72,11,61,1,60,46,14
9,233,38,5,33,0,33,11,22
9,234,101,4,97,7,90,69,21
9,235,625,98,527,29,498,300,198
9,236,284,30,254,14,240,162,78
9,237,41,5,36,0,36,19,17
9,238,508,54,454,38,416,248,168
9,239,127,28,99,14,85,73,12
9,240,241,24,217,17,200,126,74
9,241,291,36,255,19,236,161,75
9,242,39,5,34,5,29,14,15
9,243,81,15,66,2,64,36,28
9,244,442,64,378,25,353,243,110
9,245,850,145,705,44,661,416,245
9,246,449,61,388,29,359,265,94
9,247,191,39,152,7,145,106,39
9,249,157,28,129,12,117,63,54
9,250,103,21,82,1,81,61,20
9,251,150,30,120,8,112,65,47
9,252,77,8,69,0,69,48,21
9,253,292,49,243,17,226,144,82
9,254,191,22,169,15,154,76,78
9,255,44,5,39,6,33,17,16
9,256,57,10,47,2,45,23,22
9,257,542,62,480,32,448,295,153
9,258,312,28,284,20,264,175,89
9,259,110,16,94,7,87,46,41
9,260,25,2,23,1,22,7,15
9,261,4419,786,3633,193,3440,2164,1276
9,262,346,32,314,23,291,191,100
9,263,33,7,26,1,25,15,10
9,264,802,94,708,53,655,425,230
9,265,2130,375,1755,109,1646,1029,617
9,266,48,6,42,5,37,30,7
9,267,130,19,111,7,104,64,40
9,268,1103,186,917,46,871,576,295
9,269,290,37,253,16,237,185,52
9,270,179,30,149,11,138,73,65
9,271,55,11,44,5,39,22,17
9,272,1030,146,884,60,824,507,317
9,273,543,47,496,35,461,329,132
9,274,235,27,208,14,194,116,78
9,275,237,15,222,21,201,130,71
9,276,166,15,151,11,140,66,74
9,277,536,70,466,24,442,258,184
9,279,45,7,38,4,34,21,13
9,280,574,71,503,34,469,327,142
9,281,103,17,86,8,78,52,26
9,282,3161,493,2668,184,2484,1521,963
9,283,293,29,264,13,251,154,97
9,284,144,16,128,7,121,83,38
9,285,698,110,588,34,554,410,144
9,286,41,4,37,2,35,23,12
9,287,15,0,15,1,14,11,3
9,289,990,149,841,41,800,490,310
9,290,188,25,163,5,158,133,25
9,291,136,26,110,6,104,73,31
9,292,70,17,53,6,47,31,16
9,293,617,77,540,26,514,345,169
9,294,68,11,57,0,57,44,13
9,295,144,16,128,8,120,81,39
9,296,111,24,87,9,78,47,31
9,297,31,4,27,5,22,21,1
9,298,93,16,77,10,67,53,14
9,299,345,46,299,21,278,211,67
9,300,162,20,142,11,131,84,47
9,301,361,77,284,11,273,202,71
9,302,84,10,74,2,72,52,20
9,303,328,46,282,20,262,157,105
9,304,21,3,18,1,17,12,5
9,305,311,38,273,18,255,162,93
9,306,2052,338,1714,98,1616,1064,552
9,307,135,17,118,8,110,82,28
9,308,179,19,160,16,144,91,53
9,309,131,19,112,5,107,65,42
9,310,37,3,34,4,30,24,6
9,311,31,4,27,1,26,16,10
9,312,1963,232,1731,145,1586,959,627
9,313,146,24,122,10,112,80,32
9,314,185,21,164,6,158,93,65
9,315,69,6,63,3,60,32,28
9,316,76,9,67,8,59,32,27
9,317,39,8,31,2,29,22,7
9,318,113,16,97,7,90,70,20
9,319,105,12,93,4,89,65,24
9,320,34,5,29,3,26,18,8
9,321,283,33,250,19,231,159,72
9,322,376,69,307,13,294,179,115
9,323,75,9,66,12,54,41,13
9,324,2351,411,1940,108,1832,1150,682
9,325,48,10,38,2,36,16,20
9,326,138,21,117,10,107,74,33
9,327,205,33,172,10,162,101,61
9,328,203,25,178,8,170,110,60
9,329,508,63,445,37,408,291,117
9,330,33,1,32,3,29,12,17
9,331,482,57,425,25,400,244,156
9,332,1777,260,1517,103,1414,931,483
9,334,358,52,306,24,282,194,88
9,335,46,8,38,1,37,29,8
9,336,894,125,769,54,715,433,282
9,338,106,10,96,5,91,39,52
9,339,540,73,467,35,432,244,188
9,340,136,15,121,13,108,78,30
9,341,92,9,83,12,71,53,18
9,342,200,23,177,7,170,107,63
10,2,207,35,172,9,163,83,80
10,3,1768,317,1451,108,1343,671,672
10,4,187,45,142,17,125,45,80
10,5,223,40,183,11,172,51,121
10,6,1875,400,1475,99,1376,590,786
10,7,105,16,89,5,84,29,55
10,8,106,18,88,5,83,22,61
10,9,76,16,60,3,57,12,45
10,10,39,6,33,4,29,8,21
10,11,192,28,164,10,154,33,121
10,12,264,47,217,15,202,74,128
10,13,117,18,99,3,96,43,53
10,14,140,23,117,12,105,35,70
10,15,208,32,176,19,157,63,94
10,17,92,14,78,7,71,28,43
10,18,668,109,559,39,520,206,314
10,19,271,44,227,16,211,60,151
10,20,339,46,293,25,268,90,178
10,21,109,22,87,7,80,16,64
10,22,174,29,145,19,126,27,99
10,23,159,23,136,16,120,46,74
10,24,125,20,105,14,91,35,56
10,25,166,22,144,10,134,29,105
10,26,28,3,25,5,20,3,17
10,27,62,12,50,2,48,11,37
10,28,126,9,117,3,114,25,89
10,29,156,27,129,6,123,18,105
10,30,843,120,723,53,670,303,367
10,31,325,53,272,26,246,102,144
10,32,293,47,246,28,218,57,161
10,33,3420,950,2470,177,2293,1055,1238
10,34,1928,517,1411,102,1309,614,695
10,35,632,124,508,48,460,206,254
10,37,346,59,287,27,260,106,154
10,38,126,28,98,4,94,35,59
10,39,102,13,89,12,77,15,62
10,40,139,26,113,19,94,36,58
10,41,61,7,54,6,48,13,35
10,42,221,34,187,10,177,64,113
10,43,99,18,81,6,75,22,53
10,44,33,3,30,5,25,7,18
10,45,160,23,137,6,131,47,84
10,46,84,8,76,9,67,29,38
10,47,42,7,35,4,31,5,26
10,48,160,31,129,2,127,38,89
10,49,337,59,278,17,261,89,172
10,50,174,25,149,9,140,70,70
10,51,762,90,672,44,628,309,319
10,52,180,19,161,12,149,50,99
10,53,394,48,346,25,321,113,208
10,54,102,14,88,6,82,30,52
10,55,234,24,210,13,197,76,121
10,56,160,23,137,11,126,35,91
10,57,50,8,42,2,40,13,27
10,58,218,28,190,11,179,48,131
10,59,103,32,71,4,67,21,46
10,60,1434,206,1228,93,1135,435,700
10,61,515,95,420,37,383,167,216
10,62,161,17,144,11,133,33,100
10,63,344,41,303,24,279,128,151
10,64,2038,420,1618,142,1476,622,854
10,65,71,10,61,3,58,22,36
10,66,344,38,306,19,287,92,195
10,67,1089,139,950,43,907,321,586
10,68,125,17,108,9,99,15,84
10,69,122,23,99,2,97,30,67
10,70,417,42,375,21,354,75,279
10,71,54,10,44,5,39,18,21
10,72,31,2,29,5,24,10,14
10,73,97,11,86,5,81,23,58
10,74,370,55,315,23,292,132,160
10,75,80,20,60,6,54,17,37
10,76,252,44,208,13,195,59,136
10,77,68,8,60,1,59,15,44
10,78,25,0,25,1,24,5,19
10,79,113,13,100,2,98,11,87
10,80,759,144,615,48,567,218,349
10,81,6448,1418,5030,300,4730,2893,1837
10,82,149,33,116,9,107,46,61
10,83,252,39,213,12,201,77,124
10,84,689,94,595,53,542,224,318
10,85,54,12,42,1,41,8,33
10,86,164,20,144,10,134,32,102
10,87,42,7,35,1,34,13,21
10,89,484,84,400,39,361,159,202
10,90,204,37,167,11,156,64,92
10,91,118,19,99,3,96,23,73
10,92,93,7,86,4,82,32,50
10,93,71,11,60,3,57,10,47
10,94,549,128,421,32,389,118,271
10,95,220,41,179,15,164,54,110
10,96,362,46,316,23,293,115,178
10,97,150,11,139,10,129,28,101
10,98,288,61,227,10,217,64,153
10,99,389,63,326,30,296,110,186
10,100,775,132,643,41,602,258,344
10,101,123,19,104,6,98,19,79
10,102,179,32,147,17,130,21,109
10,103,144,15,129,7,122,26,96
10,104,250,66,184,15,169,66,103
10,105,23,1,22,5,17,1,16
10,106,80,10,70,3,67,18,49
10,107,94,14,80,5,75,34,41
10,108,63,12,51,4,47,16,31
10,109,218,44,174,17,157,75,82
10,110,393,51,342,22,320,148,172
10,111,109,15,94,10,84,28,56
10,112,144,18,126,10,116,50,66
10,113,184,29,155,10,145,48,97
10,114,553,81,472,36,436,209,227
10,115,1316,160,1156,73,1083,420,663
10,116,265,46,219,17,202,74,128
10,117,95,15,80,9,71,24,47
10,118,77,6,71,8,63,12,51
10,119,203,21,182,11,171,77,94
10,120,152,22,130,12,118,54,64
10,121,284,41,243,13,230,49,181
10,122,195,37,158,14,144,56,88
10,123,661,111,550,36,514,189,325
10,124,184,29,155,14,141,48,93
10,125,206,26,180,14,166,38,128
10,126,111,22,89,13,76,24,52
10,127,53,5,48,4,44,13,31
10,128,91,16,75,4,71,36,35
10,129,228,33,195,14,181,73,108
10,130,81,12,69,10,59,14,45
10,131,240,42,198,20,178,60,118
10,132,188,20,168,23,145,35,110
10,133,196,23,173,11,162,71,91
10,134,66,12,54,3,51,10,41
10,135,110,13,97,5,92,36,56
10,136,95,13,82,2,80,17,63
10,137,56,0,56,2,54,18,36
10,138,102,7,95,5,90,35,55
10,139,140,17,123,7,116,48,68
10,140,754,138,616,58,558,268,290
10,141,581,136,445,28,417,156,261
10,142,1348,271,1077,85,992,487,505
10,143,188,15,173,17,156,75,81
10,144,123,17,106,13,93,46,47
10,145,179,29,150,14,136,38,98
10,146,71,7,64,4,60,19,41
10,147,116,19,97,11,86,41,45
10,148,326,57,269,35,234,85,149
10,149,226,25,201,18,183,65,118
10,150,234,34,200,17,183,67,116
10,151,600,113,487,40,447,181,266
10,153,438,81,357,27,330,104,226
10,154,78,6,72,1,71,10,61
10,155,155,12,143,5,138,7,131
10,156,453,74,379,29,350,163,187
10,157,177,32,145,15,130,44,86
10,158,370,50,320,27,293,111,182
10,159,66,9,57,4,53,15,38
10,160,44,1,43,3,40,12,28
10,161,40,4,36,3,33,8,25
10,162,199,17,182,15,167,75,92
10,163,69,12,57,3,54,12,42
10,164,535,80,455,46,409,169,240
10,165,283,51,232,13,219,69,150
10,166,304,50,254,28,226,87,139
10,167,77,30,47,1,46,11,35
10,168,59,10,49,4,45,13,32
10,169,169,27,142,17,125,59,66
10,170,375,67,308,19,289,79,210
10,171,197,29,168,7,161,68,93
10,172,155,27,128,12,116,24,92
10,173,387,41,346,24,322,134,188
10,174,129,22,107,5,102,19,83
10,175,137,23,114,15,99,28,71
10,176,138,25,113,9,104,34,70
10,177,131,15,116,2,114,46,68
10,178,223,27,196,19,177,64,113
10,179,338,61,277,32,245,149,96
10,180,82,9,73,7,66,26,40
10,181,251,45,206,15,191,51,140
10,182,123,14,109,8,101,55,46
10,183,35,3,32,1,31,7,24
10,184,111,20,91,10,81,27,54
10,185,161,17,144,8,136,33,103
10,186,391,51,340,23,317,93,224
10,187,437,73,364,33,331,100,231
10,188,198,38,160,16,144,61,83
10,189,46,2,44,1,43,17,26
10,190,370,42,328,18,310,107,203
10,191,585,71,514,22,492,188,304
10,192,97,24,73,2,71,21,50
10,193,233,28,205,17,188,66,122
10,194,94,20,74,4,70,21,49
10,195,220,57,163,13,150,53,97
10,196,170,30,140,8,132,53,79
10,197,147,24,123,5,118,31,87
10,198,94,8,86,8,78,47,31
10,199,300,58,242,12,230,67,163
10,200,72,9,63,6,57,18,39
10,201,55,10,45,4,41,13,28
10,202,109,16,93,14,79,29,50
10,203,325,62,263,17,246,114,132
10,204,86,4,82,15,67,29,38
10,205,67,5,62,4,58,5,53
10,206,116,22,94,5,89,18,71
10,207,107,17,90,7,83,23,60
10,208,214,30,184,6,178,61,117
10,209,1287,193,1094,70,1024,354,670
10,210,322,34,288,23,265,88,177
10,211,688,120,568,33,535,221,314
10,212,85,18,67,3,64,31,33
10,213,131,22,109,9,100,28,72
10,214,61,8,53,2,51,22,29
10,215,198,32,166,12,154,49,105
10,216,900,167,733,49,684,176,508
10,217,36,3,33,9,24,5,19
10,218,157,20,137,15,122,42,80
10,219,51,8,43,3,40,13,27
10,220,1178,206,972,71,901,425,476
10,221,132,26,106,14,92,45,47
10,222,372,66,306,21,285,138,147
10,223,469,103,366,42,324,144,180
10,224,1116,224,892,89,803,343,460
10,225,214,33,181,17,164,61,103
10,226,74,9,65,5,60,12,48
10,227,258,38,220,22,198,93,105
10,228,178,35,143,17,126,45,81
10,229,83,18,65,2,63,23,40
10,230,525,55,470,33,437,171,266
10,231,402,73,329,18,311,111,200
10,232,254,47,207,3,204,70,134
10,233,929,140,789,73,716,330,386
10,234,195,32,163,19,144,49,95
10,235,42,4,38,2,36,12,24
10,236,51,7,44,4,40,13,27
10,237,428,47,381,19,362,94,268
10,238,292,38,254,17,237,97,140
10,239,421,68,353,27,326,156,170
10,240,327,36,291,20,271,136,135
10,241,37,3,34,4,30,3,27
10,242,163,26,137,7,130,24,106
10,243,73,13,60,6,54,20,34
10,245,575,91,484,49,435,157,278
10,246,204,47,157,11,146,61,85
10,247,122,23,99,8,91,50,41
10,248,332,21,311,22,289,48,241
10,249,341,41,300,19,281,123,158
10,250,186,26,160,12,148,57,91
10,251,215,30,185,14,171,94,77
10,252,51,3,48,3,45,7,38
10,253,125,9,116,7,109,54,55
10,254,256,33,223,24,199,57,142
10,255,227,27,200,14,186,64,122
10,256,278,40,238,19,219,97,122
10,257,32,6,26,1,25,13,12
10,258,243,38,205,23,182,55,127
10,259,261,35,226,25,201,97,104
10,260,401,49,352,16,336,114,222
10,261,709,121,588,22,566,266,300
10,262,325,37,288,18,270,72,198
10,263,301,48,253,17,236,115,121
10,264,111,18,93,6,87,21,66
10,265,2095,453,1642,93,1549,847,702
10,266,49,5,44,1,43,28,15
10,267,253,49,204,9,195,41,154
10,268,3559,777,2782,191,2591,1139,1452
10,269,120,14,106,8,98,25,73
10,270,205,32,173,8,165,50,115
10,271,473,73,400,34,366,143,223
10,272,155,20,135,6,129,29,100
10,273,29,8,21,1,20,2,18
10,274,233,32,201,14,187,73,114
10,275,424,70,354,15,339,142,197
10,276,249,34,215,20,195,86,109
10,277,507,101,406,25,381,135,246
10,278,114,22,92,9,83,24,59
10,279,75,15,60,4,56,13,43
10,280,563,85,478,29,449,205,244
10,281,242,41,201,17,184,64,120
10,282,882,154,728,54,674,236,438
10,283,115,11,104,9,95,26,69
10,284,98,12,86,9,77,35,42
10,285,79,14,65,5,60,19,41
10,286,203,39,164,5,159,51,108
10,287,943,159,784,53,731,250,481
10,288,228,39,189,14,175,64,111
10,289,651,103,548,40,508,191,317
10,290,168,26,142,10,132,49,83
10,291,117,20,97,7,90,23,67
10,293,117,7,110,8,102,24,78
10,294,47,5,42,9,33,23,10
10,295,214,37,177,9,168,41,127
10,296,161,20,141,7,134,16,118
10,297,2785,555,2230,146,2084,975,1109
10,298,719,179,540,57,483,214,269
10,299,438,80,358,39,319,135,184
10,300,208,31,177,13,164,48,116
10,301,131,18,113,8,105,40,65
10,302,65,5,60,3,57,14,43
10,303,71,12,59,10,49,22,27
10,304,162,26,136,9,127,52,75
10,305,82,16,66,3,63,35,28
10,306,224,29,195,14,181,64,117
10,307,276,22,254,18,236,82,154
10,308,189,33,156,9,147,40,107
10,309,95,6,89,7,82,23,59
10,310,172,33,139,13,126,45,81
10,312,126,11,115,5,110,47,63
10,313,315,45,270,22,248,98,150
10,314,254,40,214,17,197,59,138
10,315,34,5,29,3,26,2,24
10,316,173,21,152,17,135,43,92
10,317,955,139,816,50,766,184,582
10,318,129,19,110,10,100,30,70
10,319,279,44,235,16,219,76,143
10,320,174,19,155,8,147,41,106
10,321,2454,388,2066,139,1927,812,1115
10,323,8808,2302,6506,492,6014,3512,2502
10,324,119,12,107,4,103,39,64
10,325,2257,408,1849,118,1731,648,1083
10,326,174,29,145,7,138,45,93
10,327,98,10,88,4,84,28,56
10,328,293,49,244,16,228,83,145
10,329,464,95,369,24,345,137,208
10,330,111,15,96,3,93,18,75
10,331,378,67,311,23,288,81,207
10,332,329,37,292,18,274,118,156
10,333,7962,1711,6251,331,5920,2775,3145
10,334,404,55,349,17,332,122,210
10,335,175,20,155,9,146,45,101
10,336,331,46,285,27,258,96,162
10,337,35,5,30,7,23,6,17
10,338,105,19,86,11,75,30,45
10,339,190,31,159,6,153,63,90
10,340,1821,420,1401,98,1303,548,755
10,341,271,42,229,14,215,78,137
10,342,292,50,242,19,223,101,122
10,343,4933,1018,3915,212,3703,1673,2030
10,344,562,62,500,38,462,181,281
10,345,319,30,289,26,263,96,167
10,346,61,8,53,0,53,16,37
10,347,159,17,142,15,127,49,78
10,348,164,27,137,10,127,37,90
10,349,2200,298,1902,139,1763,678,1085
10,350,501,86,415,23,392,157,235
10,351,288,44,244,13,231,91,140
10,352,1123,154,969,75,894,376,518
10,353,688,124,564,37,527,216,311
10,354,106,13,93,10,83,15,68
10,355,71,8,63,5,58,15,43
10,356,162,27,135,9,126,35,91
10,357,2099,409,1690,106,1584,705,879
10,358,758,122,636,43,593,214,379
10,359,399,52,347,28,319,133,186
10,360,590,77,513,44,469,183,286
10,361,133,13,120,8,112,31,81
10,362,7483,1782,5701,371,5330,2683,2647
10,363,416,53,363,19,344,130,214
10,364,76,8,68,4,64,11,53
10,365,114,22,92,9,83,29,54
10,366,78,20,58,2,56,4,52
10,367,429,90,339,32,307,120,187
10,368,733,112,621,44,577,213,364
10,369,177,36,141,11,130,50,80
10,370,174,41,133,12,121,61,60
10,371,245,20,225,16,209,83,126
10,372,228,24,204,17,187,76,111
10,373,338,43,295,22,273,118,155
10,374,115,15,100,1,99,21,78
10,375,236,15,221,17,204,71,133
10,376,122,22,100,7,93,33,60
10,377,115,10,105,5,100,19,81
10,378,72,21,51,3,48,13,35
10,379,337,39,298,29,269,97,172
10,380,54,10,44,1,43,19,24
10,381,716,78,638,38,600,224,376
10,382,699,144,555,35,520,193,327
10,383,129,18,111,12,99,43,56
10,384,194,20,174,13,161,74,87
10,386,175,36,139,15,124,42,82
10,387,30546,7165,23381,1352,22029,10929,11100
10,388,51,8,43,3,40,17,23
10,389,110,14,96,9,87,22,65
10,390,134,17,117,6,111,25,86
10,391,244,28,216,7,209,58,151
10,392,313,51,262,20,242,124,118
10,393,155,34,121,7,114,60,54
10,394,106,13,93,3,90,35,55
10,395,254,56,198,18,180,85,95
10,396,401,55,346,19,327,126,201
10,397,115,17,98,4,94,38,56
10,398,62,8,54,3,51,13,38
10,399,471,67,404,25,379,150,229
10,400,122,16,106,5,101,35,66
10,401,1508,316,1192,91,1101,537,564
10,402,196,27,169,11,158,82,76
10,403,75,19,56,4,52,9,43
10,404,110,16,94,6,88,42,46
10,405,38,6,32,0,32,11,21
10,406,1422,236,1186,83,1103,433,670
10,408,106,5,101,28,73,31,42
10,409,409,51,358,34,324,115,209
10,410,114,24,90,8,82,36,46
10,411,13,0,13,3,10,4,6
10,412,651,69,582,42,540,210,330
10,414,91,11,80,5,75,17,58
10,415,377,83,294,25,269,118,151
10,416,178,14,164,10,154,45,109
10,417,201,28,173,10,163,87,76
10,418,140,19,121,17,104,32,72
10,419,556,103,453,32,421,134,287
10,420,1563,297,1266,82,1184,476,708
10,421,105,16,89,5,84,40,44
10,422,170,30,140,13,127,52,75
10,423,325,38,287,34,253,119,134
10,424,67,13,54,1,53,21,32
10,425,211,26,185,11,174,60,114
10,426,704,135,569,50,519,252,267
10,427,238,24,214,10,204,57,147
10,428,104,6,98,2,96,21,75
10,429,183,28,155,14,141,76,65
10,430,74,17,57,3,54,17,37
10,431,76,20,56,4,52,13,39
10,432,55,3,52,3,49,13,36
10,433,180,25,155,13,142,47,95
10,434,48,0,48,4,44,6,38
10,435,147,26,121,12,109,46,63
10,436,148,22,126,13,113,31,82
10,437,450,56,394,38,356,152,204
10,438,236,46,190,8,182,49,133
10,439,93,12,81,4,77,21,56
10,440,158,27,131,8,123,32,91
10,441,194,37,157,12,145,64,81
10,442,396,60,336,22,314,109,205
10,443,39,0,39,3,36,8,28
10,444,164,21,143,5,138,43,95
10,445,58,4,54,4,50,19,31
11,1,393,50,343,26,317,155,162
11,2,106,12,94,1,93,38,55
11,3,153,36,117,6,111,60,51
11,4,202,29,173,13,160,93,67
11,5,860,78,782,63,719,433,286
11,6,72,2,70,3,67,61,6
11,7,84,13,71,2,69,50,19
11,8,339,54,285,19,266,151,115
11,9,1081,156,925,64,861,517,344
11,10,252,61,191,12,179,115,64
11,11,365,57,308,15,293,170,123
11,12,1485,243,1242,100,1142,664,478
11,13,277,45,232,15,217,136,81
11,14,1128,110,1018,75,943,477,466
11,15,153,25,128,8,120,53,67
11,16,82,14,68,4,64,39,25
11,17,87,6,81,7,74,39,35
11,18,860,94,766,52,714,407,307
11,19,64,6,58,5,53,37,16
11,20,31,5,26,2,24,20,4
11,21,474,110,364,22,342,246,96
11,22,877,104,773,60,713,350,363
11,23,519,71,448,21,427,261,166
11,24,653,80,573,42,531,340,191
11,25,185,21,164,11,153,74,79
11,26,105,7,98,4,94,52,42
11,27,507,56,451,18,433,253,180
11,28,381,42,339,22,317,141,176
11,29,53,10,43,2,41,25,16
11,30,92,5,87,5,82,41,41
11,31,37,5,32,1,31,15,16
11,32,147,20,127,9,118,70,48
11,33,1010,171,839,69,770,437,333
11,34,655,80,575,45,530,341,189
11,35,229,57,172,12,160,95,65
11,36,173,23,150,14,136,82,54
11,37,549,139,410,28,382,240,142
11,38,58,19,39,1,38,32,6
11,39,35,3,32,3,29,22,7
11,40,1017,119,898,75,823,492,331
11,41,862,126,736,47,689,431,258
11,42,143,20,123,12,111,68,43
11,43,198,28,170,17,153,103,50
11,44,84,5,79,9,70,51,19
11,45,106,5,101,9,92,57,35
11,46,38,7,31,3,28,18,10
11,47,59,13,46,3,43,24,19
11,48,547,80,467,61,406,289,117
11,49,2374,334,2040,127,1913,1071,842
11,50,200,34,166,11,155,94,61
11,51,131,24,107,5,102,68,34
11,52,268,37,231,21,210,114,96
11,53,194,42,152,13,139,94,45
11,54,194,23,171,5,166,59,107
11,55,201,33,168,6,162,118,44
11,56,128,21,107,8,99,65,34
11,57,20,3,17,0,17,8,9
11,58,204,18,186,11,175,94,81
11,59,91,12,79,11,68,35,33
11,60,36,3,33,1,32,29,3
11,61,202,18,184,11,173,110,63
11,62,51,11,40,5,35,26,9
11,63,492,82,410,26,384,221,163
11,64,219,18,201,26,175,133,42
11,65,65,15,50,0,50,32,18
11,66,115,27,88,5,83,25,58
11,67,1054,148,906,92,814,476,338
11,68,1110,169,941,60,881,551,330
11,69,30982,6121,24861,1572,23289,12891,10398
11,70,211,24,187,18,169,86,83
11,71,167,22,145,9,136,96,40
11,72,132,16,116,8,108,64,44
11,73,49,6,43,3,40,30,10
11,74,183,13,170,16,154,96,58
11,75,125,19,106,5,101,77,24
11,76,7256,1481,5775,349,5426,2894,2532
11,77,374,60,314,37,277,153,124
11,78,168,27,141,13,128,70,58
11,79,133,12,121,5,116,63,53
11,80,112,9,103,6,97,58,39
11,81,1165,166,999,49,950,576,374
11,82,12,4,8,0,8,8,0
11,83,44,13,31,1,30,22,8
11,84,643,82,561,57,504,282,222
11,85,705,100,605,40,565,305,260
11,86,567,71,496,47,449,248,201
11,87,73,16,57,1,56,30,26
11,88,1264,137,1127,67,1060,543,517
11,89,258,27,231,7,224,142,82
11,90,443,48,395,25,370,208,162
11,91,850,137,713,50,663,425,238
11,92,90,9,81,1,80,48,32
11,93,31,3,28,0,28,27,1
11,94,25,6,19,6,13,9,4
11,95,210,27,183,20,163,92,71
11,96,62,5,57,1,56,39,17
11,97,53,9,44,1,43,22,21
11,98,616,72,544,48,496,293,203
11,99,1665,219,1446,107,1339,732,607
11,100,35,9,26,2,24,15,9
11,101,53,8,45,1,44,21,23
11,102,468,67,401,22,379,250,129
11,103,939,163,776,79,697,448,249
11,104,58,8,50,2,48,31,17
11,105,478,44,434,29,405,257,148
11,106,4435,726,3709,251,3458,2153,1305
11,107,41,9,32,4,28,18,10
11,108,36,7,29,0,29,18,11
11,109,49,5,44,0,44,28,16
11,110,90,18,72,7,65,26,39
11,111,387,32,355,31,324,164,160
11,112,59,9,50,5,45,29,16
11,113,106,11,95,2,93,47,46
11,114,33,3,30,2,28,13,15
11,115,553,73,480,51,429,247,182
11,116,3369,645,2724,184,2540,1415,1125
11,117,111,26,85,5,80,49,31
11,118,44,9,35,1,34,29,5
11,119,224,24,200,8,192,109,83
11,120,414,38,376,23,353,203,150
11,121,78,11,67,2,65,34,31
11,122,514,49,465,25,440,288,152
11,123,128,6,122,6,116,72,44
11,124,506,62,444,28,416,277,139
11,125,162,17,145,12,133,78,55
11,126,287,34,253,20,233,119,114
11,127,110,22,88,6,82,62,20
11,128,117,19,98,7,91,37,54
11,129,1442,271,1171,103,1068,648,420
11,130,218,34,184,17,167,81,86
11,131,245,52,193,20,173,120,53
11,132,953,127,826,79,747,455,292
11,133,38,7,31,0,31,12,19
11,134,40,1,39,5,34,15,19
11,135,25,7,18,2,16,12,4
11,136,541,55,486,41,445,235,210
11,137,126,19,107,3,104,59,45
11,138,417,52,365,33,332,180,152
11,139,74,11,63,5,58,35,23
11,140,913,129,784,56,728,460,268
11,141,76,7,69,3,66,43,23
11,142,129,27,102,4,98,80,18
11,143,81,15,66,4,62,35,27
11,144,718,136,582,32,550,317,233
11,145,3176,506,2670,167,2503,1211,1292
11,146,218,33,185,13,172,115,57
11,147,20,4,16,3,13,7,6
11,148,362,53,309,38,271,166,105
11,149,72,11,61,3,58,13,45
11,150,313,50,263,20,243,127,116
11,151,289,31,258,23,235,136,99
11,152,116,19,97,4,93,53,40
11,153,155,25,130,14,116,50,66
11,154,56,13,43,4,39,25,14
11,155,60,13,47,5,42,34,8
11,156,84,11,73,6,67,38,29
11,157,183,19,164,17,147,103,44
11,158,196,28,168,21,147,78,69
11,159,124,18,106,9,97,51,46
11,160,25,5,20,2,18,16,2
11,161,74,4,70,1,69,29,40
11,162,54,7,47,2,45,27,18
11,163,43,8,35,5,30,8,22
11,164,981,116,865,73,792,420,372
11,165,278,47,231,18,213,127,86
11,166,58,8,50,1,49,29,20
11,167,73,8,65,6,59,43,16
11,168,101,20,81,6,75,54,21
11,169,85,7,78,2,76,70,6
11,170,4443,702,3741,280,3461,1729,1732
11,171,36,2,34,5,29,15,14
11,172,468,62,406,28,378,204,174
11,173,103,24,79,5,74,38,36
11,174,56,9,47,4,43,28,15
11,175,357,54,303,35,268,146,122
11,176,52,6,46,3,43,23,20
11,177,38,6,32,5,27,18,9
11,178,746,93,653,37,616,355,261
11,179,74,13,61,4,57,43,14
11,180,80,9,71,5,66,56,10
11,181,307,39,268,37,231,123,108
11,182,127,18,109,4,105,53,52
11,183,210,20,190,7,183,125,58
11,184,80,21,59,7,52,29,23
11,185,457,75,382,20,362,231,131
11,186,43,7,36,3,33,30,3
11,187,53,17,36,2,34,27,7
11,188,1209,198,1011,73,938,434,504
11,189,95,13,82,10,72,47,25
11,190,811,148,663,56,607,385,222
11,191,91,15,76,6,70,37,33
11,192,522,63,459,34,425,239,186
11,193,172,20,152,10,142,86,56
11,194,109,19,90,10,80,54,26
11,195,277,38,239,23,216,117,99
11,196,135,9,126,7,119,75,44
11,197,495,51,444,40,404,249,155
11,198,841,135,706,53,653,399,254
11,199,999,136,863,73,790,381,409
11,200,129,24,105,2,103,68,35
11,201,551,50,501,18,483,308,175
11,202,4104,689,3415,232,3183,1469,1714
11,203,6998,1301,5697,424,5273,3193,2080
11,204,38,5,33,1,32,16,16
11,205,106,7,99,7,92,43,49
11,206,6703,1175,5528,349,5179,3014,2165
11,207,187,27,160,11,149,85,64
11,208,87,17,70,4,66,28,38
11,209,175,21,154,15,139,101,38
11,210,812,99,713,64,649,319,330
11,211,405,45,360,25,335,203,132
11,212,356,45,311,24,287,167,120
11,213,46,5,41,0,41,23,18
11,214,301,33,268,14,254,98,156
11,215,635,72,563,38,525,321,204
11,216,270,35,235,13,222,127,95
11,217,943,139,804,54,750,458,292
11,218,59,6,53,5,48,27,21
11,219,43,6,37,3,34,25,9
11,220,515,68,447,36,411,261,150
11,221,190,35,155,13,142,86,56
11,222,145,12,133,10,123,89,34
11,223,22,5,17,0,17,3,14
11,224,29,2,27,3,24,20,4
11,225,652,81,571,45,526,311,215
11,226,63,10,53,0,53,27,26
11,227,29,5,24,1,23,23,0
11,228,142,11,131,9,122,73,49
11,229,57,16,41,1,40,25,15
11,230,47,10,37,8,29,8,21
11,231,62,8,54,6,48,33,15
11,232,57,7,50,4,46,24,22
11,233,562,73,489,42,447,294,153
11,234,152,22,130,4,126,81,45
11,235,69,5,64,2,62,37,25
11,236,189,28,161,11,150,83,67
11,238,78,2,76,8,68,36,32
11,239,76,14,62,7,55,41,14
11,240,440,95,345,38,307,203,104
11,241,215,42,173,23,150,96,54
11,242,142,27,115,5,110,78,32
11,243,339,49,290,14,276,143,133
11,244,102,16,86,4,82,38,44
11,245,40,9,31,0,31,26,5
11,246,53,8,45,4,41,21,20
11,247,36,1,35,1,34,17,17
11,248,57,6,51,6,45,24,21
11,249,76,10,66,3,63,50,13
11,250,38,9,29,2,27,23,4
11,251,462,63,399,12,387,282,105
11,252,253,26,227,18,209,115,94
11,253,704,90,614,33,581,293,288
11,254,1327,208,1119,66,1053,553,500
11,255,1025,135,890,83,807,519,288
11,256,357,42,315,22,293,218,75
11,257,154,15,139,9,130,77,53
11,258,1308,159,1149,85,1064,634,430
11,259,704,85,619,24,595,330,265
11,260,89,14,75,11,64,51,13
11,261,542,109,433,36,397,244,153
11,262,37148,7890,29258,1943,27315,14576,12739
11,263,200,34,166,11,155,81,74
11,264,964,119,845,65,780,462,318
11,265,70,14,56,4,52,32,20
11,266,4570,841,3729,336,3393,1520,1873
11,267,929,142,787,63,724,401,323
11,268,91,14,77,7,70,30,40
11,269,1653,284,1369,121,1248,663,585
11,270,138,35,103,9,94,54,40
11,271,30,2,28,2,26,12,14
11,272,1680,160,1520,120,1400,747,653
11,273,495,80,415,32,383,232,151
11,274,254,40,214,9,205,94,111
11,275,153,15,138,9,129,89,40
11,276,366,55,311,29,282,190,92
11,277,24,2,22,2,20,14,6
11,278,57,3,54,6,48,28,20
11,279,1756,218,1538,119,1419,745,674
11,280,701,95,606,42,564,359,205
11,281,819,116,703,40,663,327,336
11,282,52,8,44,0,44,30,14
11,283,45,7,38,1,37,20,17
11,284,320,43,277,34,243,134,109
11,285,900,132,768,51,717,375,342
11,286,844,140,704,53,651,410,241
11,287,58,9,49,5,44,26,18
11,288,974,135,839,72,767,395,372
11,289,783,98,685,53,632,399,233
11,290,90,16,74,4,70,36,34
11,291,90,10,80,3,77,41,36
11,292,128,16,112,13,99,53,46
11,293,615,96,519,48,471,239,232
11,294,39,6,33,1,32,16,16
11,295,926,144,782,63,719,428,291
11,296,348,46,302,24,278,174,104
11,297,148,21,127,12,115,73,42
11,298,144,17,127,13,114,80,34
11,299,409,45,364,35,329,189,140
11,300,123,13,110,8,102,52,50
11,301,749,136,613,39,574,370,204
11,302,226,24,202,11,191,131,60
11,303,380,51,329,27,302,183,119
11,304,2535,478,2057,147,1910,1070,840
11,305,61,9,52,2,50,40,10
11,306,43,5,38,1,37,32,5
11,307,218,44,174,19,155,101,54
11,308,259,34,225,17,208,120,88
11,309,75,18,57,3,54,36,18
11,310,129,12,117,9,108,65,43
11,311,210,41,169,12,157,107,50
11,312,78,10,68,3,65,37,28
11,313,221,29,192,15,177,88,89
11,314,67,14,53,5,48,30,18
11,315,1536,247,1289,84,1205,595,610
11,316,177,50,127,12,115,67,48
11,317,130,26,104,14,90,80,10
11,318,105,25,80,3,77,36,41
11,319,68,6,62,10,52,40,12
11,320,275,37,238,18,220,142,78
11,321,137,27,110,6,104,63,41
11,322,790,93,697,54,643,347,296
11,323,166,21,145,2,143,110,33
11,324,358,66,292,14,278,148,130
11,325,287,33,254,8,246,149,97
11,326,77,7,70,9,61,48,13
11,327,371,51,320,21,299,174,125
11,328,214,20,194,13,181,130,51
11,329,172,32,140,6,134,90,44
11,330,281,25,256,21,235,132,103
11,331,71,12,59,4,55,15,40
11,332,959,152,807,49,758,438,320
11,333,66,10,56,3,53,26,27
11,334,97,11,86,5,81,53,28
11,335,58,7,51,3,48,24,24
11,336,338,46,292,29,263,173,90
11,337,288,27,261,16,245,134,111
11,338,29,2,27,4,23,15,8
11,339,391,62,329,34,295,154,141
11,340,351,24,327,21,306,146,160
11,341,113,17,96,2,94,62,32
11,342,165,23,142,14,128,76,52
11,343,63,9,54,1,53,39,14
11,344,566,71,495,35,460,277,183
11,345,238,30,208,15,193,121,72
11,346,85,19,66,3,63,49,14
11,347,114,15,99,5,94,65,29
11,348,64,11,53,0,53,40,13
11,350,50,7,43,1,42,33,9
11,351,578,95,483,37,446,280,166
11,352,59,12,47,5,42,36,6
11,353,1138,169,969,68,901,516,385
11,354,24,2,22,3,19,19,0
11,355,258,46,212,15,197,100,97
11,356,769,77,692,55,637,344,293
11,357,184,19,165,22,143,88,55
11,358,31,8,23,1,22,16,6
11,359,319,40,279,22,257,138,119
11,360,1245,145,1100,80,1020,569,451
11,361,634,71,563,52,511,289,222
11,362,152,13,139,12,127,71,56
11,363,162,14,148,9,139,108,31
11,364,161,29,132,12,120,56,64
11,365,36,3,33,2,31,17,14
11,366,421,63,358,21,337,185,152
11,367,667,113,554,43,511,279,232
11,368,104,10,94,7,87,45,42
11,369,1836,197,1639,113,1526,839,687
11,370,2208,311,1897,134,1763,985,778
11,371,478,51,427,20,407,231,176
11,372,303,54,249,20,229,156,73
11,373,75,11,64,4,60,49,11
11,374,31,6,25,2,23,22,1
11,375,23,1,22,1,21,12,9
11,376,74,12,62,5,57,38,19
11,377,38,3,35,2,33,21,12
11,378,204,18,186,15,171,138,33
11,379,4180,761,3419,261,3158,1645,1513
11,380,129,14,115,10,105,55,50
11,381,63,17,46,1,45,34,11
11,382,237,31,206,14,192,98,94
11,383,251,25,226,20,206,99,107
11,384,102,14,88,5,83,51,32
11,385,179,29,150,11,139,84,55
11,386,322,35,287,21,266,156,110
11,387,55,4,51,3,48,34,14
11,388,65,11,54,1,53,43,10
11,389,30,6,24,3,21,12,9
11,390,436,78,358,20,338,218,120
11,391,28,3,25,1,24,22,2
11,392,217,25,192,9,183,130,53
11,393,340,39,301,15,286,162,124
11,394,96,5,91,4,87,40,47
11,395,31,3,28,4,24,19,5
11,396,389,40,349,16,333,192,141
11,397,4128,689,3439,213,3226,1847,1379
11,398,179,16,163,13,150,80,70
11,399,97,12,85,4,81,36,45
11,400,78,18,60,4,56,32,24
11,401,705,110,595,42,553,374,179
11,402,27,0,27,3,24,22,2
11,404,713,96,617,37,580,343,237
11,405,392,38,354,17,337,207,130
11,406,46,8,38,2,36,7,29
11,407,224,26,198,17,181,95,86
11,408,323,40,283,28,255,153,102
11,409,90,5,85,5,80,51,29
11,410,715,103,612,31,581,360,221
11,411,121,17,104,6,98,57,41
11,412,60,10,50,5,45,34,11
11,413,366,54,312,36,276,137,139
11,414,27,7,20,1,19,17,2
11,415,90,12,78,3,75,35,40
11,416,159,19,140,10,130,76,54
11,417,82,13,69,11,58,37,21
11,418,789,140,649,56,593,312,281
11,419,48,6,42,2,40,23,17
11,420,101,12,89,3,86,61,25
11,421,355,58,297,33,264,163,101
11,422,261,14,247,17,230,115,115
11,423,125,12,113,5,108,71,37
11,424,85,16,69,3,66,42,24
11,425,1208,155,1053,99,954,585,369
11,426,747,89,658,42,616,318,298
11,427,252,27,225,16,209,140,69
11,428,216,24,192,18,174,93,81
11,429,2774,337,2437,141,2296,1154,1142
11,430,924,98,826,57,769,433,336
11,431,216,27,189,11,178,98,80
11,432,154,21,133,16,117,57,60
11,433,723,124,599,40,559,330,229
11,434,784,124,660,52,608,316,292
11,435,164,15,149,6,143,104,39
11,436,305,49,256,16,240,140,100
11,437,596,73,523,32,491,231,260
11,438,262,30,232,17,215,117,98
11,439,290,31,259,20,239,153,86
11,440,41,5,36,0,36,36,0
11,441,1926,222,1704,132,1572,810,762
12,1,906,103,803,60,743,430,313
12,2,675,116,559,39,520,315,205
12,3,300,44,256,19,237,140,97
12,4,383,28,355,31,324,170,154
12,5,78,11,67,1,66,15,51
12,6,348,55,293,20,273,105,168
12,7,150,19,131,6,125,81,44
12,8,566,58,508,21,487,263,224
12,9,72,12,60,5,55,18,37
12,10,112,17,95,5,90,30,60
12,11,726,84,642,47,595,280,315
12,12,501,80,421,30,391,255,136
12,13,3238,548,2690,125,2565,1942,623
12,14,201,30,171,6,165,46,119
12,15,221,43,178,12,166,72,94
12,16,724,96,628,32,596,380,216
12,17,210,43,167,15,152,58,94
12,18,142,17,125,9,116,75,41
12,19,83,14,69,6,63,29,34
12,20,440,45,395,31,364,233,131
12,21,742,105,637,34,603,312,291
12,22,106,16,90,13,77,33,44
12,23,115,15,100,4,96,35,61
12,24,218,23,195,17,178,103,75
12,25,796,114,682,32,650,313,337
12,26,843,118,725,45,680,368,312
12,27,218,36,182,13,169,74,95
12,28,413,76,337,17,320,249,71
12,29,157,22,135,12,123,57,66
12,30,349,41,308,25,283,187,96
12,31,249,14,235,10,225,143,82
12,32,445,38,407,15,392,194,198
12,33,2065,238,1827,121,1706,776,930
12,34,254,28,226,13,213,129,84
12,35,157,28,129,10,119,55,64
12,36,608,93,515,22,493,192,301
12,37,540,79,461,37,424,211,213
12,38,147,23,124,7,117,56,61
12,39,319,62,257,20,237,119,118
12,40,166,16,150,12,138,70,68
12,41,229,23,206,8,198,115,83
12,42,191,15,176,17,159,94,65
12,43,1473,150,1323,107,1216,615,601
12,44,846,118,728,46,682,348,334
12,45,325,42,283,23,260,147,113
12,46,527,79,448,27,421,232,189
12,47,385,45,340,14,326,161,165
12,48,362,51,311,21,290,113,177
12,49,384,47,337,29,308,106,202
12,50,379,40,339,23,316,130,186
12,51,331,55,276,11,265,80,185
12,52,3426,538,2888,182,2706,1802,904
12,53,244,32,212,23,189,92,97
12,54,303,35,268,18,250,169,81
12,55,88,16,72,1,71,23,48
12,56,2191,262,1929,118,1811,1042,769
12,57,770,93,677,45,632,302,330
12,58,129,15,114,6,108,35,73
12,59,487,67,420,33,387,165,222
12,60,128,19,109,5,104,61,43
12,61,462,64,398,16,382,147,235
12,62,300,23,277,17,260,116,144
12,63,710,107,603,57,546,244,302
12,64,256,49,207,8,199,47,152
12,65,482,64,418,27,391,227,164
12,66,901,110,791,36,755,473,282
12,67,92,21,71,8,63,25,38
12,68,847,106,741,41,700,320,380
12,69,250,33,217,11,206,126,80
12,70,483,59,424,34,390,234,156
12,71,343,54,289,16,273,154,119
12,72,236,23,213,15,198,128,70
12,73,431,55,376,18,358,181,177
12,74,271,39,232,11,221,71,150
12,75,107,15,92,5,87,61,26
12,76,325,57,268,17,251,125,126
12,77,361,43,318,16,302,145,157
12,78,149,29,120,10,110,51,59
12,79,436,61,375,31,344,142,202
12,80,395,62,333,25,308,161,147
12,81,233,27,206,14,192,69,123
12,82,214,23,191,5,186,116,70
12,83,1329,219,1110,49,1061,789,272
12,84,1262,159,1103,81,1022,633,389
12,85,265,23,242,9,233,110,123
12,86,290,48,242,16,226,125,101
12,87,323,39,284,26,258,88,170
12,88,220,19,201,15,186,43,143
12,89,4293,855,3438,187,3251,2332,919
12,90,1565,167,1398,102,1296,716,580
12,91,375,31,344,33,311,128,183
12,92,492,51,441,18,423,164,259
12,93,154,20,134,5,129,42,87
12,94,924,141,783,48,735,342,393
12,95,195,17,178,10,168,103,65
12,96,3428,522,2906,168,2738,1168,1570
12,97,229,24,205,18,187,94,93
12,98,518,79,439,20,419,146,273
12,99,270,40,230,20,210,119,91
12,100,1987,268,1719,78,1641,1230,411
12,101,732,51,681,43,638,421,217
12,102,1809,195,1614,107,1507,766,741
12,103,298,43,255,22,233,77,156
12,104,306,25,281,22,259,165,94
12,105,926,95,831,54,777,434,343
12,106,427,58,369,24,345,105,240
12,107,279,31,248,13,235,114,121
12,108,317,30,287,24,263,147,116
12,109,102,21,81,11,70,33,37
12,110,353,53,300,22,278,119,159
12,111,416,58,358,17,341,208,133
12,112,187,23,164,9,155,72,83
12,113,345,56,289,31,258,106,152
12,114,354,49,305,24,281,166,115
12,115,246,29,217,15,202,99,103
12,116,231,21,210,19,191,50,141
12,117,188,20,168,8,160,27,133
12,118,466,73,393,20,373,124,249
12,119,928,99,829,42,787,205,582
12,120,1205,127,1078,86,992,430,562
12,121,580,95,485,29,456,248,208
12,122,115,20,95,8,87,46,41
12,123,655,72,583,40,543,323,220
12,124,289,43,246,21,225,58,167
12,125,327,60,267,19,248,141,107
12,126,232,30,202,10,192,95,97
12,127,690,113,577,53,524,275,249
12,128,233,41,192,16,176,101,75
12,129,373,43,330,28,302,104,198
12,130,965,137,828,51,777,500,277
12,131,1183,104,1079,63,1016,538,478
12,133,4247,486,3761,277,3484,1842,1642
12,134,291,27,264,22,242,166,76
12,135,346,60,286,20,266,149,117
12,136,792,105,687,69,618,342,276
12,137,514,56,458,36,422,227,195
12,138,1265,148,1117,57,1060,609,451
12,139,133,13,120,9,111,48,63
12,140,779,71,708,45,663,398,265
12,141,223,32,191,6,185,124,61
12,142,469,50,419,36,383,204,179
12,143,101,17,84,9,75,49,26
12,144,155,24,131,11,120,90,30
12,145,16636,2921,13715,937,12778,7453,5325
12,146,1653,258,1395,94,1301,774,527
12,147,154,36,118,15,103,48,55
12,148,1097,155,942,64,878,492,386
12,149,140,18,122,11,111,68,43
12,150,452,57,395,21,374,236,138
12,151,216,31,185,13,172,77,95
12,152,128,15,113,9,104,18,86
12,153,374,51,323,13,310,193,117
12,154,557,81,476,34,442,272,170
12,155,287,41,246,11,235,127,108
12,156,487,64,423,22,401,73,328
12,157,1219,154,1065,68,997,589,408
12,158,217,19,198,12,186,125,61
12,159,515,75,440,35,405,237,168
12,160,295,36,259,12,247,145,102
12,161,453,54,399,21,378,184,194
12,162,927,127,800,43,757,392,365
12,163,185,46,139,16,123,52,71
12,164,554,84,470,23,447,146,301
12,165,299,42,257,9,248,147,101
12,166,109,14,95,7,88,25,63
12,167,658,83,575,42,533,302,231
12,168,796,97,699,44,655,385,270
12,169,1607,188,1419,103,1316,691,625
12,170,295,27,268,24,244,158,86
12,171,426,58,368,38,330,189,141
12,172,485,66,419,13,406,129,277
12,173,150,21,129,11,118,60,58
12,174,2367,302,2065,113,1952,1118,834
12,175,125,16,109,8,101,34,67
12,176,7633,1144,6489,372,6117,3538,2579
12,177,284,37,247,13,234,111,123
12,178,293,17,276,31,245,124,121
12,179,100,17,83,4,79,24,55
12,180,114,21,93,6,87,44,43
12,181,220,24,196,11,185,104,81
12,182,228,27,201,9,192,94,98
12,183,225,30,195,14,181,104,77
12,184,147,31,116,8,108,34,74
12,185,1213,150,1063,73,990,411,579
12,186,205,25,180,20,160,99,61
12,187,327,51,276,8,268,83,185
12,188,281,36,245,14,231,80,151
12,189,333,50,283,20,263,132,131
12,190,272,43,229,21,208,134,74
12,191,289,40,249,13,236,120,116
12,192,217,22,195,14,181,102,79
12,193,239,31,208,20,188,72,116
12,194,694,108,586,47,539,336,203
12,195,242,18,224,21,203,83,120
12,196,395,42,353,31,322,197,125
12,197,1711,245,1466,104,1362,656,706
12,198,1645,222,1423,95,1328,736,592
12,199,1386,148,1238,85,1153,561,592
12,200,822,78,744,53,691,364,327
12,201,834,97,737,54,683,359,324
12,202,14537,2504,12033,642,11391,6382,5009
12,203,578,89,489,33,456,245,211
12,204,214,32,182,16,166,117,49
12,205,667,82,585,34,551,386,165
12,206,453,43,410,25,385,215,170
12,207,337,50,287,12,275,107,168
12,208,5812,850,4962,370,4592,2732,1860
12,209,676,115,561,21,540,188,352
12,210,349,47,302,17,285,183,102
12,211,173,22,151,8,143,53,90
12,212,107,19,88,6,82,53,29
12,213,457,55,402,34,368,200,168
12,214,427,65,362,20,342,121,221
12,215,907,118,789,60,729,448,281
12,216,1114,148,966,41,925,383,542
12,217,558,53,505,38,467,292,175
12,218,716,88,628,51,577,256,321
12,219,325,36,289,16,273,106,167
12,220,258,29,229,16,213,127,86
12,221,362,45,317,22,295,111,184
12,222,201,28,173,21,152,95,57
12,223,821,110,711,44,667,247,420
12,224,1561,259,1302,106,1196,514,682
12,225,1202,156,1046,79,967,581,386
12,226,433,77,356,26,330,131,199
12,227,148,15,133,9,124,60,64
12,228,298,41,257,22,235,131,104
12,229,187,21,166,18,148,94,54
12,230,336,44,292,19,273,117,156
12,231,619,97,522,34,488,218,270
12,232,268,35,233,19,214,119,95
12,233,232,32,200,30,170,77,93
12,234,413,50,363,18,345,198,147
12,235,208,31,177,4,173,108,65
12,236,162,14,148,10,138,43,95
12,237,507,72,435,22,413,239,174
12,238,278,19,259,13,246,131,115
12,239,216,25,191,13,178,73,105
12,240,382,59,323,17,306,167,139
12,241,1419,152,1267,70,1197,613,584
12,242,259,23,236,9,227,131,96
12,243,623,74,549,33,516,305,211
12,244,611,53,558,58,500,283,217
12,245,380,43,337,22,315,199,116
12,246,468,87,381,25,356,176,180
12,247,303,25,278,9,269,77,192
12,248,391,43,348,14,334,164,170
12,249,226,30,196,13,183,106,77
12,250,217,35,182,9,173,57,116
12,251,323,47,276,21,255,161,94
12,252,383,45,338,29,309,194,115
12,253,924,96,828,53,775,283,492
12,254,1808,250,1558,91,1467,832,635
12,255,596,74,522,28,494,258,236
12,256,334,47,287,16,271,171,100
12,257,571,58,513,36,477,310,167
12,258,949,146,803,51,752,440,312
12,259,527,66,461,35,426,220,206
12,260,184,22,162,10,152,108,44
12,261,140,21,119,7,112,58,54
12,262,684,107,577,28,549,280,269
12,263,513,68,445,22,423,242,181
12,264,2476,275,2201,137,2064,1173,891
12,265,367,44,323,27,296,88,208
12,266,468,60,408,25,383,148,235
12,267,640,89,551,40,511,206,305
12,268,416,57,359,16,343,138,205
12,269,127,17,110,15,95,44,51
12,270,1946,286,1660,116,1544,815,729
12,271,320,33,287,20,267,122,145
12,272,391,43,348,25,323,193,130
12,273,236,27,209,13,196,64,132
12,274,117,3,114,7,107,48,59
12,275,58,10,48,5,43,27,16
12,276,347,53,294,18,276,156,120
12,277,415,50,365,18,347,90,257
12,278,173,34,139,19,120,68,52
12,279,156,22,134,4,130,32,98
12,280,400,47,353,19,334,90,244
12,281,599,70,529,33,496,316,180
12,282,327,42,285,28,257,165,92
12,283,459,60,399,31,368,164,204
12,284,312,38,274,24,250,129,121
12,285,358,39,319,36,283,153,130
12,286,950,83,867,59,808,428,380
12,287,498,62,436,25,411,235,176
12,288,1176,134,1042,75,967,644,323
12,289,197,16,181,13,168,95,73
12,290,398,59,339,35,304,173,131
12,291,320,46,274,21,253,151,102
12,292,384,46,338,15,323,174,149
12,293,149,11,138,10,128,89,39
12,294,538,59,479,29,450,162,288
12,295,88,11,77,4,73,55,18
12,296,438,58,380,31,349,225,124
12,297,443,72,371,30,341,150,191
12,298,339,46,293,27,266,145,121
12,299,623,83,540,37,503,220,283
12,300,9139,1975,7164,444,6720,4205,2515
12,301,1645,228,1417,73,1344,794,550
12,303,240,17,223,12,211,94,117
12,304,97,8,89,5,84,27,57
12,305,1021,141,880,46,834,660,174
12,307,298,37,261,18,243,65,178
13,1,90498,17533,72965,2947,70018,32844,37174
13,2,16636,2472,14164,914,13250,5281,7969
13,3,1837,258,1579,85,1494,636,858
13,4,37308,7222,30086,1780,28306,14776,13530
13,5,32049,6122,25927,1518,24409,11860,12549
13,6,1215,189,1026,83,943,414,529
13,7,8588,1327,7261,425,6836,2933,3903
13,8,419,50,369,17,352,143,209
13,9,652,63,589,28,561,168,393
13,10,3086,495,2591,133,2458,903,1555
13,11,391,43,348,18,330,104,226
13,12,449,65,384,13,371,162,209
13,13,1359,146,1213,71,1142,514,628
13,14,9072,1753,7319,447,6872,3819,3053
13,15,11141,1676,9465,441,9024,3567,5457
13,16,4265,580,3685,235,3450,1563,1887
13,17,1278,159,1119,85,1034,371,663
13,18,3238,720,2518,139,2379,935,1444
13,19,7723,1364,6359,269,6090,2222,3868
13,20,1790,325,1465,81,1384,708,676
13,21,5504,769,4735,204,4531,1268,3263
13,22,6512,998,5514,204,5310,1486,3824
13,23,3500,553,2947,169,2778,985,1793
13,24,1767,304,1463,89,1374,630,744
13,25,1808,267,1541,64,1477,636,841
13,26,9664,1670,7994,533,7461,3320,4141
13,27,10211,1652,8559,523,8036,3061,4975
13,28,27384,5039,22345,1240,21105,9546,11559
13,29,1123,168,955,85,870,309,561
13,30,3526,532,2994,183,2811,1282,1529
13,31,2587,442,2145,140,2005,870,1135
13,32,6403,1168,5235,236,4999,1924,3075
13,33,4225,676,3549,221,3328,1304,2024
13,34,1566,199,1367,59,1308,475,833
13,35,5518,1131,4387,271,4116,1557,2559
13,36,3259,543,2716,131,2585,854,1731
13,37,5696,991,4705,314,4391,1886,2505
13,38,3146,396,2750,182,2568,1065,1503
13,39,12027,2519,9508,684,8824,4663,4161
13,40,6807,923,5884,310,5574,2661,2913
13,41,15858,3556,12302,732,11570,6213,5357
13,42,5308,835,4473,217,4256,1569,2687
13,43,7522,1530,5992,377,5615,2311,3304
13,44,3726,577,3149,199,2950,1205,1745
13,45,3334,660,2674,171,2503,901,1602
13,46,3250,547,2703,179,2524,1354,1170
13,47,30054,5484,24570,1720,22850,11636,11214
13,48,3562,681,2881,168,2713,1264,1449
13,49,1481,199,1282,88,1194,469,725
13,50,7164,1173,5991,344,5647,2434,3213
13,51,6569,1222,5347,379,4968,1827,3141
13,52,1732,223,1509,94,1415,445,970
13,53,4663,970,3693,233,3460,1473,1987
13,54,22100,4439,17661,1275,16386,6502,9884
13,55,484121,101146,382975,17708,365267,185797,179470
13,56,33424,5794,27630,1845,25785,13800,11985
13,57,383,53,330,20,310,131,179
13,58,1776,242,1534,73,1461,485,976
13,59,2794,551,2243,124,2119,985,1134
13,60,4111,668,3443,218,3225,1367,1858
13,61,206,16,190,13,177,49,128
13,62,3721,567,3154,158,2996,1417,1579
13,63,16022,3420,12602,978,11624,6132,5492
13,64,1969,303,1666,90,1576,501,1075
13,65,2554,378,2176,169,2007,837,1170
13,66,4217,704,3513,231,3282,1402,1880
13,67,1996,399,1597,89,1508,661,847
13,68,1189,164,1025,58,967,351,616
13,69,8127,1458,6669,381,6288,2613,3675
13,70,4811,861,3950,238,3712,1722,1990
13,71,17303,3637,13666,907,12759,5202,7557
13,72,2515,380,2135,117,2018,914,1104
13,73,4455,730,3725,221,3504,1578,1926
13,74,3296,532,2764,140,2624,1250,1374
13,75,9041,1601,7440,417,7023,2414,4609
13,76,2137,342,1795,120,1675,644,1031
13,77,11564,2553,9011,506,8505,5707,2798
13,78,6307,1088,5219,419,4800,2925,1875
13,79,1152,136,1016,55,961,414,547
13,80,4118,689,3429,183,3246,1493,1753
13,81,9236,1947,7289,509,6780,2853,3927
13,82,3658,537,3121,156,2965,1345,1620
13,83,3144,386,2758,177,2581,851,1730
13,84,3453,560,2893,150,2743,1491,1252
13,85,4114,633,3481,217,3264,1436,1828
13,86,6555,978,5577,269,5308,2285,3023
13,87,3404,442,2962,168,2794,1509,1285
13,88,3946,659,3287,212,3075,1584,1491
13,89,2311,420,1891,112,1779,678,1101
13,90,126,15,111,1,110,35,75
13,91,4451,737,3714,214,3500,1414,2086
13,92,5726,1093,4633,345,4288,1994,2294
13,93,261,20,241,16,225,79,146
13,94,1806,247,1559,94,1465,512,953
13,95,940,140,800,37,763,257,506
13,96,2676,330,2346,114,2232,580,1652
13,97,8622,1143,7479,510,6969,3293,3676
13,98,4761,811,3950,221,3729,1721,2008
13,99,687,114,573,48,525,245,280
13,100,8265,1389,6876,455,6421,2486,3935
13,101,2359,441,1918,113,1805,912,893
13,102,4751,937,3814,224,3590,1353,2237
13,103,28883,5454,23429,1339,22090,9290,12800
13,104,6746,1148,5598,293,5305,1996,3309
13,105,4594,699,3895,308,3587,1438,2149
13,106,8081,1674,6407,397,6010,3025,2985
13,107,4406,695,3711,204,3507,1615,1892
13,108,9422,2196,7226,564,6662,2883,3779
13,109,1955,369,1586,55,1531,652,879
13,110,7950,1357,6593,415,6178,2770,3408
13,111,706,14,692,124,568,277,291
13,112,6836,1068,5768,347,5421,2333,3088
13,113,6814,986,5828,274,5554,2464,3090
13,114,4274,631,3643,169,3474,1182,2292
13,115,1157,211,946,56,890,360,530
13,116,584,74,510,35,475,181,294
13,117,24330,4917,19413,1133,18280,8995,9285
13,118,2533,300,2233,106,2127,895,1232
13,119,5373,996,4377,215,4162,1336,2826
14,1,901,129,772,51,721,318,403
14,2,119,16,103,4,99,59,40
14,3,218,24,194,8,186,98,88
14,4,146,17,129,14,115,45,70
14,5,514,60,454,28,426,218,208
14,6,742,74,668,41,627,321,306
14,7,165,21,144,18,126,68,58
14,8,233,32,201,9,192,107,85
14,9,980,119,861,64,797,477,320
14,11,792,139,653,34,619,343,276
14,12,106,9,97,4,93,44,49
14,13,23,1,22,2,20,8,12
14,14,603,58,545,25,520,265,255
14,15,565,79,486,23,463,231,232
14,16,379,75,304,21,283,100,183
14,19,192,25,167,13,154,91,63
14,20,2626,431,2195,122,2073,1142,931
14,21,486,74,412,15,397,181,216
14,22,530,79,451,16,435,181,254
14,23,45,2,43,2,41,9,32
14,24,314,28,286,17,269,101,168
14,25,250,32,218,15,203,102,101
14,26,781,107,674,33,641,368,273
14,27,2089,445,1644,108,1536,839,697
14,28,248,45,203,12,191,82,109
14,29,41,6,35,3,32,7,25
14,30,1151,118,1033,44,989,564,425
14,31,61,11,50,2,48,21,27
14,32,267,42,225,9,216,60,156
14,33,187,16,171,11,160,68,92
14,34,378,36,342,21,321,176,145
14,35,675,147,528,36,492,265,227
14,36,114,15,99,4,95,35,60
14,37,339,46,293,26,267,156,111
14,38,496,70,426,21,405,244,161
14,39,534,74,460,48,412,258,154
14,40,157,13,144,7,137,88,49
14,41,124,14,110,5,105,37,68
14,42,633,63,570,32,538,282,256
14,43,76,7,69,3,66,28,38
14,44,799,134,665,41,624,350,274
14,45,224,47,177,5,172,69,103
14,46,1279,164,1115,56,1059,616,443
14,47,9394,1786,7608,370,7238,3954,3284
14,49,113,9,104,6,98,33,65
14,50,135,27,108,6,102,48,54
14,52,137,19,118,6,112,69,43
14,53,126,21,105,7,98,47,51
14,54,165,31,134,11,123,50,73
14,55,357,33,324,19,305,104,201
14,56,200,29,171,17,154,97,57
14,57,1140,155,985,49,936,605,331
14,58,103,13,90,5,85,21,64
14,59,420,54,366,9,357,69,288
14,60,1579,167,1412,87,1325,781,544
14,61,818,139,679,46,633,322,311
14,62,274,30,244,9,235,108,127
14,63,159,30,129,9,120,57,63
14,64,199,40,159,14,145,82,63
14,65,411,76,335,26,309,164,145
14,66,1894,344,1550,89,1461,785,676
14,68,2062,251,1811,89,1722,829,893
14,69,952,135,817,44,773,416,357
14,70,200,26,174,21,153,53,100
14,73,168,37,131,11,120,49,71
14,74,248,27,221,10,211,105,106
14,75,139,17,122,3,119,67,52
14,76,4126,724,3402,169,3233,2162,1071
14,77,540,91,449,17,432,155,277
14,78,287,32,255,25,230,119,111
14,79,1277,183,1094,51,1043,321,722
14,80,101,27,74,5,69,39,30
14,81,174,23,151,7,144,52,92
14,82,150,32,118,11,107,41,66
14,83,551,64,487,20,467,193,274
14,84,290,40,250,20,230,113,117
14,85,656,89,567,32,535,195,340
14,86,297,27,270,12,258,62,196
14,87,99,15,84,9,75,32,43
14,88,336,60,276,23,253,166,87
14,89,266,33,233,17,216,127,89
14,90,372,51,321,23,298,174,124
14,91,162,23,139,7,132,33,99
14,92,1012,181,831,51,780,461,319
14,93,162,22,140,6,134,40,94
14,96,177,23,154,13,141,66,75
14,97,209,15,194,13,181,118,63
14,98,1890,258,1632,108,1524,869,655
14,99,255,49,206,11,195,88,107
14,100,1159,106,1053,70,983,612,371
14,101,3132,409,2723,125,2598,1418,1180
14,102,768,89,679,38,641,222,419
14,103,280,24,256,12,244,108,136
14,104,134,15,119,0,119,30,89
14,105,105,18,87,4,83,25,58
14,106,504,54,450,25,425,255,170
14,107,116,23,93,11,82,33,49
14,109,309,26,283,16,267,141,126
14,110,114,18,96,5,91,22,69
14,111,278,41,237,22,215,110,105
14,113,281,56,225,22,203,109,94
14,115,103,14,89,5,84,31,53
14,116,88,9,79,5,74,46,28
14,117,3282,653,2629,114,2515,995,1520
14,118,60518,11328,49190,2255,46935,28473,18462
14,119,1060,148,912,55,857,557,300
14,120,974,147,827,59,768,356,412
14,121,220,49,171,10,161,76,85
14,122,92,20,72,8,64,31,33
14,123,1503,225,1278,47,1231,668,563
14,124,475,100,375,29,346,132,214
14,125,1177,137,1040,43,997,512,485
14,126,966,172,794,32,762,321,441
14,127,327,40,287,18,269,154,115
14,128,95,19,76,10,66,17,49
14,129,405,59,346,27,319,134,185
14,130,139,26,113,13,100,57,43
14,131,180,30,150,6,144,32,112
14,132,167,21,146,2,144,42,102
14,134,144,17,127,5,122,42,80
14,135,224,25,199,8,191,115,76
14,136,61,6,55,1,54,22,32
14,137,1719,244,1475,97,1378,764,614
14,138,225,52,173,9,164,71,93
14,139,289,54,235,16,219,89,130
14,140,267,34,233,20,213,103,110
14,141,114,15,99,7,92,38,54
14,142,214,26,188,20,168,61,107
14,143,823,217,606,39,567,279,288
14,144,65,7,58,1,57,35,22
14,145,314,30,284,16,268,133,135
14,146,123,21,102,10,92,56,36
14,147,120,25,95,2,93,31,62
14,148,98,13,85,4,81,41,40
14,149,262,36,226,18,208,129,79
14,150,389,45,344,21,323,202,121
14,151,273,55,218,11,207,124,83
14,152,72,16,56,5,51,22,29
14,153,47,9,38,2,36,5,31
14,154,411,70,341,24,317,167,150
14,155,201,16,185,15,170,70,100
14,156,170,20,150,5,145,70,75
14,157,862,84,778,45,733,384,349
14,158,367,50,317,18,299,178,121
14,159,181,20,161,7,154,72,82
14,160,144,23,121,4,117,66,51
14,161,283,30,253,12,241,61,180
14,162,980,155,825,57,768,383,385
14,163,248,26,222,14,208,92,116
14,164,809,89,720,30,690,422,268
14,165,143,22,121,2,119,61,58
14,166,1958,246,1712,138,1574,834,740
14,167,4118,903,3215,162,3053,2218,835
14,168,163,21,142,10,132,53,79
14,169,142,22,120,4,116,84,32
14,170,336,25,311,13,298,146,152
14,171,105,15,90,3,87,56,31
14,172,377,59,318,12,306,125,181
14,173,342,33,309,24,285,156,129
14,174,3524,621,2903,197,2706,1552,1154
14,175,169,27,142,8,134,90,44
14,176,73,15,58,2,56,28,28
14,177,651,89,562,27,535,210,325
14,178,45,10,35,2,33,18,15
14,179,114,10,104,6,98,37,61
14,180,121,22,99,10,89,52,37
14,181,3669,585,3084,185,2899,1714,1185
14,182,289,53,236,17,219,104,115
14,183,96,19,77,1,76,44,32
14,184,139,13,126,12,114,58,56
14,185,247,36,211,13,198,62,136
14,186,264,14,250,13,237,125,112
14,187,582,67,515,26,489,262,227
14,188,263,35,228,19,209,94,115
14,189,34,0,34,3,31,7,24
14,190,124,16,108,8,100,42,58
14,191,3423,510,2913,159,2754,1305,1449
14,192,348,49,299,22,277,118,159
14,193,589,89,500,30,470,248,222
14,194,484,60,424,32,392,179,213
14,195,183,35,148,19,129,59,70
14,196,190,15,175,6,169,74,95
14,197,987,125,862,39,823,469,354
14,198,214,32,182,19,163,76,87
14,200,1159,119,1040,128,912,545,367
14,201,309,67,242,17,225,103,122
14,202,171,16,155,5,150,31,119
14,203,145,19,126,6,120,53,67
14,204,180,24,156,9,147,50,97
14,205,150,20,130,13,117,57,60
14,206,233,34,199,7,192,89,103
14,207,387,51,336,24,312,172,140
14,208,344,57,287,15,272,162,110
14,209,422,65,357,23,334,180,154
14,210,98,24,74,1,73,27,46
14,211,268,40,228,16,212,103,109
14,212,137,18,119,1,118,50,68
14,213,376,44,332,21,311,205,106
14,214,145,34,111,5,106,60,46
14,215,1468,193,1275,85,1190,761,429
14,216,149,17,132,7,125,60,65
14,217,108,12,96,6,90,45,45
14,218,254,50,204,9,195,68,127
14,219,130,30,100,7,93,50,43
14,220,3732,812,2920,99,2821,774,2047
14,221,2450,306,2144,129,2015,1315,700
14,222,60,10,50,5,45,10,35
14,223,78,14,64,4,60,25,35
14,224,57,12,45,6,39,18,21
14,225,4341,796,3545,201,3344,2142,1202
14,226,197,33,164,11,153,80,73
14,227,199,20,179,13,166,65,101
14,228,3967,644,3323,148,3175,1763,1412
14,229,1191,224,967,50,917,422,495
14,230,105,13,92,9,83,32,51
14,231,356,64,292,15,277,125,152
14,232,138,17,121,12,109,65,44
14,235,162,17,145,5,140,54,86
14,236,294,43,251,11,240,137,103
14,237,422,66,356,28,328,174,154
14,238,111,12,99,6,93,24,69
14,239,81,17,64,5,59,14,45
14,240,374,44,330,18,312,185,127
14,241,478,56,422,31,391,201,190
14,242,1066,128,938,49,889,498,391
14,243,943,132,811,31,780,320,460
14,244,243,21,222,9,213,107,106
14,245,231,37,194,9,185,101,84
14,246,530,70,460,25,435,237,198
14,248,162,16,146,12,134,81,53
14,249,932,96,836,39,797,444,353
14,250,278,39,239,13,226,128,98
14,251,364,55,309,13,296,153,143
14,252,156,20,136,10,126,65,61
14,253,242,45,197,17,180,70,110
14,254,1027,100,927,41,886,491,395
14,255,231,20,211,20,191,113,78
14,256,239,31,208,11,197,90,107
14,257,1205,106,1099,61,1038,510,528
14,258,5547,1263,4284,245,4039,2362,1677
14,259,106,20,86,4,82,23,59
14,260,212,19,193,2,191,67,124
14,261,241,26,215,10,205,66,139
14,264,194,36,158,9,149,60,89
14,265,493,99,394,23,371,227,144
14,266,1021,128,893,42,851,447,404
14,268,396,65,331,15,316,188,128
14,269,161,23,138,6,132,37,95
14,270,329,37,292,24,268,102,166
14,271,2950,480,2470,118,2352,1579,773
14,272,101,23,78,3,75,26,49
14,273,155,44,111,6,105,36,69
14,274,1545,142,1403,74,1329,697,632
14,275,346,29,317,9,308,151,157
14,276,266,41,225,11,214,119,95
14,277,1233,164,1069,70,999,617,382
14,278,785,93,692,39,653,363,290
14,279,121,19,102,8,94,49,45
14,280,181,26,155,5,150,57,93
14,281,194,45,149,7,142,49,93
14,282,144,17,127,6,121,45,76
14,283,147,25,122,8,114,64,50
14,284,146,19,127,8,119,78,41
14,285,54,16,38,5,33,8,25
14,286,324,43,281,14,267,117,150
14,287,1320,152,1168,61,1107,629,478
14,288,652,72,580,22,558,331,227
14,289,372,30,342,23,319,182,137
14,290,568,97,471,28,443,284,159
14,291,195,14,181,16,165,64,101
14,292,215,54,161,8,153,57,96
14,293,228,31,197,9,188,59,129
14,294,596,84,512,22,490,290,200
14,296,183,43,140,8,132,53,79
14,297,292,36,256,13,243,132,111
14,298,124,14,110,9,101,34,67
14,299,524,81,443,36,407,155,252
14,300,45,4,41,6,35,16,19
14,301,3638,616,3022,161,2861,1989,872
14,302,155,11,144,8,136,46,90
14,303,748,123,625,47,578,242,336
14,304,697,101,596,35,561,224,337
14,305,574,80,494,19,475,145,330
14,306,315,32,283,14,269,116,153
14,307,137,21,116,6,110,68,42
14,308,146,24,122,4,118,40,78
14,309,596,85,511,35,476,356,120
14,310,500,52,448,33,415,226,189
14,311,706,105,601,28,573,326,247
14,312,1508,328,1180,67,1113,394,719
14,313,62,4,58,3,55,24,31
14,316,228,36,192,10,182,74,108
14,317,913,116,797,50,747,428,319
14,318,454,74,380,17,363,199,164
14,319,675,110,565,22,543,366,177
14,320,223,40,183,13,170,89,81
14,322,188,18,170,11,159,47,112
14,324,332,37,295,14,281,146,135
14,325,2391,416,1975,82,1893,987,906
14,326,653,71,582,38,544,217,327
14,327,13216,2734,10482,482,10000,7228,2772
14,328,891,101,790,56,734,480,254
14,329,83,22,61,2,59,21,38
14,330,146,15,131,6,125,37,88
14,331,210,26,184,9,175,66,109
14,332,521,82,439,40,399,237,162
14,333,5621,1351,4270,208,4062,2127,1935
14,334,213,37,176,6,170,56,114
14,335,265,36,229,8,221,78,143
14,336,331,39,292,24,268,128,140
14,337,223,17,206,11,195,87,108
14,338,1753,292,1461,65,1396,560,836
14,339,234,23,211,12,199,95,104
14,341,7207,1178,6029,301,5728,3582,2146
14,342,2035,460,1575,76,1499,676,823
14,343,58,10,48,3,45,21,24
14,344,344,46,298,18,280,109,171
14,345,245,52,193,9,184,84,100
14,346,548,81,467,27,440,198,242
14,347,493,109,384,31,353,194,159
14,348,64,4,60,2,58,25,33
14,349,427,54,373,34,339,187,152
14,350,45,4,41,2,39,22,17
14,352,670,110,560,35,525,183,342
14,353,290,34,256,13,243,125,118
14,354,1458,217,1241,53,1188,685,503
14,355,520,65,455,21,434,265,169
14,356,479,50,429,14,415,182,233
14,357,250,50,200,17,183,67,116
14,358,68,4,64,5,59,19,40
14,359,131,26,105,10,95,48,47
14,360,122,10,112,5,107,58,49
14,361,131,21,110,11,99,41,58
14,362,139,30,109,5,104,39,65
14,364,343,37,306,12,294,120,174
14,365,2110,319,1791,86,1705,981,724
14,366,14167,3448,10719,591,10128,5322,4806
14,367,354,46,308,18,290,124,166
14,368,266,58,208,11,197,81,116
14,369,216,46,170,15,155,70,85
14,370,2121,398,1723,113,1610,821,789
14,371,1571,272,1299,80,1219,549,670
14,372,627,98,529,30,499,244,255
14,373,208,29,179,7,172,101,71
14,374,99,13,86,5,81,39,42
14,375,130,30,100,10,90,65,25
14,376,166,18,148,6,142,75,67
14,377,497,59,438,32,406,189,217
14,378,228,33,195,16,179,62,117
14,379,288,44,244,15,229,116,113
14,380,132,8,124,7,117,49,68
14,381,65,8,57,8,49,10,39
14,382,71,8,63,2,61,32,29
14,383,2036,307,1729,103,1626,964,662
14,384,2661,442,2219,119,2100,1114,986
14,385,118,23,95,5,90,39,51
14,386,448,65,383,16,367,210,157
14,387,260,37,223,14,209,107,102
14,388,362,61,301,22,279,147,132
14,389,183,34,149,14,135,61,74
14,390,155,23,132,7,125,69,56
14,391,267,23,244,9,235,93,142
14,393,258,35,223,17,206,114,92
14,394,353,68,285,23,262,171,91
14,395,23,4,19,1,18,10,8
14,396,618,53,565,28,537,291,246
14,397,261,43,218,7,211,85,126
14,398,449,76,373,21,352,144,208
14,399,291,43,248,10,238,93,145
14,400,136,13,123,5,118,48,70
14,401,98,10,88,2,86,42,44
14,402,76,12,64,2,62,36,26
14,403,580,69,511,30,481,194,287
14,404,78,16,62,1,61,16,45
14,405,258,33,225,14,211,95,116
14,406,289,33,256,10,246,120,126
14,407,1685,186,1499,65,1434,622,812
14,408,1437,204,1233,80,1153,724,429
14,409,1722,267,1455,79,1376,592,784
14,410,698,86,612,38,574,339,235
14,411,166,18,148,5,143,73,70
14,412,57,11,46,3,43,18,25
14,413,229,38,191,12,179,88,91
14,414,176,19,157,15,142,53,89
14,415,35,3,32,1,31,16,15
14,416,82,5,77,7,70,37,33
14,417,733,108,625,42,583,319,264
14,418,247,40,207,15,192,84,108
14,419,262,59,203,15,188,64,124
14,420,198,20,178,15,163,67,96
14,421,439,50,389,13,376,184,192
14,422,794,113,681,36,645,268,377
14,423,216,28,188,12,176,79,97
14,424,152,30,122,13,109,45,64
14,425,147,23,124,7,117,48,69
14,426,158,19,139,10,129,43,86
14,427,220,20,200,13,187,108,79
14,429,303,73,230,24,206,86,120
14,430,144,16,128,7,121,36,85
14,431,3234,630,2604,171,2433,1633,800
14,432,400,58,342,13,329,154,175
14,433,126,27,99,6,93,43,50
14,435,147,19,128,2,126,47,79
14,436,395,44,351,17,334,173,161
14,437,6956,1221,5735,316,5419,3635,1784
14,438,374,61,313,22,291,162,129
14,439,91,14,77,3,74,15,59
14,440,72,18,54,3,51,20,31
14,441,184,29,155,15,140,59,81
14,442,382,51,331,22,309,187,122
14,443,265,64,201,9,192,70,122
14,444,115,15,100,8,92,35,57
14,445,83,5,78,3,75,32,43
14,446,64,0,64,13,51,22,29
14,448,47,9,38,1,37,17,20
14,449,347,38,309,17,292,135,157
14,450,169,42,127,7,120,48,72
14,452,403,69,334,18,316,164,152
14,453,261,28,233,17,216,99,117
14,454,964,103,861,42,819,464,355
14,455,194,25,169,10,159,95,64
14,456,1371,175,1196,72,1124,632,492
14,457,96,16,80,2,78,24,54
14,458,254,47,207,10,197,84,113
14,459,63,7,56,1,55,12,43
14,460,1027,156,871,52,819,315,504
14,461,274,29,245,19,226,132,94
14,462,359,75,284,19,265,132,133
14,465,368,39,329,15,314,167,147
14,466,249,40,209,16,193,60,133
14,467,216,37,179,18,161,87,74
14,468,257,26,231,16,215,108,107
14,469,86,8,78,4,74,33,41
14,471,302,44,258,17,241,87,154
14,473,99,14,85,5,80,29,51
14,474,130,23,107,5,102,28,74
14,475,810,101,709,38,671,377,294
14,476,162,20,142,10,132,72,60
14,477,232,33,199,12,187,103,84
14,478,1521,306,1215,77,1138,481,657
14,480,410,71,339,13,326,134,192
14,481,211,38,173,9,164,60,104
14,482,170,11,159,7,152,84,68
14,483,152,27,125,10,115,64,51
14,484,149,14,135,4,131,48,83
14,486,406,64,342,31,311,185,126
14,487,653,74,579,29,550,217,333
14,488,7710,1526,6184,278,5906,2935,2971
14,489,222,51,171,8,163,83,80
14,491,150,17,133,17,116,80,36
14,492,254,26,228,9,219,52,167
14,493,200,33,167,15,152,72,80
14,494,114,19,95,4,91,29,62
14,495,398,34,364,20,344,137,207
14,496,42,2,40,2,38,22,16
14,497,229,36,193,16,177,114,63
14,498,178,23,155,9,146,72,74
14,499,399,55,344,22,322,159,163
14,500,129,17,112,5,107,30,77
14,501,185,22,163,15,148,81,67
14,502,74,16,58,3,55,25,30
14,503,179,20,159,7,152,93,59
14,504,574,82,492,39,453,174,279
14,505,116,15,101,7,94,45,49
14,506,197,26,171,9,162,67,95
14,508,254,45,209,22,187,90,97
14,509,191,23,168,3,165,77,88
14,510,42,4,38,6,32,18,14
14,511,64,10,54,1,53,27,26
14,512,76,8,68,8,60,36,24
14,513,371,55,316,17,299,144,155
14,514,3111,635,2476,115,2361,1033,1328
14,515,1599,321,1278,58,1220,488,732
14,516,1307,198,1109,74,1035,735,300
14,517,70,4,66,2,64,26,38
14,518,46,6,40,4,36,9,27
14,519,89,4,85,6,79,43,36
14,520,615,79,536,40,496,214,282
14,521,190,23,167,8,159,52,107
14,522,310,36,274,30,244,110,134
14,523,297,40,257,27,230,122,108
14,524,257,31,226,6,220,100,120
14,525,309,38,271,16,255,138,117
14,527,247,38,209,10,199,82,117
14,528,296,66,230,9,221,60,161
14,529,166,22,144,8,136,78,58
14,530,1471,244,1227,68,1159,641,518
14,531,38,3,35,1,34,12,22
14,532,205,28,177,17,160,84,76
14,533,75,18,57,5,52,19,33
14,534,283,41,242,11,231,70,161
14,535,445,55,390,24,366,214,152
14,536,1388,232,1156,68,1088,555,533
14,538,529,51,478,23,455,285,170
14,539,77,12,65,11,54,32,22
14,540,300,36,264,11,253,59,194
14,541,115,21,94,7,87,38,49
14,542,492,65,427,17,410,213,197
14,543,1030,92,938,42,896,446,450
14,544,144,13,131,6,125,64,61
14,545,749,64,685,45,640,351,289
14,546,159,21,138,4,134,78,56
14,547,98,13,85,3,82,32,50
14,548,120,15,105,3,102,58,44
14,549,168,23,145,15,130,54,76
14,550,79,8,71,4,67,20,47
14,551,132,21,111,6,105,41,64
14,552,390,54,336,25,311,152,159
14,553,94,18,76,5,71,26,45
14,554,332,25,307,25,282,165,117
14,555,346,48,298,12,286,100,186
14,556,1335,171,1164,60,1104,681,423
14,557,938,146,792,47,745,239,506
14,558,589,66,523,22,501,222,279
14,559,194,47,147,9,138,48,90
14,562,1854,309,1545,72,1473,766,707
14,563,296,28,268,16,252,110,142
14,564,144,15,129,6,123,68,55
14,565,222,22,200,10,190,67,123
14,566,1987,243,1744,83,1661,817,844
14,568,229,26,203,9,194,110,84
14,569,194,24,170,8,162,76,86
14,570,479,75,404,24,380,191,189
14,571,239,35,204,9,195,74,121
14,572,632,94,538,39,499,258,241
14,573,68,11,57,5,52,24,28
14,574,1368,246,1122,71,1051,453,598
14,575,380,57,323,16,307,90,217
14,576,128,18,110,7,103,39,64
14,577,233,41,192,9,183,91,92
14,578,1128,173,955,53,902,342,560
14,579,568,105,463,33,430,208,222
14,580,96,15,81,5,76,28,48
14,581,225,37,188,16,172,104,68
14,582,569,70,499,35,464,216,248
14,583,138,11,127,2,125,33,92
14,584,1537,194,1343,90,1253,666,587
14,585,740,96,644,47,597,313,284
14,586,143,20,123,2,121,39,82
14,587,1729,283,1446,77,1369,899,470
14,588,206,26,180,13,167,97,70
14,589,672,80,592,36,556,376,180
14,590,106,21,85,2,83,27,56
14,591,417,72,345,18,327,136,191
14,592,1047,142,905,61,844,440,404
14,593,566,115,451,26,425,158,267
14,595,184,24,160,6,154,54,100
14,596,157,21,136,7,129,68,61
14,597,261,44,217,13,204,91,113
14,598,159,18,141,11,130,43,87
14,599,374,55,319,26,293,135,158
14,600,477,60,417,37,380,158,222
14,601,160,22,138,9,129,46,83
14,602,181,35,146,8,138,73,65
14,603,354,46,308,19,289,174,115
14,604,158,19,139,9,130,55,75
14,605,268,41,227,10,217,97,120
14,606,146,17,129,2,127,62,65
14,607,138,17,121,9,112,49,63
14,608,161,31,130,4,126,53,73
14,609,288,37,251,17,234,107,127
14,610,1344,188,1156,69,1087,523,564
14,611,406,54,352,25,327,158,169
14,613,87,16,71,5,66,25,41
14,614,629,132,497,35,462,233,229
14,615,157,21,136,7,129,66,63
14,616,319,78,241,16,225,100,125
14,618,467,64,403,28,375,195,180
14,619,74,11,63,4,59,13,46
14,620,341,68,273,10,263,78,185
14,621,411,103,308,30,278,115,163
14,622,108,20,88,7,81,43,38
14,623,1873,280,1593,88,1505,840,665
14,625,684,97,587,37,550,273,277
14,626,676,119,557,47,510,261,249
14,627,318,56,262,15,247,140,107
14,628,438,82,356,16,340,182,158
14,629,858,184,674,51,623,293,330
14,630,545,95,450,25,425,224,201
14,632,198,36,162,11,151,62,89
14,633,86,9,77,1,76,39,37
14,634,136,14,122,7,115,47,68
14,635,125,14,111,8,103,55,48
14,636,264,48,216,16,200,99,101
14,637,152,15,137,10,127,71,56
14,638,79,10,69,1,68,24,44
14,639,228,35,193,14,179,76,103
14,640,188,14,174,7,167,55,112
14,643,570,115,455,37,418,245,173
14,644,516,67,449,20,429,165,264
14,645,143,10,133,8,125,27,98
14,646,303,24,279,19,260,142,118
14,647,363,47,316,23,293,119,174
14,648,356,44,312,20,292,117,175
14,649,313,35,278,19,259,137,122
14,650,133,30,103,9,94,55,39
14,651,166,35,131,13,118,60,58
14,652,71,18,53,1,52,22,30
14,653,294,49,245,21,224,105,119
14,654,2420,653,1767,93,1674,819,855
14,655,270,49,221,11,210,110,100
14,656,778,134,644,50,594,352,242
14,657,248,19,229,14,215,95,120
14,658,964,181,783,42,741,345,396
14,659,879,121,758,39,719,377,342
14,660,84,17,67,1,66,7,59
14,661,112,9,103,6,97,41,56
14,662,186,40,146,6,140,76,64
14,663,1614,236,1378,82,1296,631,665
14,664,177,32,145,7,138,52,86
14,665,222,36,186,11,175,80,95
14,666,1322,195,1127,70,1057,592,465
14,667,173,27,146,7,139,71,68
14,668,176,31,145,8,137,62,75
14,669,145,18,127,8,119,48,71
14,670,293,28,265,11,254,116,138
14,671,294,48,246,8,238,84,154
14,672,317,60,257,19,238,92,146
14,674,69,2,67,2,65,34,31
14,675,1526,168,1358,84,1274,762,512
14,676,790,99,691,37,654,367,287
14,677,211,33,178,11,167,87,80
14,678,414,67,347,17,330,206,124
14,679,491,60,431,29,402,210,192
14,680,122,20,102,6,96,27,69
14,681,106,12,94,12,82,24,58
14,682,402,44,358,24,334,144,190
14,684,175,21,154,11,143,63,80
14,685,1135,106,1029,54,975,586,389
14,686,190,31,159,8,151,60,91
14,687,138,23,115,14,101,44,57
14,688,244,43,201,13,188,96,92
14,689,1407,232,1175,63,1112,619,493
14,690,102,0,102,10,92,52,40
14,691,96,10,86,6,80,38,42
14,692,1246,269,977,64,913,499,414
14,693,201,33,168,7,161,43,118
14,694,353,40,313,23,290,107,183
14,695,305,48,257,16,241,131,110
14,696,111,18,93,4,89,29,60
14,697,1121,181,940,35,905,417,488
14,698,230,55,175,7,168,85,83
14,699,2919,580,2339,109,2230,833,1397
14,700,413,40,373,26,347,154,193
14,701,824,115,709,23,686,125,561
14,702,262,36,226,12,214,116,98
14,703,260,36,224,11,213,116,97
14,704,420,70,350,24,326,160,166
14,705,137,21,116,8,108,56,52
14,706,233,29,204,9,195,60,135
14,707,810,95,715,50,665,395,270
14,708,265,55,210,11,199,99,100
14,709,282,25,257,20,237,95,142
14,710,83,14,69,1,68,21,47
14,711,749,160,589,38,551,229,322
14,712,2588,372,2216,103,2113,1149,964
14,713,279,41,238,17,221,96,125
14,714,555,80,475,33,442,226,216
14,715,4049,926,3123,134,2989,1180,1809
14,716,176,31,145,10,135,52,83
14,717,459,54,405,29,376,157,219
14,718,90,6,84,0,84,34,50
14,719,379,47,332,21,311,171,140
14,720,627,83,544,39,505,300,205
14,721,366,40,326,26,300,150,150
14,722,228,35,193,12,181,73,108
14,723,233,33,200,12,188,65,123
14,724,821,115,706,38,668,220,448
14,726,1308,197,1111,92,1019,498,521
14,727,348,90,258,19,239,127,112
14,728,306,38,268,13,255,102,153
14,729,161,25,136,10,126,70,56
14,730,1180,127,1053,52,1001,524,477
14,731,210,44,166,5,161,58,103
14,732,257,29,228,11,217,116,101
14,733,226,21,205,11,194,106,88
14,734,229,22,207,14,193,95,98
14,735,635,135,500,30,470,225,245
14,737,318,50,268,4,264,115,149
14,738,2701,371,2330,129,2201,1321,880
14,739,1226,148,1078,64,1014,492,522
14,740,787,156,631,35,596,263,333
14,741,74,6,68,2,66,33,33
14,742,52,12,40,8,32,10,22
14,743,109,14,95,6,89,16,73
14,744,237,29,208,9,199,90,109
14,745,253,41,212,8,204,63,141
14,746,609,98,511,52,459,232,227
14,747,492,46,446,32,414,269,145
14,748,90,19,71,5,66,20,46
14,749,333,42,291,24,267,173,94
14,750,238,42,196,10,186,82,104
14,751,211,23,188,10,178,75,103
14,752,2024,325,1699,112,1587,865,722
14,753,492,60,432,27,405,233,172
14,754,2301,437,1864,75,1789,598,1191
14,755,595,67,528,22,506,227,279
14,756,154,20,134,8,126,63,63
14,757,225,31,194,10,184,110,74
14,758,583,78,505,29,476,236,240
14,759,203,21,182,11,171,83,88
14,760,543,70,473,33,440,249,191
14,761,463,67,396,15,381,207,174
14,762,8376,1669,6707,387,6320,3562,2758
14,763,140,28,112,4,108,42,66
14,764,740,115,625,45,580,344,236
15,1,822,171,651,42,609,330,279
15,2,191,27,164,18,146,51,95
15,3,601,97,504,21,483,272,211
15,4,374,58,316,23,293,143,150
15,5,269,24,245,21,224,107,117
15,6,661,104,557,35,522,236,286
15,7,106,13,93,4,89,24,65
15,8,241,33,208,10,198,111,87
15,9,232,45,187,5,182,107,75
15,10,172,20,152,14,138,92,46
15,11,181,19,162,9,153,78,75
15,12,5058,721,4337,277,4060,2372,1688
15,13,206,39,167,17,150,62,88
15,14,18638,3658,14980,814,14166,8743,5423
15,15,210,40,170,11,159,77,82
15,16,489,66,423,31,392,205,187
15,17,118,19,99,8,91,32,59
15,18,124,22,102,9,93,41,52
15,19,210,26,184,7,177,131,46
15,20,95,26,69,3,66,23,43
15,21,539,76,463,33,430,200,230
15,22,179,19,160,14,146,75,71
15,24,74,14,60,9,51,23,28
15,25,250,26,224,13,211,79,132
15,26,205,27,178,13,165,63,102
15,27,382,63,319,18,301,142,159
15,28,305,30,275,18,257,122,135
15,29,479,78,401,22,379,176,203
15,30,215,33,182,15,167,97,70
15,31,215,41,174,8,166,68,98
15,32,75,9,66,3,63,32,31
15,33,246,42,204,6,198,68,130
15,34,174,25,149,13,136,57,79
15,35,419,68,351,17,334,157,177
15,36,480,108,372,31,341,161,180
15,37,957,196,761,42,719,510,209
15,38,944,168,776,41,735,462,273
15,40,135,33,102,8,94,39,55
15,41,218,28,190,6,184,73,111
15,42,301,40,261,18,243,70,173
15,43,109,18,91,9,82,34,48
15,44,126,13,113,12,101,52,49
15,45,707,89,618,39,579,223,356
15,46,211,27,184,16,168,107,61
15,47,109,12,97,13,84,31,53
15,48,41,9,32,1,31,6,25
15,49,268,44,224,8,216,70,146
15,50,231,52,179,8,171,59,112
15,51,224,45,179,11,168,55,113
15,52,189,40,149,13,136,74,62
15,53,390,59,331,33,298,196,102
15,54,814,155,659,49,610,310,300
15,55,353,47,306,20,286,142,144
15,56,543,55,488,21,467,274,193
15,57,210,31,179,8,171,90,81
15,58,147,22,125,10,115,60,55
15,59,124,6,118,3,115,54,61
15,60,50,8,42,2,40,10,30
15,61,276,36,240,6,234,78,156
15,63,357,54,303,27,276,149,127
15,64,69,17,52,6,46,21,25
15,65,75,9,66,2,64,25,39
15,66,155,31,124,8,116,69,47
15,67,51,7,44,3,41,18,23
15,68,328,70,258,14,244,93,151
15,69,284,53,231,18,213,93,120
15,70,239,43,196,14,182,92,90
15,71,66,8,58,4,54,32,22
15,72,185,37,148,12,136,76,60
15,73,96,14,82,1,81,21,60
15,74,616,78,538,26,512,248,264
15,75,69,15,54,7,47,15,32
15,76,196,34,162,5,157,87,70
15,77,56,3,53,2,51,6,45
15,78,135,14,121,10,111,38,73
15,79,366,47,319,13,306,184,122
15,80,167,32,135,12,123,47,76
15,81,112,10,102,2,100,47,53
15,82,291,44,247,10,237,81,156
15,83,1581,207,1374,79,1295,684,611
15,84,218,22,196,11,185,54,131
15,85,373,61,312,21,291,149,142
15,86,64,11,53,4,49,9,40
15,87,256,26,230,23,207,105,102
15,88,388,38,350,27,323,177,146
15,89,406,65,341,25,316,127,189
15,90,442,53,389,40,349,146,203
15,91,114,29,85,5,80,31,49
15,92,1242,180,1062,60,1002,579,423
15,93,95,15,80,8,72,20,52
15,94,644,98,546,27,519,298,221
15,95,283,40,243,10,233,100,133
15,96,251,40,211,20,191,85,106
15,97,116,15,101,6,95,39,56
15,98,112,19,93,9,84,30,54
15,99,220,39,181,8,173,77,96
15,100,97,12,85,3,82,29,53
15,101,481,68,413,26,387,183,204
15,102,116,13,103,5,98,34,64
15,103,212,39,173,6,167,74,93
15,104,305,43,262,20,242,120,122
15,105,39,2,37,0,37,9,28
15,106,162,14,148,8,140,32,108
15,107,192,36,156,10,146,60,86
15,108,415,55,360,23,337,160,177
15,110,168,30,138,5,133,69,64
15,111,204,33,171,11,160,83,77
15,112,105,14,91,11,80,17,63
15,113,250,43,207,11,196,77,119
15,114,472,89,383,17,366,150,216
15,116,186,34,152,9,143,63,80
15,117,510,53,457,49,408,182,226
15,118,596,75,521,28,493,220,273
15,119,1449,211,1238,78,1160,575,585
15,120,2835,515,2320,154,2166,1189,977
15,121,84,18,66,7,59,17,42
15,122,1694,242,1452,93,1359,796,563
15,123,162,19,143,7,136,62,74
15,124,469,73,396,16,380,218,162
15,125,112,16,96,2,94,37,57
15,126,109,22,87,10,77,26,51
15,127,261,37,224,15,209,111,98
15,128,140,21,119,6,113,56,57
15,129,215,44,171,14,157,85,72
15,130,128,17,111,6,105,37,68
15,131,254,50,204,14,190,83,107
15,132,60,9,51,1,50,12,38
15,133,95,9,86,9,77,41,36
15,134,657,66,591,26,565,249,316
15,135,98,4,94,4,90,32,58
15,136,294,55,239,24,215,88,127
15,137,274,42,232,11,221,108,113
15,138,1390,197,1193,64,1129,571,558
15,139,93,13,80,1,79,17,62
15,140,1685,247,1438,89,1349,794,555
15,141,812,121,691,44,647,338,309
15,142,971,132,839,46,793,321,472
15,143,111,11,100,6,94,38,56
15,144,265,24,241,16,225,110,115
15,145,234,41,193,13,180,71,109
15,146,164,30,134,7,127,19,108
15,147,275,33,242,20,222,136,86
15,148,398,61,337,13,324,129,195
15,149,181,29,152,6,146,36,110
15,150,226,26,200,10,190,98,92
15,151,176,38,138,13,125,44,81
15,152,675,93,582,26,556,187,369
15,153,1529,231,1298,82,1216,653,563
15,154,941,128,813,29,784,389,395
15,155,98,25,73,1,72,41,31
15,156,446,66,380,33,347,164,183
15,157,258,31,227,13,214,118,96
15,158,117,22,95,1,94,41,53
15,159,280,44,236,10,226,84,142
15,160,872,121,751,33,718,435,283
15,161,112,21,91,8,83,22,61
15,162,2188,451,1737,86,1651,903,748
15,163,813,117,696,45,651,319,332
15,164,499,60,439,28,411,170,241
15,165,183,32,151,10,141,81,60
15,166,207,30,177,21,156,69,87
15,167,103,13,90,5,85,41,44
15,168,527,82,445,22,423,198,225
15,169,719,120,599,34,565,319,246
15,170,239,40,199,12,187,91,96
15,171,152,22,130,4,126,56,70
15,172,108,16,92,5,87,39,48
15,173,158,32,126,3,123,58,65
15,174,270,43,227,23,204,62,142
15,175,837,140,697,33,664,286,378
15,176,212,28,184,19,165,75,90
15,178,121,22,99,3,96,28,68
15,179,218,26,192,13,179,66,113
15,180,70,6,64,3,61,35,26
15,181,515,69,446,29,417,239,178
15,182,107,17,90,7,83,52,31
15,183,104,20,84,1,83,34,49
15,184,598,65,533,33,500,280,220
15,185,220,51,169,12,157,91,66
15,186,202,44,158,14,144,75,69
15,187,4255,741,3514,245,3269,1582,1687
15,188,869,111,758,40,718,348,370
15,189,212,24,188,7,181,102,79
15,190,109,15,94,5,89,33,56
15,191,604,128,476,32,444,196,248
15,192,275,38,237,19,218,108,110
15,194,128,12,116,13,103,55,48
15,195,225,49,176,7,169,76,93
15,196,1135,144,991,67,924,473,451
15,197,79,9,70,3,67,31,36
15,198,107,13,94,3,91,24,67
15,199,68,16,52,2,50,17,33
15,200,147,29,118,11,107,55,52
15,201,230,34,196,6,190,59,131
15,202,716,122,594,42,552,305,247
15,203,155,18,137,5,132,49,83
15,204,1183,130,1053,66,987,622,365
15,205,132,22,110,7,103,40,63
15,206,157,31,126,5,121,55,66
15,207,313,29,284,17,267,113,154
15,208,134,23,111,2,109,48,61
15,209,125,16,109,5,104,16,88
15,211,262,44,218,9,209,112,97
15,212,274,41,233,26,207,120,87
15,213,243,51,192,14,178,68,110
15,214,177,16,161,13,148,102,46
15,215,947,107,840,57,783,413,370
15,216,364,46,318,13,305,61,244
15,217,88,11,77,4,73,29,44
15,218,90,24,66,1,65,36,29
15,219,299,34,265,12,253,92,161
15,220,165,23,142,8,134,67,67
15,221,1039,128,911,50,861,530,331
15,222,188,20,168,5,163,74,89
15,223,195,31,164,16,148,78,70
15,224,117,12,105,9,96,62,34
15,225,197,31,166,7,159,54,105
15,226,198,29,169,13,156,54,102
15,227,134,20,114,7,107,44,63
15,228,504,83,421,30,391,189,202
15,229,99,12,87,4,83,23,60
15,230,182,23,159,5,154,92,62
15,231,516,81,435,36,399,162,237
15,232,193,29,164,6,158,71,87
15,233,183,13,170,16,154,81,73
15,234,314,52,262,13,249,107,142
15,235,427,63,364,43,321,146,175
15,236,580,90,490,26,464,204,260
15,237,156,21,135,6,129,49,80
15,238,148,27,121,13,108,47,61
15,240,179,29,150,16,134,74,60
15,241,54,7,47,1,46,14,32
15,242,92,13,79,6,73,24,49
15,243,516,101,415,24,391,182,209
15,244,357,53,304,26,278,117,161
15,245,197,25,172,8,164,74,90
15,246,236,48,188,16,172,88,84
15,247,33,8,25,0,25,3,22
15,248,489,51,438,32,406,141,265
15,249,85,8,77,4,73,30,43
15,250,454,94,360,28,332,199,133
15,251,159,28,131,13,118,56,62
15,252,304,27,277,12,265,146,119
15,253,79,11,68,2,66,37,29
15,254,130,16,114,7,107,73,34
15,255,932,106,826,43,783,411,372
15,256,85,19,66,3,63,29,34
15,257,129,21,108,8,100,54,46
15,258,1534,214,1320,96,1224,600,624
15,259,237,30,207,10,197,80,117
15,260,97,15,82,6,76,39,37
15,261,816,131,685,53,632,333,299
15,262,481,71,410,30,380,174,206
15,263,145,20,125,7,118,53,65
15,264,261,55,206,16,190,103,87
15,265,1442,208,1234,70,1164,772,392
15,266,458,64,394,21,373,225,148
15,267,3225,408,2817,163,2654,1540,1114
15,268,753,105,648,36,612,348,264
15,269,126,24,102,9,93,55,38
16,1,382,74,308,17,291,149,142
16,2,340,50,290,30,260,164,96
16,3,611,96,515,31,484,277,207
16,4,231,36,195,14,181,107,74
16,5,724,113,611,28,583,278,305
16,7,414,79,335,15,320,216,104
16,8,269,46,223,15,208,119,89
16,9,281,39,242,21,221,140,81
16,10,144,26,118,7,111,46,65
16,11,395,49,346,23,323,186,137
16,12,387,59,328,19,309,162,147
16,13,323,46,277,16,261,132,129
16,14,93,17,76,4,72,33,39
16,15,26120,6369,19751,990,18761,11303,7458
16,16,692,104,588,39,549,382,167
16,17,144,17,127,10,117,87,30
16,18,615,102,513,36,477,219,258
16,19,987,164,823,57,766,422,344
16,20,172,18,154,2,152,77,75
16,21,119,21,98,3,95,36,59
16,23,244,30,214,19,195,104,91
16,24,376,47,329,24,305,171,134
16,25,977,160,817,62,755,372,383
16,26,1027,117,910,48,862,536,326
16,27,120,11,109,6,103,58,45
16,28,3287,603,2684,144,2540,1484,1056
16,29,207,39,168,12,156,91,65
16,30,804,153,651,51,600,321,279
16,31,312,37,275,23,252,154,98
16,32,374,47,327,24,303,180,123
16,33,98,23,75,2,73,49,24
16,34,124,20,104,2,102,46,56
16,35,223,44,179,15,164,81,83
16,36,203,40,163,9,154,85,69
16,37,114,15,99,10,89,38,51
16,38,277,44,233,9,224,160,64
16,39,354,49,305,18,287,171,116
16,40,222,28,194,15,179,108,71
16,41,104,12,92,11,81,42,39
16,42,134,18,116,9,107,67,40
16,43,170,22,148,18,130,72,58
16,44,173,18,155,14,141,92,49
16,45,272,36,236,8,228,113,115
16,46,625,102,523,46,477,274,203
16,47,184,18,166,7,159,65,94
16,48,104,18,86,7,79,54,25
16,49,282,46,236,23,213,119,94
16,50,197,28,169,14,155,58,97
16,51,134,19,115,7,108,71,37
16,52,216,34,182,15,167,97,70
16,53,115,17,98,7,91,70,21
16,54,130,18,112,9,103,49,54
16,55,706,123,583,57,526,301,225
16,56,612,133,479,49,430,240,190
16,57,285,41,244,15,229,78,151
16,58,1078,151,927,57,870,505,365
16,59,125,19,106,8,98,57,41
16,60,389,70,319,20,299,164,135
16,61,2946,491,2455,151,2304,1566,738
16,62,102,14,88,2,86,53,33
16,63,145,30,115,14,101,49,52
16,64,734,100,634,59,575,310,265
16,65,413,61,352,14,338,210,128
16,66,384,60,324,20,304,204,100
16,67,351,39,312,23,289,164,125
16,68,401,65,336,25,311,177,134
16,69,285,40,245,16,229,152,77
16,70,1362,259,1103,70,1033,642,391
16,71,393,68,325,25,300,206,94
16,72,375,49,326,20,306,170,136
16,73,1382,312,1070,64,1006,599,407
16,74,236,30,206,21,185,111,74
16,75,200,31,169,16,153,81,72
16,76,758,141,617,34,583,382,201
16,77,430,60,370,28,342,183,159
16,78,4282,610,3672,249,3423,2028,1395
16,79,230,47,183,16,167,85,82
16,81,161,28,133,14,119,64,55
16,82,274,33,241,16,225,129,96
16,83,290,37,253,14,239,127,112
16,84,254,35,219,16,203,134,69
16,85,2220,397,1823,106,1717,1068,649
16,86,670,98,572,39,533,378,155
16,87,119,28,91,5,86,55,31
16,88,876,111,765,47,718,405,313
16,89,2590,392,2198,145,2053,1174,879
16,90,2448,428,2020,130,1890,1116,774
16,91,148,34,114,8,106,57,49
16,92,158,36,122,4,118,84,34
16,93,1187,186,1001,75,926,563,363
16,94,115,9,106,12,94,53,41
16,95,123,14,109,11,98,60,38
16,96,340,89,251,11,240,140,100
16,97,1925,345,1580,104,1476,787,689
16,98,122,26,96,8,88,33,55
16,99,139,19,120,10,110,75,35
16,100,566,84,482,28,454,310,144
16,101,686,80,606,34,572,351,221
16,102,12698,2974,9724,530,9194,5098,4096
16,103,100,13,87,5,82,46,36
16,104,358,35,323,15,308,174,134
16,105,460,63,397,28,369,200,169
16,106,1990,281,1709,115,1594,988,606
16,107,346,54,292,17,275,163,112
16,108,124,37,87,8,79,31,48
16,109,441,73,368,20,348,214,134
16,110,338,56,282,18,264,146,118
16,111,164,30,134,11,123,64,59
16,112,59,11,48,4,44,28,16
16,113,5125,1146,3979,295,3684,2378,1306
16,114,134,25,109,4,105,56,49
16,115,133,21,112,12,100,52,48
16,116,337,97,240,10,230,98,132
16,117,94,11,83,3,80,49,31
16,118,103,17,86,6,80,52,28
16,119,1016,151,865,54,811,464,347
16,120,1132,163,969,60,909,522,387
16,121,346,70,276,24,252,119,133
16,122,127,17,110,12,98,48,50
16,123,409,60,349,30,319,127,192
16,124,502,98,404,35,369,255,114
16,125,207,30,177,10,167,80,87
16,127,90,8,82,8,74,51,23
16,128,168,29,139,7,132,99,33
16,129,181,34,147,17,130,53,77
16,130,147,23,124,12,112,50,62
16,131,370,46,324,13,311,202,109
16,132,800,146,654,49,605,397,208
16,133,144,31,113,16,97,44,53
16,134,843,147,696,47,649,480,169
16,135,255,38,217,20,197,108,89
16,136,499,57,442,35,407,262,145
16,137,250,30,220,24,196,94,102
16,138,2755,376,2379,130,2249,1273,976
16,139,161,37,124,6,118,51,67
16,140,299,37,262,19,243,147,96
16,141,261,34,227,19,208,148,60
16,142,169,17,152,9,143,93,50
16,143,546,76,470,27,443,241,202
16,144,328,48,280,20,260,160,100
16,145,452,60,392,26,366,200,166
16,146,1460,208,1252,78,1174,610,564
16,147,211,36,175,17,158,71,87
16,148,624,94,530,31,499,287,212
16,149,458,84,374,16,358,265,93
16,150,1386,210,1176,85,1091,622,469
16,151,695,101,594,42,552,350,202
16,152,595,74,521,26,495,294,201
16,153,364,78,286,17,269,145,124
16,154,3911,653,3258,203,3055,1896,1159
16,155,125,18,107,11,96,47,49
16,156,495,84,411,26,385,253,132
16,157,133,24,109,9,100,69,31
16,158,228,25,203,7,196,118,78
16,160,416,60,356,29,327,130,197
16,161,136,34,102,10,92,59,33
16,162,130,10,120,4,116,50,66
16,163,834,161,673,54,619,291,328
16,164,213,28,185,21,164,103,61
16,165,268,25,243,27,216,126,90
16,166,3790,566,3224,196,3028,1824,1204
16,167,3334,726,2608,124,2484,1379,1105
16,168,611,76,535,33,502,290,212
16,169,464,76,388,22,366,184,182
16,170,330,48,282,23,259,118,141
16,171,526,109,417,34,383,201,182
16,172,91,9,82,9,73,36,37
16,173,166,32,134,12,122,80,42
16,174,382,60,322,27,295,161,134
16,175,373,45,328,28,300,157,143
16,176,251,36,215,13,202,96,106
16,177,93,16,77,3,74,22,52
16,178,137,11,126,11,115,59,56
16,179,175,28,147,14,133,77,56
16,180,165,21,144,12,132,78,54
16,181,413,42,371,24,347,236,111
16,182,355,65,290,20,270,154,116
16,183,150,27,123,8,115,67,48
16,184,82,12,70,5,65,37,28
16,185,148,17,131,5,126,75,51
16,186,425,68,357,23,334,120,214
16,187,1627,226,1401,83,1318,791,527
16,188,248,23,225,22,203,142,61
16,189,176,26,150,8,142,90,52
16,190,157,37,120,5,115,69,46
16,191,135,27,108,10,98,52,46
16,192,1902,271,1631,102,1529,1067,462
16,193,830,125,705,39,666,367,299
16,194,107,13,94,5,89,56,33
16,195,247,56,191,14,177,130,47
16,196,611,112,499,22,477,289,188
16,197,89,15,74,5,69,38,31
16,198,370,52,318,24,294,148,146
16,199,2631,468,2163,134,2029,1248,781
16,200,398,54,344,19,325,238,87
16,201,158,30,128,14,114,58,56
16,202,495,71,424,30,394,185,209
16,203,85,6,79,8,71,27,44
16,204,329,71,258,23,235,110,125
16,205,434,77,357,24,333,218,115
16,206,1097,186,911,64,847,455,392
16,207,437,95,342,18,324,216,108
16,208,316,44,272,24,248,145,103
16,209,566,50,516,48,468,304,164
16,210,630,102,528,50,478,306,172
16,211,437,52,385,26,359,181,178
16,212,345,56,289,24,265,134,131
16,213,308,55,253,19,234,137,97
16,214,72,14,58,4,54,36,18
16,215,137,21,116,6,110,57,53
16,216,627,98,529,35,494,252,242
16,217,846,164,682,67,615,382,233
16,218,295,44,251,19,232,122,110
16,220,442,71,371,32,339,189,150
16,221,217,30,187,10,177,98,79
16,222,318,71,247,12,235,106,129
16,223,1732,266,1466,107,1359,754,605
16,224,464,94,370,30,340,194,146
16,225,489,74,415,21,394,243,151
16,226,607,109,498,49,449,221,228
16,227,118,18,100,8,92,57,35
16,228,116,22,94,3,91,56,35
16,229,209,29,180,9,171,87,84
16,230,776,119,657,36,621,365,256
16,231,237,39,198,16,182,116,66
16,232,1722,255,1467,97,1370,930,440
16,233,393,73,320,24,296,163,133
16,234,556,85,471,20,451,236,215
16,236,2026,344,1682,126,1556,967,589
16,237,226,49,177,12,165,101,64
16,238,82,7,75,5,70,35,35
16,239,110,21,89,6,83,60,23
16,240,71,9,62,4,58,28,30
16,241,171,18,153,9,144,96,48
16,242,1082,192,890,71,819,490,329
16,243,878,172,706,37,669,370,299
16,244,1900,457,1443,105,1338,783,555
16,245,788,175,613,43,570,410,160
16,246,247,47,200,16,184,108,76
16,247,155,30,125,7,118,54,64
16,248,174,24,150,10,140,60,80
16,249,229,46,183,22,161,111,50
16,250,188,20,168,15,153,87,66
16,251,198,24,174,11,163,100,63
16,252,138,27,111,13,98,57,41
16,253,320,61,259,21,238,121,117
16,254,212,40,172,15,157,94,63
16,255,115,27,88,1,87,49,38
16,256,166,27,139,6,133,84,49
16,257,294,77,217,12,205,103,102
16,258,390,71,319,18,301,180,121
16,259,397,63,334,17,317,209,108
16,260,209,29,180,18,162,77,85
16,261,350,56,294,17,277,159,118
16,262,123,20,103,5,98,69,29
16,263,285,42,243,19,224,135,89
16,264,278,42,236,17,219,133,86
16,267,77,12,65,2,63,29,34
16,268,153,23,130,6,124,68,56
16,269,745,120,625,39,586,366,220
16,270,310,44,266,24,242,172,70
16,271,2176,306,1870,91,1779,1030,749
16,272,382,44,338,24,314,166,148
16,273,125,20,105,8,97,58,39
16,274,310,59,251,21,230,137,93
16,275,137,26,111,6,105,65,40
16,276,517,73,444,26,418,225,193
16,277,425,66,359,24,335,194,141
16,279,197,23,174,5,169,95,74
16,280,1382,184,1198,82,1116,741,375
16,281,2361,466,1895,121,1774,955,819
16,282,388,61,327,17,310,164,146
16,283,435,65,370,32,338,189,149
16,284,98,13,85,8,77,43,34
16,285,350,54,296,13,283,179,104
16,286,1337,234,1103,70,1033,583,450
16,287,2964,390,2574,187,2387,1387,1000
16,289,236,53,183,14,169,89,80
16,290,187,32,155,10,145,92,53
16,291,5486,1068,4418,273,4145,2767,1378
16,292,2479,534,1945,118,1827,1109,718
16,293,316,45,271,17,254,151,103
16,294,548,80,468,22,446,280,166
16,295,992,157,835,70,765,465,300
16,296,257,45,212,16,196,110,86
16,297,282,41,241,12,229,120,109
16,298,343,44,299,20,279,140,139
16,300,481,78,403,33,370,224,146
16,301,188,24,164,14,150,62,88
16,302,148,28,120,8,112,55,57
16,303,280,39,241,20,221,98,123
16,304,827,119,708,46,662,305,357
16,306,260,43,217,19,198,117,81
16,307,226,28,198,3,195,114,81
16,308,751,147,604,29,575,323,252
16,309,139,26,113,10,103,64,39
16,310,201,38,163,15,148,84,64
16,312,636,103,533,31,502,287,215
16,314,144,26,118,7,111,69,42
16,315,112,18,94,2,92,49,43
16,316,294,46,248,18,230,102,128
16,317,385,56,329,15,314,178,136
16,318,223,47,176,14,162,100,62
16,320,610,98,512,27,485,278,207
16,321,41,2,39,4,35,16,19
16,322,76,9,67,3,64,37,27
16,323,394,37,357,35,322,188,134
16,325,102,16,86,10,76,55,21
16,326,110,11,99,4,95,48,47
16,328,255,39,216,14,202,98,104
16,329,611,128,483,36,447,318,129
16,330,709,105,604,35,569,342,227
16,331,77,10,67,1,66,24,42
16,332,115,14,101,7,94,54,40
16,334,115,19,96,8,88,38,50
16,335,111,16,95,13,82,46,36
16,336,295,35,260,15,245,142,103
16,337,718,101,617,37,580,402,178
16,338,220,34,186,16,170,85,85
16,339,230,31,199,12,187,97,90
16,340,818,137,681,30,651,361,290
16,341,2238,502,1736,118,1618,1092,526
16,342,229,39,190,11,179,62,117
16,343,222,37,185,9,176,80,96
16,344,787,93,694,40,654,356,298
16,345,171,21,150,14,136,84,52
16,346,232,42,190,13,177,103,74
16,347,353,73,280,18,262,141,121
16,348,1096,179,917,75,842,508,334
16,349,430,66,364,28,336,221,115
16,350,658,110,548,34,514,328,186
16,351,445,72,373,24,349,191,158
16,352,180,37,143,13,130,76,54
16,353,630,79,551,36,515,336,179
16,354,94,16,78,6,72,47,25
16,355,909,147,762,55,707,387,320
16,356,30,0,30,1,29,22,7
16,357,130,31,99,4,95,40,55
16,358,5348,841,4507,289,4218,2531,1687
16,359,856,161,695,40,655,312,343
16,360,368,59,309,28,281,162,119
16,361,276,49,227,21,206,125,81
16,362,291,68,223,16,207,100,107
16,363,337,40,297,23,274,158,116
16,364,55,8,47,3,44,19,25
16,365,84,20,64,9,55,23,32
16,366,1682,359,1323,78,1245,586,659
16,368,628,108,520,39,481,287,194
16,369,785,122,663,42,621,354,267
16,370,977,170,807,48,759,511,248
16,371,174,22,152,25,127,63,64
16,372,126,19,107,13,94,55,39
16,373,177,17,160,7,153,88,65
16,374,6443,1410,5033,270,4763,2945,1818
16,375,266,39,227,11,216,139,77
16,376,212,34,178,8,170,104,66
16,377,83,11,72,7,65,40,25
16,378,456,62,394,34,360,219,141
16,379,1143,152,991,63,928,599,329
16,380,292,50,242,26,216,129,87
16,381,127,28,99,10,89,56,33
16,382,637,90,547,32,515,293,222
16,383,583,94,489,45,444,259,185
16,384,494,92,402,31,371,222,149
16,385,938,132,806,46,760,485,275
16,386,331,62,269,25,244,97,147
16,387,326,41,285,18,267,150,117
16,388,637,94,543,44,499,288,211
16,389,79,15,64,1,63,44,19
16,390,229,31,198,9,189,119,70
16,391,124,17,107,9,98,55,43
16,392,169,31,138,8,130,85,45
16,393,1528,243,1285,97,1188,680,508
16,394,78,14,64,9,55,19,36
16,395,245,27,218,9,209,125,84
16,396,81,11,70,2,68,39,29
16,397,329,49,280,16,264,148,116
16,398,68,4,64,5,59,32,27
16,399,278,43,235,21,214,69,145
16,400,469,62,407,28,379,213,166
16,401,113,16,97,7,90,52,38
16,402,222,36,186,23,163,99,64
16,403,91,13,78,1,77,49,28
16,404,86,16,70,4,66,42,24
16,405,150,31,119,10,109,46,63
16,406,282,36,246,19,227,158,69
16,408,488,69,419,22,397,217,180
16,409,751,108,643,33,610,357,253
16,410,210,22,188,24,164,98,66
16,411,458,80,378,24,354,192,162
16,412,278,45,233,11,222,139,83
16,413,96,16,80,7,73,46,27
16,414,322,55,267,26,241,177,64
16,415,772,99,673,44,629,390,239
16,416,409,61,348,26,322,210,112
16,417,115,21,94,12,82,45,37
16,418,1362,204,1158,69,1089,676,413
16,419,284,31,253,20,233,111,122
16,420,246,36,210,21,189,107,82
16,421,323,39,284,21,263,144,119
16,422,497,77,420,28,392,251,141
16,423,250,38,212,13,199,90,109
16,424,371,84,287,21,266,144,122
16,425,427,55,372,19,353,226,127
17,2,99,17,82,4,78,43,35
17,3,2755,484,2271,134,2137,1257,880
17,4,228,22,206,10,196,76,120
17,5,155,31,124,12,112,49,63
17,6,207,33,174,3,171,51,120
17,7,243,37,206,18,188,100,88
17,8,1374,205,1169,65,1104,634,470
17,9,568,85,483,39,444,252,192
17,10,3031,476,2555,113,2442,1368,1074
17,11,256,35,221,7,214,117,97
17,12,134,28,106,14,92,44,48
17,13,270,21,249,19,230,115,115
17,15,559,98,461,22,439,198,241
17,16,617,126,491,43,448,195,253
17,17,465,88,377,18,359,165,194
17,18,570,88,482,28,454,251,203
17,19,1110,163,947,54,893,322,571
17,20,259,35,224,20,204,97,107
17,21,2547,430,2117,137,1980,872,1108
17,22,775,147,628,62,566,294,272
17,23,255,43,212,13,199,90,109
17,24,1144,218,926,76,850,401,449
17,25,524,107,417,18,399,206,193
17,26,341,56,285,26,259,119,140
17,27,400,55,345,32,313,173,140
17,28,6208,1121,5087,274,4813,2926,1887
17,29,153,24,129,7,122,70,52
17,30,395,64,331,20,311,142,169
17,31,172,35,137,6,131,80,51
17,32,467,54,413,29,384,200,184
17,33,357,64,293,18,275,146,129
17,34,347,70,277,17,260,115,145
17,35,109,18,91,1,90,47,43
17,36,496,58,438,28,410,187,223
17,37,484,90,394,30,364,201,163
17,38,360,51,309,35,274,168,106
17,39,148,26,122,11,111,40,71
17,40,319,45,274,20,254,114,140
17,41,716,110,606,43,563,311,252
17,42,307,48,259,9,250,131,119
17,43,564,92,472,48,424,244,180
17,44,770,121,649,59,590,302,288
17,45,741,134,607,53,554,268,286
17,46,348,78,270,21,249,121,128
17,47,195,35,160,17,143,49,94
17,48,261,36,225,14,211,103,108
17,49,73,10,63,3,60,26,34
17,50,346,64,282,35,247,113,134
17,51,2168,300,1868,71,1797,691,1106
17,52,544,87,457,54,403,219,184
17,53,922,161,761,50,711,337,374
17,54,174,29,145,17,128,92,36
17,55,171,28,143,12,131,74,57
17,56,378,47,331,29,302,151,151
17,57,456,64,392,23,369,208,161
17,58,2701,485,2216,125,2091,884,1207
17,59,838,109,729,48,681,394,287
17,60,174,27,147,8,139,55,84
17,61,115,20,95,6,89,51,38
17,62,204,29,175,19,156,111,45
17,63,305,47,258,19,239,119,120
17,64,2268,353,1915,94,1821,758,1063
17,65,1238,114,1124,85,1039,550,489
17,66,215,36,179,7,172,62,110
17,67,161,29,132,10,122,57,65
17,68,221,35,186,11,175,90,85
17,69,183,43,140,8,132,59,73
17,70,650,130,520,31,489,249,240
17,71,370,63,307,15,292,124,168
17,72,936,183,753,62,691,360,331
17,73,985,98,887,62,825,463,362
17,74,708,109,599,50,549,315,234
17,75,920,133,787,66,721,364,357
17,76,260,48,212,19,193,115,78
17,77,983,185,798,51,747,374,373
17,78,333,38,295,16,279,114,165
17,79,1023,139,884,60,824,356,468
17,80,613,99,514,42,472,254,218
17,81,296,55,241,17,224,131,93
17,82,420,64,356,14,342,145,197
17,83,476,88,388,29,359,155,204
17,84,430,79,351,29,322,142,180
17,85,283,53,230,17,213,128,85
17,86,2895,401,2494,150,2344,1172,1172
17,87,123,10,113,3,110,48,62
17,89,644,91,553,27,526,320,206
17,91,1454,340,1114,94,1020,517,503
17,92,135,18,117,8,109,58,51
17,93,3362,639,2723,154,2569,1108,1461
17,94,4941,813,4128,164,3964,1930,2034
17,95,170,19,151,6,145,88,57
17,96,67,5,62,5,57,24,33
17,97,552,60,492,38,454,183,271
17,98,472,65,407,21,386,141,245
17,99,537,66,471,31,440,248,192
17,100,877,130,747,46,701,370,331
17,101,256,53,203,9,194,104,90
17,102,941,119,822,50,772,424,348
17,103,105,16,89,5,84,48,36
17,104,757,129,628,38,590,334,256
17,105,312,58,254,18,236,128,108
17,106,199,27,172,16,156,63,93
17,107,759,100,659,48,611,300,311
17,108,293,26,267,17,250,154,96
17,109,801,105,696,34,662,364,298
17,110,770,128,642,59,583,386,197
17,111,633,98,535,30,505,247,258
17,112,409,43,366,26,340,147,193
17,113,485,87,398,41,357,168,189
17,114,159,18,141,16,125,67,58
17,115,260,39,221,15,206,136,70
17,116,212,34,178,11,167,86,81
17,117,114,19,95,5,90,60,30
17,118,273,43,230,17,213,113,100
17,119,763,113,650,57,593,264,329
17,120,1187,194,993,75,918,445,473
17,121,1246,169,1077,29,1048,357,691
17,122,195,27,168,19,149,65,84
17,124,248,65,183,20,163,78,85
17,125,354,41,313,16,297,170,127
17,126,225,29,196,19,177,94,83
17,127,1057,185,872,69,803,440,363
17,128,544,90,454,39,415,231,184
17,129,337,61,276,29,247,89,158
17,130,370,56,314,18,296,177,119
17,131,1543,238,1305,75,1230,500,730
17,132,457,73,384,27,357,215,142
17,133,479,89,390,19,371,168,203
17,134,307,45,262,17,245,148,97
17,135,194,29,165,9,156,99,57
17,136,829,127,702,35,667,367,300
17,137,171,26,145,7,138,100,38
17,138,225,32,193,19,174,80,94
17,139,275,41,234,10,224,91,133
17,140,2675,436,2239,114,2125,863,1262
17,141,358,49,309,17,292,154,138
17,142,4015,590,3425,183,3242,1706,1536
17,143,525,74,451,41,410,244,166
17,145,365,50,315,23,292,138,154
17,146,2628,391,2237,165,2072,1005,1067
17,147,803,127,676,59,617,366,251
17,148,352,49,303,16,287,155,132
17,149,50,13,37,3,34,21,13
17,150,425,73,352,31,321,184,137
17,151,786,145,641,56,585,264,321
17,152,623,130,493,44,449,167,282
17,153,1594,266,1328,81,1247,761,486
17,154,468,72,396,31,365,187,178
17,155,1760,341,1419,83,1336,574,762
17,156,95,9,86,6,80,35,45
17,157,126,20,106,12,94,53,41
17,158,507,73,434,22,412,244,168
17,159,297,55,242,18,224,120,104
17,160,253,45,208,17,191,74,117
17,161,2522,312,2210,117,2093,821,1272
17,162,156,36,120,12,108,51,57
17,163,376,57,319,35,284,146,138
17,164,1892,248,1644,77,1567,904,663
17,165,309,46,263,20,243,97,146
17,166,890,156,734,63,671,379,292
17,167,528,107,421,34,387,209,178
17,168,3679,585,3094,160,2934,1325,1609
17,169,46,4,42,4,38,32,6
17,171,504,69,435,33,402,203,199
17,172,1921,301,1620,110,1510,686,824
17,173,212,35,177,14,163,70,93
17,174,597,108,489,31,458,189,269
17,175,425,72,353,21,332,170,162
17,176,78,17,61,5,56,10,46
17,177,93,15,78,3,75,38,37
17,178,63,10,53,0,53,24,29
17,179,1184,158,1026,72,954,496,458
17,180,85,15,70,3,67,48,19
17,181,228,34,194,11,183,107,76
17,182,374,67,307,14,293,156,137
17,183,623,107,516,43,473,178,295
17,184,412,89,323,31,292,146,146
17,185,1329,210,1119,74,1045,491,554
17,186,481,71,410,19,391,211,180
17,187,341,54,287,27,260,119,141
17,188,331,45,286,23,263,163,100
17,189,530,90,440,19,421,184,237
17,190,2017,243,1774,74,1700,953,747
17,191,273,51,222,14,208,107,101
17,192,617,91,526,33,493,254,239
17,193,1757,257,1500,75,1425,837,588
17,194,2398,425,1973,131,1842,1135,707
17,195,244,55,189,15,174,105,69
17,196,361,59,302,23,279,113,166
17,197,2702,679,2023,107,1916,1035,881
17,198,197,29,168,12,156,85,71
17,199,92,9,83,6,77,35,42
17,200,5795,896,4899,194,4705,2397,2308
17,201,272,36,236,10,226,109,117
17,202,421,45,376,26,350,190,160
17,203,483,71,412,19,393,224,169
17,204,241,36,205,8,197,96,101
17,205,277,30,247,18,229,119,110
17,206,249,66,183,11,172,103,69
17,207,682,99,583,21,562,186,376
17,208,562,68,494,36,458,247,211
17,209,195,19,176,15,161,76,85
17,210,411,80,331,25,306,119,187
17,211,592,119,473,29,444,277,167
17,212,127,17,110,3,107,58,49
17,213,130,28,102,9,93,46,47
17,214,324,40,284,25,259,132,127
17,215,42,4,38,7,31,15,16
17,216,674,91,583,32,551,317,234
17,217,209,38,171,10,161,91,70
17,218,3503,722,2781,176,2605,1393,1212
17,219,4327,958,3369,223,3146,1454,1692
17,220,308,54,254,15,239,118,121
17,221,612,105,507,37,470,271,199
17,222,2145,301,1844,110,1734,878,856
17,223,164,22,142,6,136,92,44
17,224,1681,300,1381,113,1268,662,606
17,225,1600,254,1346,56,1290,501,789
17,226,712,104,608,39,569,307,262
17,227,190,38,152,21,131,56,75
17,228,2151,362,1789,113,1676,703,973
17,229,175,35,140,13,127,84,43
17,230,2658,406,2252,143,2109,847,1262
17,231,83,9,74,3,71,41,30
17,232,1039,187,852,66,786,313,473
17,233,257,35,222,18,204,106,98
17,234,279,55,224,18,206,109,97
17,235,482,50,432,21,411,184,227
17,236,1070,198,872,67,805,430,375
17,237,397,75,322,23,299,134,165
17,238,138,21,117,9,108,62,46
17,239,339,43,296,14,282,116,166
17,240,2271,376,1895,102,1793,1027,766
17,241,1124,215,909,63,846,429,417
17,242,602,78,524,37,487,218,269
17,243,899,156,743,59,684,389,295
17,244,488,75,413,35,378,166,212
17,245,545,93,452,26,426,244,182
17,246,337,60,277,17,260,104,156
17,247,636,87,549,40,509,238,271
17,248,845,208,637,53,584,270,314
17,249,144,21,123,7,116,39,77
17,250,385,71,314,22,292,166,126
17,252,235,28,207,23,184,86,98
17,253,819,136,683,60,623,331,292
17,254,165,25,140,13,127,67,60
17,255,483,65,418,24,394,192,202
17,256,242,44,198,19,179,108,71
17,257,577,131,446,21,425,220,205
17,258,249,55,194,14,180,98,82
17,259,133,18,115,3,112,46,66
17,260,329,35,294,26,268,169,99
17,261,300,51,249,22,227,134,93
17,262,872,123,749,47,702,333,369
17,263,460,108,352,25,327,196,131
17,264,4789,724,4065,221,3844,2235,1609
17,265,785,130,655,30,625,304,321
17,266,496,109,387,23,364,182,182
17,267,692,99,593,46,547,278,269
17,268,181,20,161,13,148,78,70
17,269,549,83,466,42,424,201,223
17,270,442,69,373,15,358,196,162
17,271,259,36,223,18,205,133,72
17,272,290,48,242,11,231,155,76
17,273,732,101,631,38,593,297,296
17,274,5539,798,4741,231,4510,2542,1968
17,275,665,108,557,40,517,295,222
17,276,65,13,52,3,49,28,21
17,277,570,110,460,31,429,217,212
17,278,433,60,373,32,341,181,160
17,279,440,77,363,34,329,142,187
17,280,512,55,457,30,427,211,216
17,281,126,19,107,8,99,64,35
17,282,164,25,139,5,134,52,82
17,283,3214,700,2514,198,2316,1275,1041
17,284,1309,179,1130,84,1046,407,639
17,285,864,114,750,49,701,402,299
17,286,743,86,657,19,638,180,458
17,287,195,36,159,12,147,86,61
17,288,210,32,178,14,164,74,90
17,289,314,30,284,17,267,139,128
17,290,234,35,199,11,188,93,95
17,291,3814,489,3325,153,3172,1786,1386
17,292,309,51,258,18,240,124,116
17,293,482,78,404,23,381,190,191
17,294,166,47,119,9,110,65,45
17,295,361,44,317,21,296,135,161
17,296,852,158,694,61,633,343,290
17,297,2025,298,1727,88,1639,591,1048
17,298,659,107,552,41,511,265,246
17,299,17438,4204,13234,754,12480,7067,5413
17,300,49988,10734,39254,1813,37441,23240,14201
17,301,62,3,59,5,54,31,23
17,302,494,92,402,22,380,177,203
17,303,763,143,620,55,565,335,230
17,304,342,48,294,22,272,143,129
17,305,333,65,268,7,261,135,126
17,306,14872,2765,12107,683,11424,4506,6918
17,307,988,175,813,54,759,398,361
17,308,1931,290,1641,115,1526,761,765
17,309,1541,294,1247,111,1136,629,507
17,310,725,120,605,32,573,250,323
17,311,949,144,805,43,762,311,451
17,312,638,112,526,25,501,215,286
17,313,327,54,273,21,252,154,98
17,314,698,128,570,40,530,342,188
17,315,846,132,714,31,683,376,307
17,316,346,52,294,24,270,130,140
17,317,403,61,342,23,319,134,185
17,318,625,78,547,25,522,203,319
17,319,101,16,85,7,78,55,23
17,320,276,62,214,14,200,106,94
17,321,212,32,180,10,170,75,95
17,322,373,57,316,21,295,147,148
17,323,1316,215,1101,64,1037,446,591
17,324,92,12,80,6,74,38,36
17,325,448,76,372,21,351,127,224
17,326,258,45,213,13,200,90,110
17,327,222,38,184,17,167,92,75
17,328,703,124,579,36,543,222,321
17,329,254,37,217,11,206,103,103
17,330,868,214,654,45,609,303,306
17,331,833,149,684,51,633,314,319
17,332,309,48,261,18,243,144,99
17,333,4569,773,3796,212,3584,1489,2095
17,334,178,21,157,12,145,68,77
17,335,192,32,160,4,156,64,92
17,336,1986,235,1751,104,1647,840,807
17,337,3348,513,2835,187,2648,1299,1349
17,338,1356,227,1129,73,1056,608,448
17,339,999,165,834,50,784,467,317
17,340,831,103,728,54,674,381,293
17,341,169,27,142,17,125,57,68
17,342,273,25,248,15,233,110,123
17,343,94,21,73,5,68,35,33
17,344,899,184,715,57,658,399,259
17,345,258,25,233,26,207,107,100
17,346,993,184,809,64,745,384,361
17,347,5670,1412,4258,234,4024,2301,1723
17,348,384,56,328,34,294,129,165
17,349,1685,279,1406,85,1321,694,627
17,350,692,87,605,30,575,293,282
17,351,1378,226,1152,81,1071,552,519
17,352,81,15,66,3,63,22,41
17,353,1397,163,1234,78,1156,598,558
17,354,502,75,427,43,384,181,203
17,355,400,70,330,32,298,119,179
17,356,264,52,212,12,200,88,112
17,357,445,90,355,16,339,170,169
17,358,246,47,199,12,187,93,94
17,359,834,129,705,44,661,375,286
17,360,2843,415,2428,136,2292,955,1337
17,361,109,15,94,8,86,52,34
17,362,186,31,155,14,141,58,83
17,363,343,53,290,17,273,129,144
17,364,311,53,258,14,244,98,146
17,365,416,100,316,25,291,153,138
17,366,324,59,265,8,257,137,120
17,367,128,31,97,5,92,40,52
17,369,1612,248,1364,57,1307,504,803
17,371,108,8,100,4,96,37,59
17,372,59,13,46,0,46,22,24
17,373,1248,181,1067,52,1015,576,439
17,374,176,31,145,24,121,80,41
17,375,793,100,693,43,650,269,381
17,376,866,119,747,61,686,392,294
17,377,89,7,82,2,80,51,29
17,378,325,48,277,18,259,147,112
17,379,173,38,135,6,129,37,92
17,380,3794,634,3160,161,2999,1158,1841
17,381,186,21,165,16,149,88,61
17,382,379,53,326,23,303,185,118
17,383,281,45,236,9,227,105,122
17,384,154,27,127,1,126,64,62
17,385,5638,1017,4621,285,4336,1856,2480
17,386,263,51,212,35,177,98,79
17,387,1208,149,1059,70,989,468,521
17,388,196,20,176,14,162,81,81
17,389,404,75,329,25,304,116,188
17,390,128,21,107,6,101,47,54
17,391,1596,250,1346,74,1272,739,533
17,392,50,8,42,4,38,15,23
17,393,1220,199,1021,75,946,428,518
17,394,622,80,542,31,511,288,223
17,395,406,68,338,24,314,194,120
17,396,1098,180,918,36,882,455,427
17,397,1849,349,1500,96,1404,756,648
17,398,124,18,106,3,103,49,54
17,400,452,53,399,23,376,218,158
17,401,88,7,81,6,75,36,39
17,402,120,13,107,9,98,48,50
17,403,528,102,426,22,404,242,162
17,404,372,43,329,25,304,130,174
17,405,150,17,133,8,125,61,64
17,406,267,46,221,12,209,76,133
17,407,2851,456,2395,113,2282,1315,967
17,408,509,101,408,36,372,195,177
17,409,2265,345,1920,120,1800,785,1015
17,410,487,98,389,31,358,132,226
17,411,1191,202,989,30,959,445,514
17,412,424,54,370,26,344,199,145
17,413,798,119,679,44,635,291,344
17,414,3558,485,3073,167,2906,1659,1247
17,415,19260,4679,14581,809,13772,7918,5854
17,416,47,4,43,1,42,33,9
17,417,138,29,109,3,106,50,56
17,418,516,99,417,21,396,197,199
17,420,1562,188,1374,68,1306,631,675
17,421,5403,1029,4374,280,4094,1978,2116
17,422,77,16,61,6,55,19,36
17,423,55,9,46,3,43,25,18
17,424,213,38,175,14,161,87,74
17,425,1519,232,1287,91,1196,593,603
17,426,198,38,160,4,156,82,74
17,427,167,25,142,6,136,71,65
17,428,406,77,329,21,308,162,146
17,429,1309,237,1072,70,1002,448,554
17,430,300,48,252,30,222,129,93
17,431,521,73,448,22,426,209,217
17,432,295,36,259,14,245,131,114
17,433,170,21,149,4,145,76,69
17,434,4564,837,3727,206,3521,2027,1494
17,435,126,13,113,6,107,55,52
17,436,553,110,443,23,420,256,164
17,437,112,11,101,3,98,32,66
17,438,235,33,202,8,194,68,126
17,439,521,93,428,44,384,198,186
17,440,292,53,239,13,226,136,90
17,441,785,137,648,48,600,300,300
17,442,276,41,235,16,219,90,129
17,443,1117,180,937,64,873,468,405
17,444,1046,150,896,74,822,467,355
17,445,253,45,208,6,202,88,114
17,446,365,50,315,20,295,157,138
17,447,1177,183,994,70,924,535,389
17,448,885,139,746,46,700,362,338
17,449,5934,1247,4687,338,4349,2455,1894
17,450,211,31,180,7,173,95,78
17,451,385,77,308,21,287,148,139
17,452,4024,731,3293,207,3086,1291,1795
17,453,964,150,814,55,759,345,414
17,454,293,48,245,9,236,108,128
17,455,556,113,443,37,406,165,241
17,457,567,108,459,31,428,249,179
17,458,122,19,103,6,97,53,44
17,459,433,70,363,34,329,171,158
17,460,607,75,532,34,498,277,221
17,461,3480,611,2869,142,2727,1016,1711
17,462,530,57,473,22,451,275,176
17,463,801,100,701,50,651,369,282
17,464,118,13,105,6,99,50,49
17,465,495,67,428,40,388,215,173
17,466,1444,212,1232,60,1172,661,511
17,467,172,24,148,9,139,93,46
17,468,132,28,104,12,92,47,45
17,469,401,68,333,21,312,133,179
17,470,225,39,186,10,176,95,81
17,471,199,45,154,11,143,86,57
17,472,1160,146,1014,69,945,522,423
17,473,90,17,73,6,67,31,36
17,474,556,98,458,24,434,261,173
17,476,204,28,176,16,160,65,95
17,477,106,26,80,7,73,33,40
17,478,45,8,37,4,33,20,13
17,479,237,33,204,11,193,87,106
17,480,439,70,369,34,335,193,142
17,481,126,19,107,4,103,46,57
17,482,461,73,388,27,361,184,177
17,483,999,164,835,55,780,379,401
17,484,1506,200,1306,79,1227,535,692
17,485,827,106,721,46,675,294,381
17,486,745,151,594,35,559,217,342
18,1,294,31,263,29,234,133,101
18,2,165,21,144,7,137,63,74
18,3,1372,227,1145,96,1049,538,511
18,4,808,173,635,56,579,291,288
18,5,687,99,588,43,545,304,241
18,6,203,28,175,15,160,74,86
18,7,70,9,61,4,57,18,39
18,8,368,52,316,22,294,166,128
18,9,248,50,198,11,187,117,70
18,10,170,12,158,10,148,71,77
18,11,1798,358,1440,128,1312,614,698
18,12,366,72,294,22,272,141,131
18,13,267,39,228,15,213,134,79
18,14,162,17,145,10,135,60,75
18,15,4296,793,3503,268,3235,1496,1739
18,16,267,55,212,20,192,108,84
18,17,258,37,221,13,208,95,113
18,18,1447,248,1199,115,1084,443,641
18,19,350,59,291,16,275,141,134
18,20,672,97,575,44,531,268,263
18,21,223,29,194,13,181,80,101
18,22,301,41,260,21,239,86,153
18,23,1039,187,852,48,804,365,439
18,24,92,13,79,8,71,19,52
18,25,552,74,478,31,447,336,111
18,26,711,118,593,39,554,329,225
18,27,471,60,411,39,372,196,176
18,28,815,86,729,53,676,355,321
18,29,267,52,215,21,194,94,100
18,30,932,185,747,55,692,308,384
18,31,470,90,380,32,348,181,167
18,32,1145,183,962,78,884,426,458
18,33,44851,11670,33181,2274,30907,17543,13364
18,34,258,20,238,16,222,131,91
18,35,603,90,513,38,475,202,273
18,36,474,72,402,27,375,184,191
18,37,902,159,743,33,710,209,501
18,38,420,67,353,32,321,182,139
18,39,290,36,254,14,240,44,196
18,40,272,53,219,19,200,86,114
18,41,148,29,119,14,105,46,59
18,42,255,33,222,14,208,125,83
18,43,154,20,134,10,124,57,67
18,44,290,55,235,19,216,124,92
18,45,304,63,241,29,212,120,92
18,46,122,20,102,6,96,44,52
18,47,508,98,410,38,372,176,196
18,48,289,55,234,22,212,134,78
18,49,391,36,355,22,333,143,190
18,50,2811,525,2286,212,2074,1250,824
18,51,158,39,119,5,114,45,69
18,52,859,134,725,56,669,328,341
18,53,265,57,208,14,194,101,93
18,54,190,38,152,18,134,53,81
18,55,771,145,626,57,569,357,212
18,56,212,40,172,15,157,91,66
18,57,1503,266,1237,77,1160,657,503
18,58,1134,242,892,57,835,470,365
18,59,788,122,666,54,612,343,269
18,60,35,5,30,3,27,17,10
18,61,93,18,75,5,70,42,28
18,62,234,43,191,11,180,92,88
18,63,146,20,126,14,112,81,31
18,64,182,43,139,8,131,71,60
18,65,554,84,470,32,438,293,145
18,66,732,135,597,44,553,283,270
18,67,558,91,467,32,435,136,299
18,68,45,5,40,2,38,13,25
18,69,317,39,278,19,259,133,126
18,70,182,15,167,11,156,65,91
18,71,25,1,24,3,21,7,14
18,72,199,25,174,15,159,88,71
18,73,182,22,160,11,149,96,53
18,74,170,30,140,8,132,63,69
18,75,774,92,682,57,625,379,246
18,76,372,70,302,27,275,117,158
18,77,278,51,227,21,206,110,96
18,78,63,10,53,2,51,29,22
18,79,418,62,356,32,324,144,180
18,80,114,10,104,6,98,48,50
18,81,281,48,233,20,213,107,106
18,82,864,132,732,67,665,384,281
18,83,619,102,517,38,479,233,246
18,84,174,29,145,10,135,53,82
18,85,169,13,156,12,144,92,52
18,86,438,48,390,33,357,208,149
18,87,2981,634,2347,181,2166,1156,1010
18,88,171,17,154,11,143,47,96
18,89,354,66,288,22,266,141,125
18,90,318,46,272,21,251,129,122
18,91,153,14,139,15,124,75,49
18,92,627,100,527,45,482,209,273
18,93,117,25,92,9,83,40,43
18,94,279,38,241,16,225,114,111
18,95,146,24,122,12,110,55,55
18,96,1508,265,1243,79,1164,719,445
18,97,1651,272,1379,69,1310,682,628
18,98,118,12,106,8,98,35,63
18,99,198,54,144,10,134,50,84
18,100,601,113,488,46,442,187,255
18,101,294,52,242,15,227,113,114
18,102,235,46,189,13,176,94,82
18,103,1091,213,878,55,823,448,375
18,104,135,22,113,4,109,50,59
18,105,338,63,275,30,245,109,136
18,106,219,41,178,9,169,110,59
18,107,109,13,96,9,87,44,43
18,108,2758,657,2101,157,1944,1149,795
18,109,1401,257,1144,94,1050,543,507
18,110,826,117,709,37,672,321,351
18,111,154,29,125,8,117,61,56
18,112,282,43,239,24,215,90,125
18,113,141,14,127,12,115,51,64
18,114,166,36,130,13,117,50,67
18,115,666,110,556,40,516,257,259
18,116,230,46,184,9,175,65,110
18,117,402,62,340,25,315,124,191
18,118,1103,245,858,72,786,432,354
18,119,161,21,140,5,135,66,69
18,120,424,53,371,33,338,192,146
18,121,102,9,93,11,82,44,38
18,122,145,24,121,9,112,65,47
18,123,37,3,34,2,32,10,22
18,124,264,36,228,12,216,100,116
18,125,1014,221,793,55,738,362,376
18,126,966,146,820,55,765,401,364
18,127,1170,180,990,61,929,529,400
18,128,117,16,101,7,94,46,48
18,129,156,10,146,14,132,61,71
18,130,236,32,204,13,191,105,86
18,131,32,0,32,4,28,13,15
18,132,135,17,118,9,109,26,83
18,133,1033,197,836,55,781,532,249
18,134,493,68,425,35,390,231,159
18,135,214,35,179,15,164,81,83
18,136,247,42,205,18,187,107,80
18,137,463,70,393,29,364,213,151
18,138,1725,282,1443,114,1329,690,639
18,139,526,70,456,36,420,299,121
18,140,1135,191,944,78,866,489,377
18,141,5113,982,4131,332,3799,2019,1780
18,142,587,94,493,38,455,249,206
18,143,249,60,189,14,175,99,76
18,144,428,78,350,23,327,93,234
18,145,1184,164,1020,93,927,421,506
18,146,287,47,240,16,224,113,111
18,147,213,48,165,12,153,65,88
18,148,2017,359,1658,138,1520,808,712
18,149,471,95,376,37,339,184,155
18,150,533,70,463,22,441,239,202
18,151,323,56,267,11,256,129,127
18,152,92,9,83,7,76,49,27
18,153,250,53,197,18,179,96,83
18,154,181,44,137,16,121,63,58
18,155,369,58,311,40,271,137,134
18,156,405,70,335,11,324,232,92
18,157,483,57,426,41,385,231,154
18,158,537,74,463,36,427,199,228
18,159,708,116,592,27,565,216,349
18,160,1057,202,855,71,784,377,407
18,161,221,42,179,10,169,89,80
18,162,226,27,199,21,178,87,91
18,163,244,45,199,14,185,116,69
18,164,115,9,106,3,103,36,67
18,165,994,166,828,73,755,373,382
18,166,325,31,294,25,269,116,153
18,167,233,33,200,12,188,103,85
18,168,225,44,181,14,167,96,71
18,169,182,25,157,15,142,83,59
18,170,603,114,489,36,453,186,267
18,171,197,43,154,16,138,85,53
18,172,1519,242,1277,111,1166,689,477
18,173,236,38,198,27,171,88,83
18,174,142,22,120,14,106,52,54
18,175,515,117,398,30,368,196,172
18,176,331,52,279,23,256,167,89
18,177,45,8,37,4,33,16,17
18,178,192,24,168,19,149,75,74
18,179,615,54,561,29,532,270,262
18,180,1385,211,1174,67,1107,595,512
18,181,390,49,341,24,317,212,105
18,182,155,14,141,11,130,55,75
18,183,110,22,88,6,82,29,53
18,184,200,27,173,15,158,90,68
18,185,207,20,187,20,167,67,100
18,186,358,66,292,23,269,119,150
18,187,486,90,396,30,366,203,163
18,188,206,23,183,20,163,101,62
18,189,358,60,298,15,283,160,123
18,190,604,130,474,52,422,191,231
18,191,155,27,128,10,118,47,71
18,192,235,45,190,15,175,101,74
18,193,202,30,172,13,159,109,50
18,194,803,124,679,66,613,327,286
18,195,171,28,143,10,133,60,73
18,196,74,12,62,8,54,22,32
18,197,7765,1922,5843,435,5408,2939,2469
18,198,294,37,257,10,247,136,111
18,199,227,33,194,26,168,100,68
18,200,280,47,233,27,206,91,115
18,201,505,72,433,30,403,220,183
18,202,34,2,32,1,31,10,21
18,203,92,20,72,9,63,37,26
18,204,271,36,235,31,204,82,122
18,205,7155,1323,5832,363,5469,2825,2644
18,206,1186,180,1006,65,941,497,444
18,207,4963,1082,3881,245,3636,2183,1453
18,208,344,43,301,27,274,124,150
18,209,347,41,306,30,276,166,110
18,210,456,75,381,21,360,197,163
18,211,585,71,514,30,484,267,217
18,212,449,73,376,17,359,169,190
18,213,3834,774,3060,209,2851,1764,1087
18,214,516,99,417,18,399,278,121
18,215,132,28,104,8,96,41,55
18,216,448,85,363,26,337,171,166
18,217,143,27,116,6,110,56,54
18,218,501,75,426,32,394,203,191
18,219,304,52,252,27,225,133,92
18,220,314,43,271,19,252,163,89
18,221,222,26,196,22,174,99,75
18,222,34,2,32,1,31,10,21
18,223,1752,329,1423,84,1339,753,586
18,224,257,42,215,11,204,86,118
18,225,220,36,184,21,163,64,99
18,226,324,31,293,26,267,140,127
18,227,201,21,180,8,172,54,118
18,228,187,30,157,15,142,71,71
18,229,495,57,438,35,403,185,218
18,230,247,36,211,18,193,91,102
18,231,586,114,472,36,436,235,201
18,232,218,41,177,7,170,94,76
18,233,1235,270,965,62,903,397,506
18,234,382,84,298,19,279,150,129
18,235,948,148,800,70,730,410,320
18,236,106,29,77,4,73,43,30
18,237,372,45,327,22,305,144,161
18,238,116,21,95,5,90,48,42
18,239,132,33,99,11,88,43,45
18,240,566,120,446,29,417,204,213
18,241,1025,161,864,55,809,302,507
18,242,2361,477,1884,127,1757,935,822
18,243,359,80,279,16,263,94,169
18,244,60,8,52,8,44,18,26
18,245,355,58,297,26,271,139,132
18,246,808,117,691,35,656,292,364
18,247,499,67,432,34,398,191,207
18,248,302,44,258,18,240,135,105
18,249,353,60,293,22,271,123,148
18,250,54,9,45,5,40,23,17
18,251,49,2,47,2,45,18,27
18,252,298,60,238,14,224,117,107
18,253,351,41,310,24,286,141,145
18,254,507,98,409,32,377,198,179
18,255,699,82,617,47,570,269,301
18,256,275,40,235,8,227,105,122
18,257,485,67,418,37,381,219,162
18,258,528,73,455,26,429,143,286
18,259,255,46,209,14,195,95,100
18,260,59,14,45,7,38,12,26
18,261,329,43,286,21,265,135,130
18,262,269,43,226,6,220,110,110
18,263,462,83,379,29,350,213,137
18,264,77,16,61,4,57,20,37
18,265,596,115,481,16,465,302,163
18,266,254,46,208,15,193,106,87
18,267,3172,475,2697,169,2528,1420,1108
18,268,320,57,263,20,243,145,98
18,269,616,108,508,24,484,170,314
18,270,583,99,484,37,447,307,140
18,271,929,124,805,41,764,361,403
18,272,455,59,396,22,374,203,171
18,273,665,103,562,56,506,267,239
18,274,262,31,231,13,218,38,180
18,275,128,18,110,13,97,46,51
18,276,142,20,122,7,115,45,70
18,277,36,1,35,3,32,10,22
18,278,437,73,364,28,336,176,160
18,279,19140,4800,14340,937,13403,8701,4702
18,280,572,75,497,37,460,231,229
18,281,1529,286,1243,94,1149,605,544
18,282,413,61,352,33,319,159,160
18,283,82,24,58,5,53,29,24
18,284,185,36,149,9,140,68,72
18,285,333,58,275,27,248,131,117
18,286,346,33,313,30,283,133,150
18,287,268,53,215,7,208,90,118
18,288,183,30,153,11,142,68,74
18,289,376,39,337,37,300,149,151
18,290,390,76,314,27,287,156,131
19,1,305,38,267,10,257,178,79
19,2,333,38,295,11,284,192,92
19,3,233,18,215,10,205,146,59
19,4,618,62,556,25,531,375,156
19,5,2933,369,2564,149,2415,1511,904
19,6,102,7,95,8,87,46,41
19,7,709,91,618,37,581,333,248
19,8,221,27,194,3,191,143,48
19,9,113,17,96,6,90,68,22
19,10,2487,372,2115,116,1999,1363,636
19,11,995,121,874,38,836,535,301
19,12,219,20,199,11,188,121,67
19,13,698,115,583,39,544,351,193
19,14,189,17,172,3,169,106,63
19,15,567,66,501,30,471,310,161
19,16,271,29,242,10,232,140,92
19,17,88,11,77,2,75,44,31
19,18,171,20,151,3,148,93,55
19,19,846,97,749,35,714,446,268
19,20,109,7,102,8,94,79,15
19,21,88,12,76,3,73,57,16
19,22,252,23,229,9,220,169,51
19,23,1002,96,906,43,863,566,297
19,24,445,58,387,20,367,230,137
19,25,326,33,293,9,284,162,122
19,26,177,16,161,15,146,103,43
19,27,136,8,128,6,122,89,33
19,28,2229,368,1861,103,1758,1120,638
19,29,223,14,209,18,191,129,62
19,30,747,79,668,44,624,452,172
19,31,33137,7025,26112,1360,24752,14864,9888
19,32,153,15,138,6,132,83,49
19,33,671,105,566,37,529,334,195
19,34,242,36,206,8,198,116,82
19,35,418,39,379,24,355,243,112
19,36,1093,154,939,59,880,565,315
19,37,973,104,869,55,814,561,253
19,38,1304,126,1178,51,1127,887,240
19,39,194,20,174,8,166,103,63
19,40,171,23,148,7,141,103,38
19,41,457,31,426,22,404,307,97
19,42,518,72,446,19,427,356,71
19,43,355,23,332,14,318,226,92
19,44,196,21,175,11,164,98,66
19,45,201,32,169,4,165,115,50
19,46,117,21,96,17,79,47,32
19,47,309,37,272,15,257,159,98
19,48,261,17,244,10,234,187,47
19,49,559,57,502,19,483,334,149
19,50,357,31,326,20,306,192,114
19,51,168,22,146,10,136,85,51
19,52,66,9,57,0,57,21,36
19,53,193,23,170,12,158,88,70
19,54,181,15,166,4,162,99,63
19,55,243,19,224,19,205,139,66
19,56,334,37,297,16,281,197,84
19,57,459,38,421,22,399,262,137
19,58,309,35,274,19,255,142,113
19,59,367,25,342,19,323,173,150
19,60,540,72,468,30,438,279,159
19,61,880,112,768,29,739,525,214
19,62,931,91,840,55,785,494,291
19,63,2338,262,2076,121,1955,1201,754
19,64,83,8,75,3,72,47,25
19,65,60,7,53,5,48,24,24
19,66,1344,163,1181,83,1098,705,393
19,67,196,17,179,15,164,102,62
19,68,562,57,505,29,476,331,145
19,69,160,13,147,8,139,65,74
19,70,312,35,277,24,253,168,85
19,71,204,15,189,10,179,131,48
19,72,2001,233,1768,115,1653,975,678
19,73,2416,317,2099,128,1971,1184,787
19,74,39,5,34,3,31,18,13
19,75,293,29,264,15,249,176,73
19,76,337,32,305,21,284,208,76
19,77,104,8,96,7,89,44,45
19,78,328,28,300,10,290,192,98
19,79,396,48,348,18,330,187,143
19,80,479,62,417,33,384,250,134
19,81,473,57,416,25,391,269,122
19,82,837,67,770,42,728,531,197
19,83,117,14,103,8,95,72,23
19,84,266,35,231,7,224,141,83
19,85,624,61,563,42,521,382,139
19,86,291,46,245,12,233,153,80
19,87,100,9,91,8,83,63,20
19,88,61,3,58,3,55,54,1
19,89,164,14,150,6,144,108,36
19,90,104,10,94,5,89,54,35
19,91,242,26,216,12,204,151,53
19,92,96,12,84,6,78,60,18
19,93,654,56,598,34,564,367,197
19,94,908,115,793,53,740,492,248
19,95,120,16,104,3,101,61,40
19,96,416,45,371,11,360,256,104
19,97,128,8,120,10,110,79,31
19,98,681,64,617,31,586,426,160
19,99,189,14,175,12,163,87,76
19,100,884,125,759,37,722,515,207
19,101,1030,131,899,42,857,678,179
19,102,266,25,241,11,230,164,66
19,103,72,9,63,13,50,27,23
19,104,85,10,75,2,73,41,32
19,105,454,54,400,23,377,253,124
19,106,322,38,284,24,260,172,88
19,107,1214,137,1077,59,1018,614,404
19,108,92,8,84,5,79,36,43
19,109,138,17,121,12,109,90,19
19,110,141,13,128,3,125,85,40
19,111,96,12,84,10,74,55,19
19,112,88,11,77,3,74,48,26
19,113,506,72,434,37,397,236,161
19,114,164,11,153,15,138,81,57
19,115,259,23,236,13,223,127,96
19,116,194,11,183,12,171,107,64
19,117,558,57,501,44,457,270,187
19,118,706,67,639,40,599,365,234
19,119,109,9,100,6,94,64,30
19,120,194,31,163,8,155,102,53
19,121,1856,283,1573,97,1476,892,584
19,122,174,23,151,5,146,101,45
19,123,5592,694,4898,272,4626,2846,1780
19,124,1046,111,935,53,882,621,261
19,125,810,76,734,36,698,460,238
19,126,177,22,155,14,141,99,42
19,127,134,12,122,5,117,96,21
19,128,218,18,200,12,188,108,80
19,129,534,53,481,24,457,290,167
19,130,314,35,279,10,269,156,113
19,131,460,62,398,17,381,208,173
19,132,86,12,74,4,70,54,16
19,133,237,31,206,9,197,119,78
19,134,572,87,485,32,453,333,120
19,135,299,23,276,19,257,164,93
19,136,1862,305,1557,64,1493,956,537
19,137,61,6,55,4,51,35,16
19,138,1037,144,893,50,843,517,326
19,139,77,7,70,2,68,41,27
19,140,575,56,519,22,497,288,209
19,141,165,24,141,12,129,77,52
19,142,135,21,114,13,101,48,53
19,143,482,59,423,34,389,256,133
19,144,191,21,170,8,162,101,61
19,145,363,40,323,12,311,215,96
19,146,1879,165,1714,95,1619,1214,405
19,147,474,54,420,23,397,241,156
19,148,1277,175,1102,54,1048,671,377
19,149,207,23,184,11,173,141,32
19,150,322,30,292,16,276,182,94
19,151,647,60,587,30,557,355,202
19,152,357,32,325,19,306,226,80
19,153,2818,353,2465,147,2318,1377,941
19,154,290,40,250,8,242,143,99
19,155,219,20,199,16,183,132,51
19,156,109,3,106,7,99,57,42
19,157,189,25,164,12,152,104,48
19,158,161,10,151,12,139,117,22
19,159,95,8,87,11,76,48,28
19,160,186,28,158,9,149,99,50
19,161,393,27,366,26,340,215,125
19,162,858,78,780,35,745,500,245
19,163,243,19,224,13,211,138,73
19,164,578,56,522,28,494,382,112
19,165,130,4,126,4,122,71,51
19,166,91,10,81,7,74,66,8
19,167,54,9,45,6,39,22,17
19,168,101,11,90,5,85,78,7
19,169,236,18,218,8,210,133,77
19,170,167,12,155,4,151,97,54
19,171,174,19,155,9,146,103,43
19,172,129,9,120,4,116,72,44
19,173,266,28,238,8,230,105,125
19,174,146,16,130,10,120,86,34
19,175,88,9,79,8,71,48,23
19,176,914,105,809,52,757,560,197
19,177,152,17,135,12,123,94,29
19,178,692,78,614,38,576,418,158
19,179,178,17,161,7,154,95,59
19,180,595,72,523,32,491,315,176
19,181,390,40,350,24,326,204,122
19,182,690,75,615,55,560,349,211
19,183,133,15,118,11,107,83,24
19,184,143,17,126,6,120,82,38
19,185,173,14,159,2,157,125,32
19,186,175,22,153,9,144,105,39
19,187,311,36,275,11,264,180,84
19,188,283,27,256,18,238,149,89
19,189,45,4,41,2,39,17,22
19,190,167,26,141,9,132,77,55
19,191,527,69,458,39,419,276,143
19,192,412,54,358,14,344,274,70
19,193,162,12,150,12,138,78,60
19,194,1036,110,926,34,892,715,177
19,195,285,17,268,15,253,142,111
19,196,356,36,320,15,305,214,91
19,198,100,17,83,5,78,49,29
19,199,231,20,211,13,198,122,76
19,200,77,9,68,6,62,25,37
19,201,540,62,478,29,449,266,183
19,202,1494,137,1357,71,1286,776,510
19,203,1523,138,1385,68,1317,977,340
19,204,255,30,225,17,208,120,88
19,205,97,10,87,5,82,49,33
19,206,85,15,70,9,61,49,12
19,207,820,86,734,42,692,471,221
19,208,200,24,176,8,168,124,44
19,209,150,14,136,8,128,75,53
19,210,78,9,69,2,67,58,9
19,211,783,91,692,18,674,482,192
19,212,84,6,78,4,74,47,27
19,213,506,39,467,18,449,286,163
19,214,419,61,358,20,338,209,129
19,215,124,21,103,6,97,58,39
19,216,233,25,208,12,196,139,57
19,217,152,21,131,9,122,74,48
19,218,383,65,318,17,301,201,100
19,219,48,8,40,2,38,23,15
19,220,420,39,381,18,363,256,107
19,221,93,2,91,5,86,52,34
19,222,349,39,310,13,297,212,85
19,223,231,26,205,13,192,113,79
19,225,159,15,144,5,139,109,30
19,226,114,10,104,2,102,43,59
19,227,1021,80,941,49,892,731,161
19,228,68,10,58,1,57,49,8
19,229,3744,453,3291,205,3086,1949,1137
19,230,292,25,267,15,252,145,107
19,231,160,12,148,6,142,101,41
19,232,79,3,76,6,70,50,20
19,233,242,27,215,18,197,126,71
19,234,406,32,374,27,347,262,85
19,235,216,18,198,7,191,122,69
19,236,405,33,372,25,347,259,88
19,237,861,79,782,34,748,448,300
19,238,207,27,180,8,172,116,56
19,239,300,26,274,19,255,148,107
19,240,285,35,250,18,232,155,77
19,241,255,29,226,11,215,111,104
19,242,329,31,298,5,293,189,104
19,243,758,78,680,47,633,379,254
19,244,83,9,74,3,71,45,26
19,245,110,21,89,3,86,61,25
19,246,1354,122,1232,64,1168,778,390
19,247,181,18,163,5,158,81,77
19,248,555,54,501,44,457,262,195
19,249,351,45,306,38,268,193,75
19,250,568,79,489,32,457,291,166
19,251,240,21,219,15,204,114,90
19,252,338,52,286,23,263,167,96
19,253,207,19,188,7,181,123,58
19,254,186,26,160,7,153,114,39
19,255,1430,149,1281,71,1210,728,482
19,256,325,38,287,10,277,174,103
19,257,257,31,226,17,209,143,66
19,258,444,39,405,18,387,283,104
19,259,193,26,167,10,157,89,68
19,260,212,27,185,11,174,107,67
19,261,556,78,478,17,461,289,172
19,262,160,20,140,12,128,71,57
19,263,263,25,238,17,221,136,85
19,264,426,42,384,25,359,172,187
19,265,313,49,264,11,253,152,101
19,266,84,12,72,7,65,42,23
19,268,46,3,43,5,38,23,15
19,269,1070,119,951,47,904,546,358
19,270,425,48,377,26,351,256,95
19,271,213,27,186,4,182,115,67
19,272,9836,1518,8318,334,7984,6044,1940
19,273,685,80,605,39,566,335,231
19,274,3175,345,2830,138,2692,1543,1149
19,275,6773,1174,5599,357,5242,3369,1873
19,276,1952,349,1603,95,1508,967,541
19,277,149,9,140,12,128,58,70
19,278,1751,211,1540,95,1445,901,544
19,279,248,20,228,15,213,120,93
19,280,158,13,145,2,143,75,68
19,281,84,9,75,3,72,54,18
19,282,425,54,371,12,359,245,114
19,283,65,8,57,4,53,33,20
19,284,101,14,87,6,81,47,34
19,285,967,115,852,38,814,553,261
19,286,475,64,411,26,385,268,117
19,287,203,20,183,14,169,113,56
19,288,968,107,861,45,816,520,296
19,289,596,66,530,42,488,318,170
2A,1,2263,420,1843,106,1737,954,783
2A,4,33346,8631,24715,1416,23299,10312,12987
2A,6,2573,587,1986,114,1872,854,1018
2A,8,1111,251,860,59,801,318,483
2A,11,72,21,51,3,48,25,23
2A,14,68,5,63,7,56,29,27
2A,17,1312,309,1003,76,927,405,522
2A,18,128,52,76,10,66,49,17
2A,19,89,10,79,5,74,32,42
2A,21,116,19,97,5,92,21,71
2A,22,103,22,81,4,77,31,46
2A,24,236,75,161,13,148,67,81
2A,26,147,26,121,5,116,51,65
2A,27,81,29,52,1,51,27,24
2A,28,242,77,165,4,161,70,91
2A,31,588,187,401,17,384,147,237
2A,32,2596,641,1955,118,1837,811,1026
2A,35,233,29,204,6,198,99,99
2A,38,61,15,46,1,45,38,7
2A,40,473,104,369,15,354,144,210
2A,41,2433,492,1941,93,1848,700,1148
2A,48,562,118,444,21,423,137,286
2A,56,132,25,107,17,90,30,60
2A,60,88,16,72,7,65,31,34
2A,61,135,28,107,4,103,44,59
2A,62,294,101,193,14,179,78,101
2A,64,59,17,42,2,40,13,27
2A,65,931,242,689,33,656,237,419
2A,66,63,11,52,3,49,15,34
2A,70,405,104,301,18,283,90,193
2A,71,169,48,121,2,119,64,55
2A,85,1000,238,762,37,725,312,413
2A,89,199,27,172,6,166,11,155
2A,90,700,218,482,32,450,171,279
2A,91,243,52,191,9,182,74,108
2A,92,823,234,589,28,561,184,377
2A,94,146,13,133,2,131,16,115
2A,98,711,135,576,43,533,173,360
2A,99,316,91,225,10,215,124,91
2A,100,64,17,47,2,45,24,21
2A,103,1517,446,1071,61,1010,484,526
2A,104,784,175,609,33,576,258,318
2A,108,204,60,144,9,135,74,61
2A,114,1014,292,722,48,674,307,367
2A,115,139,36,103,9,94,39,55
2A,117,109,17,92,7,85,36,49
2A,118,198,51,147,22,125,51,74
2A,119,186,40,146,9,137,64,73
2A,127,102,37,65,3,62,30,32
2A,128,105,35,70,7,63,31,32
2A,129,73,13,60,2,58,28,30
2A,130,2457,567,1890,85,1805,496,1309
2A,131,197,41,156,11,145,83,62
2A,132,139,5,134,2,132,12,120
2A,133,180,45,135,9,126,26,100
2A,139,896,211,685,48,637,216,421
2A,141,226,79,147,19,128,72,56
2A,142,658,139,519,32,487,237,250
2A,144,179,57,122,12,110,73,37
2A,146,62,19,43,0,43,27,16
2A,154,178,60,118,2,116,65,51
2A,158,70,24,46,0,46,19,27
2A,160,277,64,213,13,200,100,100
2A,163,464,95,369,17,352,185,167
2A,174,121,25,96,6,90,50,40
2A,181,365,67,298,21,277,176,101
2A,186,310,82,228,26,202,71,131
2A,189,1165,286,879,58,821,366,455
2A,191,82,25,57,4,53,22,31
2A,196,143,39,104,8,96,29,67
2A,197,144,30,114,9,105,47,58
2A,198,487,121,366,21,345,169,176
2A,200,254,85,169,10,159,51,108
2A,203,112,23,89,7,82,27,55
2A,204,170,62,108,5,103,52,51
2A,209,1517,428,1089,73,1016,436,580
2A,211,594,143,451,26,425,182,243
2A,212,462,92,370,12,358,204,154
2A,215,668,113,555,36,519,160,359
2A,228,1032,223,809,44,765,284,481
2A,232,275,76,199,12,187,74,113
2A,240,146,29,117,7,110,61,49
2A,247,8281,1794,6487,339,6148,2381,3767
2A,249,2171,525,1646,96,1550,664,886
2A,253,86,24,62,4,58,11,47
2A,254,285,63,222,5,217,105,112
2A,258,190,66,124,2,122,32,90
2A,259,98,34,64,0,64,18,46
2A,262,110,40,70,16,54,15,39
2A,266,124,38,86,4,82,36,46
2A,268,100,19,81,9,72,16,56
2A,269,1205,260,945,58,887,275,612
2A,270,336,68,268,15,253,109,144
2A,271,1746,437,1309,75,1234,631,603
2A,272,2369,519,1850,102,1748,844,904
2A,276,490,77,413,15,398,150,248
2A,278,141,34,107,6,101,36,65
2A,279,144,43,101,2,99,56,43
2A,282,218,38,180,12,168,65,103
2A,284,354,80,274,29,245,152,93
2A,285,104,24,80,1,79,27,52
2A,288,900,167,733,42,691,267,424
2A,295,89,25,64,9,55,29,26
2A,300,859,196,663,29,634,222,412
2A,308,548,101,447,18,429,156,273
2A,310,94,18,76,3,73,28,45
2A,312,399,96,303,20,283,140,143
2A,322,270,102,168,2,166,19,147
2A,323,263,82,181,14,167,68,99
2A,324,420,119,301,14,287,170,117
2A,326,173,25,148,8,140,83,57
2A,330,487,135,352,24,328,175,153
2A,331,75,31,44,4,40,26,14
2A,336,299,58,241,20,221,85,136
2A,345,335,87,248,12,236,136,100
2A,348,957,224,733,35,698,228,470
2A,349,456,130,326,11,315,174,141
2A,351,315,65,250,15,235,116,119
2A,357,49,15,34,1,33,26,7
2A,358,91,22,69,2,67,15,52
2A,359,317,96,221,10,211,59,152
2A,360,178,47,131,13,118,42,76
2A,362,1700,335,1365,62,1303,402,901
2A,363,76,22,54,2,52,16,36
2B,2,171,26,145,6,139,53,86
2B,3,73,17,56,0,56,34,22
2B,5,33,10,23,0,23,15,8
2B,7,358,95,263,11,252,188,64
2B,9,1263,338,925,42,883,301,582
2B,10,253,43,210,8,202,64,138
2B,12,118,37,81,7,74,53,21
2B,13,38,9,29,0,29,29,0
2B,15,25,4,21,0,21,12,9
2B,16,462,108,354,20,334,201,133
2B,20,462,103,359,21,338,164,174
2B,23,176,39,137,3,134,74,60
2B,25,110,28,82,1,81,53,28
2B,29,194,43,151,5,146,68,78
2B,30,210,37,173,11,162,81,81
2B,33,19783,4804,14979,889,14090,7278,6812
2B,34,402,74,328,26,302,118,184
2B,36,101,17,84,6,78,71,7
2B,37,4507,800,3707,226,3481,1262,2219
2B,39,253,58,195,11,184,97,87
2B,42,4290,1008,3282,108,3174,630,2544
2B,43,1352,218,1134,55,1079,436,643
2B,45,103,19,84,1,83,10,73
2B,46,217,46,171,6,165,60,105
2B,47,524,134,390,15,375,120,255
2B,49,1653,426,1227,76,1151,442,709
2B,50,3752,871,2881,126,2755,702,2053
2B,51,121,18,103,3,100,23,77
2B,52,94,19,75,0,75,19,56
2B,53,36,17,19,0,19,9,10
2B,54,286,38,248,13,235,138,97
2B,55,165,20,145,4,141,86,55
2B,57,246,56,190,8,182,124,58
2B,58,296,67,229,17,212,114,98
2B,59,255,50,205,12,193,109,84
2B,63,56,21,35,4,31,22,9
2B,67,44,19,25,0,25,16,9
2B,68,77,23,54,1,53,39,14
2B,69,157,35,122,4,118,74,44
2B,72,58,9,49,0,49,29,20
2B,73,311,122,189,11,178,99,79
2B,74,255,49,206,11,195,130,65
2B,75,62,10,52,0,52,49,3
2B,77,419,102,317,21,296,116,180
2B,78,71,23,48,4,44,16,28
2B,79,466,97,369,60,309,155,154
2B,80,209,31,178,7,171,109,62
2B,81,73,9,64,15,49,15,34
2B,82,55,27,28,6,22,15,7
2B,83,213,54,159,7,152,78,74
2B,84,177,35,142,10,132,40,92
2B,86,233,53,180,11,169,83,86
2B,87,1523,356,1167,56,1111,444,667
2B,88,195,54,141,9,132,67,65
2B,93,737,135,602,31,571,251,320
2B,95,240,62,178,8,170,122,48
2B,96,3770,989,2781,183,2598,1254,1344
2B,97,73,16,57,5,52,25,27
2B,101,106,25,81,8,73,39,34
2B,102,100,19,81,3,78,64,14
2B,105,122,21,101,5,96,65,31
2B,106,19,4,15,0,15,12,3
2B,107,239,44,195,12,183,36,147
2B,109,250,33,217,15,202,81,121
2B,110,63,17,46,0,46,20,26
2B,111,84,13,71,5,66,27,39
2B,112,204,50,154,8,146,55,91
2B,113,97,24,73,7,66,41,25
2B,116,58,17,41,1,40,26,14
2B,120,3776,840,2936,180,2756,1226,1530
2B,121,404,92,312,24,288,136,152
2B,122,62,11,51,3,48,22,26
2B,123,2215,455,1760,65,1695,558,1137
2B,124,469,109,360,15,345,123,222
2B,125,57,14,43,5,38,15,23
2B,126,73,12,61,0,61,35,26
2B,134,2210,520,1690,50,1640,615,1025
2B,135,496,145,351,7,344,269,75
2B,136,175,31,144,3,141,60,81
2B,137,32,7,25,3,22,14,8
2B,138,128,30,98,11,87,45,42
2B,140,131,23,108,2,106,64,42
2B,143,635,161,474,26,448,220,228
2B,145,293,89,204,4,200,92,108
2B,147,299,133,166,4,162,105,57
2B,148,2806,691,2115,79,2036,750,1286
2B,149,136,62,74,6,68,29,39
2B,150,867,166,701,37,664,210,454
2B,152,696,144,552,47,505,294,211
2B,153,137,28,109,12,97,48,49
2B,155,77,22,55,0,55,28,27
2B,156,37,8,29,1,28,21,7
2B,157,49,29,20,1,19,5,14
2B,159,113,21,92,2,90,41,49
2B,161,92,23,69,6,63,40,23
2B,162,722,181,541,31,510,270,240
2B,164,46,12,34,1,33,27,6
2B,165,220,52,168,6,162,101,61
2B,166,578,145,433,16,417,130,287
2B,167,349,73,276,16,260,158,102
2B,168,1261,195,1066,34,1032,620,412
2B,169,873,251,622,36,586,361,225
2B,170,138,33,105,10,95,44,51
2B,171,58,7,51,1,50,43,7
2B,172,573,127,446,26,420,240,180
2B,173,273,83,190,10,180,115,65
2B,175,106,15,91,6,85,20,65
2B,176,103,10,93,1,92,56,36
2B,177,107,22,85,6,79,61,18
2B,178,116,25,91,10,81,38,43
2B,179,73,14,59,2,57,52,5
2B,180,126,36,90,2,88,32,56
2B,182,208,55,153,13,140,64,76
2B,183,113,17,96,7,89,76,13
2B,184,103,21,82,12,70,47,23
2B,185,1030,179,851,53,798,299,499
2B,187,175,43,132,4,128,41,87
2B,188,360,89,271,16,255,153,102
2B,190,223,57,166,6,160,108,52
2B,192,217,53,164,13,151,86,65
2B,193,470,92,378,26,352,155,197
2B,194,46,8,38,1,37,15,22
2B,195,160,26,134,3,131,122,9
2B,199,134,27,107,2,105,68,37
2B,201,224,63,161,5,156,45,111
2B,202,30,4,26,0,26,20,6
2B,205,604,176,428,36,392,213,179
2B,206,50,10,40,1,39,31,8
2B,207,1968,474,1494,87,1407,911,496
2B,208,124,29,95,9,86,78,8
2B,210,158,31,127,2,125,66,59
2B,213,110,38,72,2,70,53,17
2B,214,48,12,36,4,32,15,17
2B,216,26,8,18,1,17,4,13
2B,217,61,10,51,0,51,7,44
2B,218,178,40,138,8,130,53,77
2B,219,144,32,112,3,109,50,59
2B,220,110,21,89,5,84,43,41
2B,221,30,10,20,4,16,9,7
2B,222,101,40,61,3,58,19,39
2B,223,491,125,366,17,349,118,231
2B,224,579,105,474,33,441,198,243
2B,225,170,49,121,9,112,30,82
2B,226,112,20,92,3,89,50,39
2B,227,68,12,56,3,53,39,14
2B,229,419,180,239,5,234,163,71
2B,230,143,30,113,4,109,43,66
2B,231,91,24,67,3,64,45,19
2B,233,242,55,187,8,179,112,67
2B,234,82,12,70,0,70,41,29
2B,235,108,24,84,7,77,33,44
2B,236,266,57,209,9,200,63,137
2B,238,153,34,119,7,112,85,27
2B,239,183,32,151,4,147,75,72
2B,241,37,6,31,4,27,7,20
2B,242,424,97,327,16,311,118,193
2B,243,55,18,37,3,34,13,21
2B,244,98,26,72,6,66,18,48
2B,245,57,10,47,5,42,28,14
2B,246,330,78,252,10,242,36,206
2B,248,78,14,64,3,61,17,44
2B,250,185,38,147,14,133,69,64
2B,251,2355,648,1707,54,1653,560,1093
2B,252,230,75,155,2,153,61,92
2B,255,89,23,66,5,61,34,27
2B,256,40,7,33,2,31,24,7
2B,257,139,28,111,5,106,54,52
2B,260,187,48,139,4,135,107,28
2B,261,553,111,442,20,422,208,214
2B,263,143,23,120,5,115,88,27
2B,264,110,13,97,5,92,6,86
2B,265,349,75,274,26,248,111,137
2B,267,87,22,65,0,65,54,11
2B,273,65,14,51,2,49,27,22
2B,274,135,40,95,13,82,24,58
2B,275,102,26,76,8,68,39,29
2B,277,370,144,226,16,210,88,122
2B,280,135,41,94,7,87,41,46
2B,281,899,179,720,62,658,367,291
2B,283,622,125,497,30,467,145,322
2B,286,552,107,445,22,423,169,254
2B,287,133,37,96,4,92,55,37
2B,289,117,33,84,7,77,31,46
2B,290,277,46,231,7,224,117,107
2B,291,64,10,54,1,53,16,37
2B,292,112,26,86,2,84,43,41
2B,293,417,68,349,1,348,297,51
2B,296,130,25,105,7,98,32,66
2B,297,58,21,37,2,35,23,12
2B,298,1466,266,1200,48,1152,334,818
2B,299,161,43,118,3,115,38,77
2B,301,77,11,66,4,62,27,35
2B,302,104,22,82,3,79,58,21
2B,303,433,114,319,12,307,102,205
2B,304,157,49,108,8,100,66,34
2B,305,2062,381,1681,94,1587,990,597
2B,306,163,56,107,4,103,74,29
2B,307,833,216,617,48,569,225,344
2B,309,1661,384,1277,59,1218,573,645
2B,311,538,141,397,32,365,160,205
2B,313,1126,272,854,40,814,376,438
2B,314,408,127,281,12,269,121,148
2B,315,284,44,240,9,231,163,68
2B,316,687,143,544,32,512,274,238
2B,317,120,22,98,2,96,72,24
2B,318,500,122,378,14,364,95,269
2B,319,523,154,369,23,346,130,216
2B,320,258,52,206,8,198,65,133
2B,321,56,13,43,1,42,16,26
2B,327,208,33,175,19,156,74,82
2B,328,167,44,123,9,114,71,43
2B,329,94,25,69,1,68,30,38
2B,332,182,40,142,10,132,75,57
2B,333,124,20,104,5,99,61,38
2B,334,178,47,131,6,125,65,60
2B,335,294,64,230,15,215,107,108
2B,337,185,51,134,2,132,61,71
2B,338,92,14,78,5,73,35,38
2B,339,39,9,30,2,28,8,20
2B,340,132,32,100,3,97,69,28
2B,341,664,122,542,30,512,340,172
2B,342,1712,394,1318,100,1218,414,804
2B,343,1076,317,759,39,720,340,380
2B,344,71,13,58,2,56,19,37
2B,346,1653,423,1230,75,1155,588,567
2B,347,378,70,308,10,298,104,194
2B,350,197,74,123,3,120,51,69
2B,352,216,45,171,12,159,69,90
2B,353,2215,423,1792,93,1699,680,1019
2B,354,347,110,237,10,227,112,115
2B,355,392,108,284,17,267,143,124
2B,356,200,49,151,7,144,71,73
2B,361,221,43,178,7,171,62,109
2B,364,75,12,63,1,62,19,43
2B,365,296,67,229,7,222,169,53
2B,366,185,22,163,12,151,103,48
21,1,313,45,268,13,255,119,136
21,2,263,38,225,12,213,115,98
21,3,964,122,842,41,801,357,444
21,4,255,41,214,8,206,75,131
21,5,864,104,760,53,707,343,364
21,6,138,26,112,4,108,57,51
21,7,168,24,144,11,133,78,55
21,8,353,50,303,21,282,174,108
21,9,179,28,151,14,137,63,74
21,10,123,21,102,5,97,39,58
21,11,68,7,61,2,59,15,44
21,12,299,51,248,24,224,103,121
21,13,295,32,263,12,251,154,97
21,14,74,13,61,8,53,32,21
21,15,77,10,67,11,56,21,35
21,16,573,86,487,34,453,155,298
21,17,400,71,329,28,301,171,130
21,18,36,6,30,0,30,14,16
21,20,179,19,160,5,155,60,95
21,21,1833,193,1640,113,1527,674,853
21,22,385,90,295,29,266,124,142
21,23,1079,209,870,61,809,382,427
21,24,127,38,89,1,88,34,54
21,25,53,10,43,2,41,17,24
21,26,136,17,119,9,110,41,69
21,27,861,111,750,30,720,266,454
21,28,518,98,420,42,378,178,200
21,29,61,6,55,6,49,26,23
21,30,77,5,72,0,72,42,30
21,31,281,45,236,15,221,116,105
21,32,132,18,114,18,96,39,57
21,33,123,26,97,10,87,30,57
21,34,133,11,122,11,111,48,63
21,35,245,28,217,16,201,88,113
21,36,51,3,48,4,44,14,30
21,37,284,35,249,20,229,77,152
21,38,4965,1214,3751,252,3499,1555,1944
21,39,38,3,35,3,32,7,25
21,40,62,8,54,4,50,17,33
21,41,153,29,124,15,109,45,64
21,42,114,15,99,4,95,46,49
21,43,182,22,160,7,153,71,82
21,44,84,15,69,19,50,15,35
21,45,198,25,173,6,167,95,72
21,46,73,3,70,8,62,42,20
21,47,67,11,56,5,51,37,14
21,48,344,30,314,23,291,143,148
21,49,40,9,31,2,29,16,13
21,50,211,32,179,5,174,111,63
21,51,91,19,72,11,61,24,37
21,52,38,6,32,1,31,12,19
21,53,163,25,138,6,132,56,76
21,54,14310,3113,11197,617,10580,4635,5945
21,55,18,3,15,0,15,7,8
21,56,579,84,495,25,470,195,275
21,57,248,55,193,12,181,92,89
21,58,219,37,182,7,175,78,97
21,59,637,70,567,23,544,225,319
21,60,1125,142,983,56,927,432,495
21,61,66,10,56,8,48,13,35
21,62,190,31,159,16,143,72,71
21,63,93,8,85,2,83,34,49
21,64,70,12,58,2,56,23,33
21,65,92,9,83,4,79,33,46
21,66,62,3,59,3,56,21,35
21,67,461,70,391,19,372,206,166
21,68,110,16,94,8,86,42,44
21,69,108,10,98,7,91,53,38
21,70,79,8,71,3,68,41,27
21,71,564,87,477,24,453,180,273
21,72,127,12,115,11,104,56,48
21,73,80,11,69,4,65,33,32
21,74,180,17,163,17,146,65,81
21,75,58,9,49,0,49,26,23
21,76,480,65,415,19,396,162,234
21,77,108,21,87,2,85,19,66
21,78,54,5,49,7,42,16,26
21,79,114,17,97,5,92,40,52
21,80,494,89,405,36,369,204,165
21,81,98,9,89,3,86,44,42
21,82,59,5,54,2,52,25,27
21,83,115,25,90,5,85,37,48
21,84,62,6,56,3,53,25,28
21,85,118,17,101,8,93,31,62
21,86,985,153,832,32,800,320,480
21,87,601,127,474,26,448,243,205
21,88,198,15,183,6,177,96,81
21,89,314,30,284,26,258,93,165
21,90,58,7,51,1,50,25,25
21,91,42,5,37,3,34,15,19
21,92,163,22,141,7,134,62,72
21,93,133,32,101,6,95,39,56
21,94,260,34,226,25,201,75,126
21,95,58,15,43,3,40,10,30
21,96,118,28,90,8,82,44,38
21,97,32,1,31,1,30,9,21
21,98,130,22,108,7,101,42,59
21,99,256,44,212,25,187,90,97
21,100,28,5,23,3,20,14,6
21,101,154,29,125,8,117,53,64
21,102,131,15,116,9,107,52,55
21,103,1889,405,1484,118,1366,595,771
21,104,77,12,65,2,63,16,47
21,105,467,39,428,29,399,189,210
21,106,511,32,479,31,448,247,201
21,107,678,72,606,35,571,224,347
21,108,91,10,81,10,71,40,31
21,109,196,40,156,17,139,63,76
21,110,479,67,412,16,396,189,207
21,111,197,18,179,11,168,64,104
21,112,311,50,261,19,242,104,138
21,113,111,11,100,8,92,41,51
21,114,150,30,120,14,106,48,58
21,115,307,49,258,12,246,89,157
21,116,149,25,124,10,114,37,77
21,117,72,5,67,9,58,25,33
21,118,33,4,29,0,29,6,23
21,119,50,3,47,6,41,8,33
21,120,141,35,106,3,103,46,57
21,121,75,8,67,5,62,27,35
21,122,245,42,203,14,189,96,93
21,123,31,6,25,0,25,5,20
21,124,165,30,135,6,129,52,77
21,125,215,25,190,18,172,88,84
21,126,491,67,424,30,394,211,183
21,127,394,33,361,26,335,146,189
21,128,193,31,162,13,149,59,90
21,129,40,7,33,3,30,9,21
21,130,236,31,205,14,191,96,95
21,131,330,58,272,21,251,110,141
21,132,257,19,238,17,221,100,121
21,133,247,45,202,11,191,63,128
21,134,226,39,187,14,173,103,70
21,135,255,29,226,16,210,94,116
21,136,23,1,22,0,22,10,12
21,137,78,19,59,3,56,31,25
21,138,458,88,370,17,353,151,202
21,139,264,29,235,20,215,107,108
21,140,76,10,66,5,61,20,41
21,141,41,5,36,5,31,23,8
21,142,158,24,134,12,122,67,55
21,143,79,16,63,4,59,32,27
21,144,38,5,33,3,30,9,21
21,145,39,6,33,2,31,14,17
21,146,101,16,85,8,77,35,42
21,147,38,2,36,2,34,18,16
21,148,253,48,205,13,192,71,121
21,149,125,17,108,9,99,32,67
21,150,299,36,263,13,250,85,165
21,151,73,17,56,3,53,37,16
21,152,82,10,72,3,69,27,42
21,153,148,28,120,17,103,49,54
21,154,3638,840,2798,192,2606,1142,1464
21,155,34,1,33,5,28,14,14
21,156,34,3,31,3,28,11,17
21,157,14,4,10,2,8,2,6
21,158,135,23,112,6,106,35,71
21,159,105,22,83,2,81,44,37
21,160,70,11,59,5,54,32,22
21,161,70,0,70,16,54,20,34
21,162,354,43,311,16,295,155,140
21,163,180,24,156,16,140,48,92
21,164,119,18,101,7,94,43,51
21,165,56,7,49,1,48,23,25
21,166,8854,2174,6680,373,6307,4152,2155
21,167,85,8,77,5,72,27,45
21,168,48,10,38,6,32,16,16
21,169,111,13,98,4,94,60,34
21,170,221,23,198,8,190,69,121
21,171,6785,1087,5698,376,5322,2747,2575
21,172,222,39,183,11,172,88,84
21,173,431,51,380,18,362,112,250
21,175,114,14,100,12,88,42,46
21,176,86,9,77,1,76,31,45
21,177,147,14,133,12,121,55,66
21,178,93,8,85,6,79,44,35
21,179,620,97,523,40,483,202,281
21,180,116,36,80,7,73,53,20
21,181,125,12,113,9,104,55,49
21,182,73,11,62,5,57,32,25
21,183,536,97,439,40,399,208,191
21,184,50,18,32,4,28,16,12
21,185,357,54,303,17,286,106,180
21,186,473,82,391,16,375,241,134
21,187,122,9,113,6,107,49,58
21,189,305,33,272,15,257,86,171
21,190,401,49,352,19,333,163,170
21,191,586,59,527,35,492,226,266
21,192,548,51,497,22,475,214,261
21,193,272,27,245,17,228,109,119
21,194,715,137,578,42,536,250,286
21,195,126,22,104,6,98,54,44
21,196,825,177,648,51,597,344,253
21,197,30,1,29,4,25,6,19
21,198,204,40,164,17,147,79,68
21,199,125,17,108,7,101,56,45
21,200,954,129,825,42,783,344,439
21,201,211,34,177,9,168,64,104
21,202,146,21,125,10,115,49,66
21,203,113,20,93,2,91,48,43
21,204,86,19,67,1,66,43,23
21,205,203,23,180,15,165,84,81
21,207,63,13,50,1,49,37,12
21,208,138,17,121,10,111,44,67
21,209,1366,167,1199,57,1142,496,646
21,210,356,57,299,13,286,136,150
21,211,122,13,109,3,106,41,65
21,212,258,28,230,22,208,124,84
21,213,529,77,452,28,424,164,260
21,214,146,22,124,8,116,74,42
21,215,102,10,92,4,88,28,60
21,216,70,15,55,5,50,29,21
21,217,107,3,104,7,97,50,47
21,218,82,11,71,0,71,46,25
21,219,93,5,88,1,87,46,41
21,220,123,17,106,10,96,43,53
21,221,39,2,37,6,31,22,9
21,222,108,16,92,5,87,26,61
21,223,1216,146,1070,32,1038,417,621
21,224,69,12,57,5,52,17,35
21,225,110,17,93,6,87,49,38
21,226,271,35,236,10,226,127,99
21,227,301,32,269,11,258,84,174
21,228,113,19,94,6,88,48,40
21,229,75,6,69,2,67,23,44
21,230,221,24,197,10,187,71,116
21,231,81634,14130,67504,3250,64254,34466,29788
21,232,168,19,149,11,138,59,79
21,233,136,22,114,9,105,45,60
21,234,51,7,44,2,42,26,16
21,235,47,5,42,7,35,10,25
21,236,170,28,142,8,134,82,52
21,237,80,11,69,4,65,19,46
21,238,97,15,82,5,77,41,36
21,239,510,88,422,12,410,201,209
21,240,177,32,145,10,135,61,74
21,241,229,28,201,11,190,75,115
21,242,191,38,153,11,142,72,70
21,243,81,17,64,8,56,27,29
21,244,54,16,38,1,37,16,21
21,245,231,24,207,9,198,76,122
21,246,129,19,110,9,101,41,60
21,247,569,98,471,23,448,214,234
21,248,66,7,59,4,55,22,33
21,249,534,109,425,37,388,178,210
21,250,90,12,78,10,68,25,43
21,251,157,24,133,13,120,54,66
21,252,80,9,71,2,69,18,51
21,253,124,20,104,9,95,23,72
21,254,134,13,121,4,117,57,60
21,255,223,15,208,8,200,73,127
21,256,208,32,176,12,164,52,112
21,257,53,5,48,2,46,18,28
21,258,162,26,136,9,127,66,61
21,259,220,26,194,19,175,76,99
21,260,115,12,103,8,95,48,47
21,261,482,52,430,27,403,173,230
21,262,38,10,28,2,26,0,26
21,263,1211,155,1056,61,995,387,608
21,264,59,13,46,2,44,22,22
21,265,662,82,580,24,556,229,327
21,266,134,18,116,6,110,43,67
21,267,410,59,351,31,320,124,196
21,268,138,24,114,6,108,22,86
21,269,349,68,281,20,261,97,164
21,270,148,17,131,4,127,46,81
21,271,279,49,230,9,221,87,134
21,272,131,22,109,10,99,54,45
21,273,849,99,750,31,719,369,350
21,274,114,15,99,7,92,31,61
21,275,141,38,103,8,95,64,31
21,276,110,7,103,6,97,23,74
21,277,581,108,473,40,433,185,248
21,278,6718,845,5873,266,5607,2121,3486
21,279,36,8,28,1,27,15,12
21,280,119,22,97,11,86,31,55
21,281,112,20,92,11,81,30,51
21,282,84,16,68,4,64,33,31
21,283,64,7,57,6,51,19,32
21,284,213,26,187,11,176,71,105
21,285,331,46,285,20,265,102,163
21,286,71,10,61,1,60,20,40
21,287,139,22,117,6,111,48,63
21,288,174,33,141,15,126,66,60
21,289,91,6,85,2,83,48,35
21,290,556,78,478,32,446,213,233
21,291,277,36,241,16,225,126,99
21,292,3643,721,2922,204,2718,1414,1304
21,293,111,14,97,4,93,44,49
21,294,298,52,246,12,234,89,145
21,295,2180,365,1815,111,1704,855,849
21,296,169,19,150,8,142,58,84
21,297,465,53,412,32,380,173,207
21,298,79,11,68,7,61,20,41
21,299,96,11,85,2,83,40,43
21,300,270,28,242,22,220,110,110
21,301,171,35,136,14,122,53,69
21,302,106,17,89,7,82,48,34
21,303,12,1,11,0,11,5,6
21,304,209,18,191,9,182,78,104
21,305,186,32,154,7,147,66,81
21,306,134,9,125,8,117,37,80
21,307,124,5,119,9,110,64,46
21,308,215,37,178,16,162,67,95
21,309,67,8,59,7,52,23,29
21,310,95,17,78,7,71,35,36
21,311,64,9,55,8,47,28,19
21,312,31,7,24,5,19,9,10
21,313,52,8,44,1,43,13,30
21,314,90,15,75,8,67,38,29
21,315,874,116,758,38,720,318,402
21,316,261,37,224,11,213,94,119
21,317,3023,618,2405,139,2266,1172,1094
21,318,136,26,110,10,100,44,56
21,319,540,64,476,34,442,191,251
21,320,573,90,483,29,454,199,255
21,321,91,11,80,5,75,37,38
21,322,231,48,183,15,168,92,76
21,323,88,5,83,9,74,27,47
21,324,31,4,27,5,22,10,12
21,325,157,23,134,8,126,31,95
21,326,72,8,64,3,61,26,35
21,327,94,11,83,1,82,43,39
21,328,52,5,47,4,43,28,15
21,329,52,3,49,8,41,18,23
21,330,304,38,266,14,252,96,156
21,331,261,33,228,21,207,84,123
21,332,694,108,586,47,539,236,303
21,333,150,16,134,13,121,40,81
21,334,458,116,342,12,330,198,132
21,335,96,9,87,8,79,48,31
21,336,618,90,528,42,486,243,243
21,337,947,157,790,59,731,369,362
21,338,140,19,121,3,118,50,68
21,339,381,29,352,26,326,179,147
21,340,148,29,119,9,110,53,57
21,341,79,5,74,4,70,34,36
21,342,291,60,231,14,217,88,129
21,343,90,14,76,13,63,28,35
21,344,166,27,139,10,129,44,85
21,345,142,19,123,14,109,37,72
21,346,252,43,209,6,203,97,106
21,347,250,30,220,5,215,60,155
21,348,76,11,65,6,59,25,34
21,349,491,92,399,28,371,188,183
21,350,45,9,36,4,32,12,20
21,351,833,160,673,44,629,303,326
21,352,455,70,385,22,363,156,207
21,353,916,102,814,35,779,383,396
21,354,52,6,46,3,43,17,26
21,355,5615,1113,4502,286,4216,2315,1901
21,356,1039,158,881,72,809,343,466
21,357,93,13,80,4,76,24,52
21,358,164,22,142,13,129,61,68
21,359,54,6,48,5,43,16,27
21,360,101,17,84,4,80,39,41
21,361,365,71,294,15,279,112,167
21,362,100,17,83,3,80,48,32
21,363,267,38,229,18,211,84,127
21,364,74,15,59,2,57,32,25
21,365,69,8,61,2,59,20,39
21,366,163,22,141,13,128,56,72
21,367,171,24,147,9,138,72,66
21,368,205,23,182,13,169,88,81
21,369,216,41,175,13,162,57,105
21,370,626,98,528,37,491,195,296
21,371,608,107,501,37,464,191,273
21,372,75,7,68,6,62,39,23
21,373,595,77,518,43,475,277,198
21,374,172,29,143,9,134,58,76
21,375,203,38,165,7,158,75,83
21,376,77,4,73,5,68,27,41
21,377,39,4,35,1,34,14,20
21,378,93,21,72,7,65,34,31
21,379,145,34,111,10,101,34,67
21,380,50,8,42,3,39,14,25
21,381,75,6,69,5,64,18,46
21,382,178,22,156,10,146,61,85
21,383,1173,206,967,48,919,433,486
21,384,54,2,52,0,52,18,34
21,385,264,39,225,9,216,122,94
21,386,229,31,198,12,186,98,88
21,387,152,18,134,8,126,40,86
21,388,307,55,252,14,238,112,126
21,389,222,41,181,14,167,89,78
21,390,4037,651,3386,219,3167,1517,1650
21,391,584,60,524,17,507,177,330
21,392,55,7,48,5,43,13,30
21,393,110,6,104,6,98,45,53
21,394,155,22,133,11,122,75,47
21,395,83,10,73,7,66,23,43
21,396,70,7,63,4,59,23,36
21,397,122,17,105,11,94,36,58
21,398,235,30,205,17,188,98,90
21,399,146,10,136,4,132,41,91
21,400,44,3,41,0,41,9,32
21,401,277,26,251,13,238,110,128
21,402,17,1,16,0,16,3,13
21,403,77,6,71,6,65,39,26
21,404,357,55,302,22,280,157,123
21,405,579,48,531,26,505,192,313
21,406,196,41,155,12,143,73,70
21,407,173,17,156,10,146,78,68
21,408,1078,132,946,36,910,345,565
21,409,394,53,341,30,311,167,144
21,410,33,4,29,3,26,6,20
21,411,359,57,302,25,277,102,175
21,412,1234,228,1006,42,964,298,666
21,413,303,31,272,18,254,96,158
21,414,205,31,174,19,155,63,92
21,415,204,27,177,4,173,31,142
21,416,1289,174,1115,82,1033,507,526
21,417,84,11,73,2,71,42,29
21,418,60,20,40,5,35,14,21
21,419,204,17,187,16,171,67,104
21,420,145,34,111,11,100,49,51
21,421,182,23,159,4,155,81,74
21,422,124,14,110,5,105,44,61
21,423,561,63,498,36,462,204,258
21,424,93,15,78,4,74,36,38
21,425,3837,839,2998,226,2772,1595,1177
21,426,198,29,169,13,156,73,83
21,427,140,14,126,7,119,46,73
21,428,159,27,132,9,123,28,95
21,429,244,30,214,14,200,81,119
21,430,67,4,63,4,59,24,35
21,431,112,17,95,8,87,54,33
21,432,250,35,215,12,203,68,135
21,433,324,55,269,21,248,99,149
21,434,111,22,89,5,84,37,47
21,435,211,33,178,16,162,69,93
21,436,80,6,74,3,71,34,37
21,437,134,13,121,13,108,46,62
21,438,82,9,73,5,68,30,38
21,439,71,5,66,2,64,35,29
21,440,186,35,151,13,138,63,75
21,441,237,45,192,9,183,77,106
21,442,521,96,425,20,405,155,250
21,444,66,12,54,3,51,19,32
21,445,169,32,137,11,126,60,66
21,446,161,27,134,2,132,68,64
21,447,67,8,59,7,52,17,35
21,448,71,12,59,6,53,36,17
21,449,165,22,143,12,131,64,67
21,450,159,13,146,10,136,56,80
21,451,72,11,61,3,58,24,34
21,452,1313,196,1117,55,1062,562,500
21,454,117,26,91,6,85,27,58
21,455,200,45,155,10,145,79,66
21,456,146,33,113,2,111,74,37
21,457,72,8,64,2,62,25,37
21,458,705,69,636,36,600,277,323
21,459,158,21,137,7,130,58,72
21,460,68,9,59,2,57,20,37
21,461,1079,221,858,63,795,393,402
21,462,622,68,554,31,523,216,307
21,463,41,2,39,4,35,15,20
21,464,3738,640,3098,196,2902,1428,1474
21,465,59,11,48,4,44,19,25
21,466,35,8,27,2,25,13,12
21,467,118,14,104,5,99,45,54
21,468,94,20,74,6,68,14,54
21,469,362,34,328,17,311,103,208
21,470,32,3,29,3,26,2,24
21,471,24,5,19,1,18,6,12
21,472,146,25,121,11,110,53,57
21,473,705,118,587,46,541,258,283
21,474,295,61,234,20,214,89,125
21,475,372,49,323,25,298,124,174
21,476,127,25,102,4,98,49,49
21,477,66,10,56,2,54,31,23
21,478,227,27,200,15,185,79,106
21,479,93,11,82,7,75,22,53
21,480,233,31,202,16,186,79,107
21,481,1152,144,1008,75,933,424,509
21,482,498,84,414,33,381,167,214
21,483,201,22,179,14,165,70,95
21,484,57,6,51,2,49,21,28
21,485,1990,439,1551,62,1489,801,688
21,486,396,60,336,24,312,147,165
21,487,299,48,251,18,233,111,122
21,488,173,35,138,12,126,57,69
21,489,54,13,41,4,37,9,28
21,490,140,24,116,6,110,40,70
21,491,57,10,47,1,46,18,28
21,492,402,72,330,17,313,80,233
21,493,406,53,353,26,327,163,164
21,494,69,6,63,4,59,30,29
21,495,86,12,74,6,68,31,37
21,496,945,206,739,52,687,332,355
21,497,156,19,137,7,130,54,76
21,498,54,3,51,6,45,19,26
21,499,124,17,107,3,104,40,64
21,500,417,82,335,23,312,186,126
21,501,952,187,765,41,724,272,452
21,502,458,87,371,27,344,176,168
21,503,119,19,100,9,91,38,53
21,504,72,4,68,2,66,46,20
21,505,526,104,422,33,389,198,191
21,506,295,53,242,13,229,81,148
21,507,109,13,96,12,84,42,42
21,508,294,46,248,12,236,89,147
21,510,154,19,135,7,128,54,74
21,511,125,18,107,9,98,41,57
21,512,351,59,292,16,276,90,186
21,513,147,15,132,12,120,53,67
21,514,95,10,85,8,77,28,49
21,515,6625,1165,5460,273,5187,3306,1881
21,516,63,7,56,3,53,31,22
21,517,351,42,309,16,293,139,154
21,518,179,21,158,11,147,71,76
21,519,304,61,243,21,222,65,157
21,520,101,11,90,2,88,45,43
21,521,601,66,535,29,506,238,268
21,522,325,38,287,11,276,131,145
21,523,92,5,87,4,83,47,36
21,524,83,6,77,3,74,35,39
21,525,726,111,615,38,577,272,305
21,526,41,4,37,3,34,20,14
21,527,230,49,181,17,164,59,105
21,528,118,11,107,13,94,34,60
21,529,39,5,34,6,28,15,13
21,530,145,22,123,19,104,64,40
21,531,399,87,312,11,301,139,162
21,532,751,88,663,27,636,205,431
21,533,96,14,82,3,79,32,47
21,534,551,66,485,33,452,188,264
21,535,949,108,841,40,801,320,481
21,536,232,43,189,18,171,61,110
21,537,100,11,89,5,84,46,38
21,538,122,13,109,10,99,62,37
21,539,57,8,49,3,46,9,37
21,540,5320,800,4520,241,4279,2073,2206
21,541,209,23,186,10,176,41,135
21,542,287,21,266,17,249,114,135
21,543,167,40,127,5,122,49,73
21,544,49,5,44,2,42,18,24
21,545,703,157,546,47,499,278,221
21,546,181,45,136,6,130,55,75
21,547,161,12,149,11,138,48,90
21,548,148,13,135,16,119,64,55
21,549,87,20,67,2,65,30,35
21,550,83,14,69,6,63,29,34
21,552,42,2,40,4,36,15,21
21,553,97,14,83,9,74,36,38
21,554,700,215,485,31,454,175,279
21,555,1067,167,900,49,851,372,479
21,556,171,29,142,7,135,43,92
21,557,109,16,93,2,91,34,57
21,558,671,97,574,40,534,232,302
21,559,504,61,443,20,423,205,218
21,560,259,43,216,19,197,112,85
21,561,333,35,298,19,279,98,181
21,562,165,20,145,11,134,62,72
21,563,115,23,92,4,88,50,38
21,564,359,70,289,24,265,120,145
21,565,330,23,307,18,289,120,169
21,566,105,10,95,8,87,50,37
21,567,219,45,174,12,162,49,113
21,568,600,85,515,36,479,237,242
21,569,200,31,169,7,162,64,98
21,570,138,21,117,3,114,32,82
21,571,170,27,143,12,131,69,62
21,572,215,45,170,18,152,57,95
21,573,245,31,214,10,204,64,140
21,574,323,58,265,33,232,93,139
21,575,236,27,209,12,197,82,115
21,576,112,14,98,8,90,28,62
21,577,816,133,683,52,631,294,337
21,578,218,20,198,16,182,87,95
21,579,181,32,149,13,136,60,76
21,580,126,17,109,5,104,52,52
21,581,132,26,106,5,101,42,59
21,582,559,88,471,40,431,178,253
21,583,42,6,36,6,30,15,15
21,584,1802,366,1436,81,1355,616,739
21,585,735,116,619,40,579,244,335
21,586,454,48,406,26,380,157,223
21,587,183,19,164,10,154,58,96
21,588,69,7,62,6,56,18,38
21,589,64,12,52,2,50,25,25
21,590,1088,139,949,39,910,320,590
21,591,640,64,576,35,541,228,313
21,592,177,27,150,2,148,76,72
21,593,81,6,75,3,72,42,30
21,594,164,22,142,6,136,45,91
21,595,125,9,116,7,109,43,66
21,596,233,31,202,14,188,80,108
21,597,49,5,44,2,42,21,21
21,598,143,14,129,10,119,85,34
21,599,1693,287,1406,72,1334,740,594
21,600,97,14,83,10,73,35,38
21,601,92,12,80,9,71,47,24
21,602,40,8,32,2,30,11,19
21,603,2792,420,2372,139,2233,1218,1015
21,604,121,13,108,8,100,55,45
21,605,1764,284,1480,80,1400,714,686
21,606,1309,162,1147,81,1066,437,629
21,607,1682,400,1282,67,1215,640,575
21,608,100,12,88,5,83,37,46
21,609,349,80,269,15,254,108,146
21,610,251,39,212,16,196,77,119
21,611,619,104,515,28,487,216,271
21,612,79,7,72,9,63,26,37
21,613,115,14,101,5,96,46,50
21,614,225,28,197,21,176,69,107
21,615,234,41,193,11,182,77,105
21,616,171,28,143,8,135,40,95
21,617,7664,1184,6480,283,6197,3042,3155
21,618,429,86,343,16,327,136,191
21,619,186,25,161,3,158,64,94
21,620,142,17,125,8,117,49,68
21,621,170,19,151,12,139,69,70
21,622,182,20,162,6,156,75,81
21,623,974,189,785,53,732,346,386
21,624,108,13,95,8,87,44,43
21,625,80,11,69,4,65,21,44
21,626,72,14,58,6,52,18,34
21,627,103,12,91,4,87,51,36
21,628,72,12,60,5,55,17,38
21,629,247,36,211,10,201,70,131
21,630,165,16,149,12,137,55,82
21,631,53,9,44,1,43,23,20
21,632,732,103,629,39,590,280,310
21,633,171,33,138,8,130,58,72
21,634,142,25,117,7,110,54,56
21,635,114,12,102,5,97,42,55
21,636,262,50,212,20,192,75,117
21,637,176,25,151,9,142,57,85
21,638,697,89,608,32,576,273,303
21,639,503,79,424,35,389,162,227
21,640,143,23,120,10,110,64,46
21,641,319,33,286,26,260,120,140
21,642,350,82,268,31,237,129,108
21,643,257,47,210,19,191,71,120
21,644,122,16,106,12,94,62,32
21,645,408,72,336,24,312,153,159
21,646,111,22,89,7,82,27,55
21,647,106,17,89,7,82,53,29
21,648,161,19,142,7,135,50,85
21,649,57,6,51,6,45,13,32
21,650,124,12,112,10,102,58,44
21,651,169,17,152,9,143,51,92
21,652,229,26,203,13,190,83,107
21,653,44,4,40,6,34,15,19
21,655,217,53,164,10,154,67,87
21,656,525,70,455,26,429,189,240
21,657,1729,222,1507,102,1405,547,858
21,658,40,8,32,4,28,17,11
21,659,136,17,119,8,111,56,55
21,660,59,7,52,6,46,21,25
21,661,1187,126,1061,66,995,494,501
21,662,42,5,37,3,34,18,16
21,663,2068,354,1714,119,1595,991,604
21,664,77,6,71,3,68,24,44
21,665,115,9,106,9,97,44,53
21,666,66,11,55,4,51,22,29
21,667,305,43,262,15,247,108,139
21,669,53,1,52,5,47,25,22
21,670,201,25,176,16,160,81,79
21,671,51,10,41,2,39,13,26
21,672,34,9,25,2,23,10,13
21,673,171,21,150,8,142,65,77
21,674,199,40,159,8,151,44,107
21,675,66,11,55,2,53,27,26
21,676,205,45,160,11,149,78,71
21,677,85,17,68,10,58,26,32
21,678,172,27,145,6,139,84,55
21,679,107,17,90,4,86,39,47
21,680,358,49,309,15,294,153,141
21,681,85,10,75,6,69,19,50
21,682,161,14,147,11,136,48,88
21,683,316,68,248,16,232,80,152
21,684,588,77,511,33,478,192,286
21,685,209,49,160,17,143,42,101
21,686,127,18,109,5,104,29,75
21,687,165,28,137,6,131,67,64
21,688,120,15,105,7,98,45,53
21,689,127,14,113,2,111,60,51
21,690,108,10,98,2,96,37,59
21,691,286,30,256,17,239,129,110
21,692,210,21,189,13,176,72,104
21,693,65,18,47,4,43,13,30
21,694,41,3,38,5,33,9,24
21,695,39,4,35,1,34,9,25
21,696,69,13,56,3,53,27,26
21,698,329,33,296,25,271,164,107
21,699,762,129,633,45,588,286,302
21,700,87,15,72,6,66,28,38
21,701,101,16,85,3,82,35,47
21,702,223,45,178,11,167,76,91
21,703,46,6,40,3,37,31,6
21,704,88,7,81,7,74,28,46
21,705,62,7,55,5,50,29,21
21,706,107,25,82,10,72,28,44
21,707,204,38,166,15,151,68,83
21,708,235,27,208,16,192,66,126
21,709,151,17,134,9,125,78,47
21,710,722,146,576,37,539,276,263
21,711,95,13,82,6,76,47,29
21,712,248,28,220,15,205,30,175
21,713,243,39,204,17,187,111,76
21,714,336,51,285,13,272,55,217
21,715,164,26,138,9,129,56,73
21,716,164,25,139,11,128,47,81
21,717,252,27,225,13,212,104,108
22,1,432,40,392,21,371,207,164
22,2,839,93,746,51,695,388,307
22,3,629,85,544,42,502,325,177
22,4,3671,659,3012,166,2846,1981,865
22,5,753,73,680,51,629,430,199
22,6,173,22,151,11,140,82,58
22,7,3255,472,2783,127,2656,1304,1352
22,8,845,79,766,48,718,451,267
22,9,132,18,114,11,103,63,40
22,11,764,95,669,41,628,384,244
22,12,632,56,576,41,535,308,227
22,13,1741,268,1473,78,1395,923,472
22,14,797,101,696,41,655,396,259
22,15,1144,118,1026,68,958,513,445
22,16,452,70,382,15,367,156,211
22,18,256,36,220,7,213,150,63
22,19,289,31,258,19,239,112,127
22,20,2055,248,1807,92,1715,896,819
22,21,817,96,721,47,674,447,227
22,23,330,28,302,13,289,173,116
22,24,175,31,144,7,137,73,64
22,25,1712,242,1470,65,1405,935,470
22,26,540,77,463,30,433,252,181
22,27,383,47,336,23,313,104,209
22,28,621,64,557,31,526,314,212
22,29,306,40,266,11,255,143,112
22,30,638,67,571,26,545,372,173
22,31,568,72,496,17,479,324,155
22,32,1784,208,1576,97,1479,812,667
22,33,285,39,246,12,234,140,94
22,34,1072,129,943,56,887,618,269
22,35,835,127,708,37,671,410,261
22,36,166,15,151,9,142,64,78
22,37,329,32,297,10,287,204,83
22,38,685,104,581,39,542,322,220
22,39,471,67,404,25,379,242,137
22,40,400,36,364,27,337,248,89
22,41,162,25,137,6,131,92,39
22,42,365,44,321,15,306,178,128
22,43,177,22,155,10,145,61,84
22,44,1186,128,1058,57,1001,591,410
22,45,326,45,281,19,262,152,110
22,46,568,89,479,29,450,268,182
22,47,763,84,679,42,637,358,279
22,48,1601,221,1380,68,1312,736,576
22,49,1274,193,1081,47,1034,512,522
22,50,8066,1714,6352,309,6043,3321,2722
22,51,433,65,368,23,345,216,129
22,52,266,41,225,8,217,144,73
22,53,481,42,439,27,412,192,220
22,54,3362,414,2948,160,2788,1275,1513
22,55,2509,342,2167,97,2070,1068,1002
22,56,1180,145,1035,64,971,520,451
22,57,258,20,238,23,215,116,99
22,58,337,41,296,19,277,155,122
22,59,1034,111,923,47,876,517,359
22,60,484,62,422,21,401,161,240
22,61,1111,156,955,51,904,594,310
22,62,445,63,382,20,362,216,146
22,63,403,55,348,29,319,196,123
22,64,535,59,476,17,459,248,211
22,65,1239,133,1106,73,1033,607,426
22,66,828,94,734,38,696,448,248
22,67,1918,259,1659,90,1569,1001,568
22,68,291,20,271,28,243,129,114
22,69,181,16,165,8,157,77,80
22,70,4412,913,3499,182,3317,2109,1208
22,71,502,79,423,16,407,203,204
22,72,340,54,286,15,271,190,81
22,73,294,25,269,23,246,145,101
22,74,554,59,495,30,465,214,251
22,75,462,65,397,19,378,179,199
22,76,1094,111,983,38,945,437,508
22,77,865,83,782,38,744,405,339
22,78,157,28,129,14,115,67,48
22,79,1568,187,1381,69,1312,720,592
22,80,545,67,478,20,458,266,192
22,81,3213,424,2789,174,2615,1498,1117
22,82,627,81,546,30,516,355,161
22,83,538,68,470,24,446,247,199
22,84,1237,138,1099,62,1037,636,401
22,85,272,26,246,16,230,139,91
22,86,535,79,456,28,428,232,196
22,87,502,78,424,11,413,285,128
22,88,210,23,187,9,178,86,92
22,90,734,89,645,31,614,382,232
22,91,297,27,270,17,253,173,80
22,92,233,27,206,7,199,138,61
22,93,9009,1198,7811,390,7421,4144,3277
22,94,1339,139,1200,43,1157,517,640
22,95,137,16,121,7,114,75,39
22,96,379,66,313,24,289,182,107
22,97,484,47,437,22,415,236,179
22,98,957,96,861,39,822,439,383
22,99,759,74,685,43,642,373,269
22,100,502,48,454,23,431,196,235
22,101,889,127,762,41,721,428,293
22,102,417,70,347,19,328,202,126
22,103,610,64,546,32,514,297,217
22,104,319,50,269,18,251,169,82
22,105,797,105,692,40,652,387,265
22,106,5508,758,4750,238,4512,2752,1760
22,107,587,60,527,19,508,336,172
22,108,98,11,87,0,87,65,22
22,109,195,30,165,6,159,87,72
22,110,330,34,296,16,280,184,96
22,111,382,49,333,34,299,165,134
22,112,350,45,305,17,288,166,122
22,113,13564,1938,11626,578,11048,7559,3489
22,114,662,99,563,38,525,230,295
22,115,395,53,342,21,321,215,106
22,116,857,124,733,55,678,406,272
22,117,1158,119,1039,73,966,547,419
22,118,2985,358,2627,149,2478,1403,1075
22,119,500,75,425,18,407,284,123
22,121,1216,143,1073,72,1001,520,481
22,122,550,66,484,35,449,283,166
22,123,2160,240,1920,107,1813,991,822
22,124,148,17,131,3,128,75,53
22,126,114,9,105,1,104,65,39
22,127,1349,197,1152,38,1114,565,549
22,128,327,37,290,14,276,143,133
22,129,70,13,57,3,54,36,18
22,131,726,87,639,27,612,383,229
22,132,205,25,180,7,173,106,67
22,133,486,68,418,26,392,168,224
22,134,2500,263,2237,114,2123,1341,782
22,135,1789,246,1543,90,1453,1050,403
22,136,7285,1265,6020,368,5652,3119,2533
22,137,1086,127,959,51,908,631,277
22,138,300,62,238,14,224,140,84
22,139,87,9,78,5,73,39,34
22,140,368,42,326,25,301,156,145
22,141,149,18,131,6,125,81,44
22,143,1360,155,1205,50,1155,622,533
22,144,955,99,856,45,811,551,260
22,145,544,63,481,33,448,260,188
22,146,326,44,282,13,269,205,64
22,147,2147,309,1838,89,1749,899,850
22,148,198,17,181,8,173,87,86
22,149,378,35,343,19,324,183,141
22,150,695,98,597,44,553,340,213
22,151,701,79,622,24,598,344,254
22,152,862,72,790,49,741,437,304
22,153,422,65,357,18,339,185,154
22,154,706,71,635,33,602,367,235
22,155,1606,224,1382,85,1297,669,628
22,156,472,44,428,19,409,294,115
22,157,478,45,433,21,412,296,116
22,158,1549,147,1402,93,1309,697,612
22,160,662,66,596,37,559,367,192
22,161,2174,332,1842,81,1761,1136,625
22,162,6402,1217,5185,237,4948,2696,2252
22,163,516,68,448,26,422,260,162
22,164,1390,167,1223,77,1146,848,298
22,165,434,43,391,24,367,177,190
22,166,2394,320,2074,85,1989,1108,881
22,167,148,24,124,5,119,78,41
22,168,6895,1209,5686,257,5429,2903,2526
22,169,116,10,106,4,102,72,30
22,170,1066,105,961,74,887,465,422
22,171,3045,325,2720,153,2567,1518,1049
22,172,2357,396,1961,101,1860,1022,838
22,173,1572,177,1395,72,1323,693,630
22,174,622,97,525,23,502,306,196
22,175,1033,125,908,61,847,528,319
22,176,4834,679,4155,245,3910,2494,1416
22,177,944,104,840,31,809,514,295
22,178,967,113,854,40,814,488,326
22,179,1520,217,1303,62,1241,629,612
22,180,1357,139,1218,57,1161,730,431
22,181,531,91,440,20,420,290,130
22,182,2256,233,2023,106,1917,1094,823
22,183,2277,313,1964,134,1830,1044,786
22,184,1219,143,1076,58,1018,554,464
22,185,1745,246,1499,62,1437,925,512
22,186,3646,443,3203,142,3061,1319,1742
22,187,10163,1061,9102,433,8669,5087,3582
22,188,667,50,617,38,579,356,223
22,189,475,72,403,32,371,228,143
22,190,2578,345,2233,144,2089,1187,902
22,191,1436,176,1260,50,1210,592,618
22,192,79,11,68,4,64,40,24
22,193,1208,162,1046,68,978,571,407
22,194,2996,390,2606,130,2476,1612,864
22,195,2369,407,1962,104,1858,1004,854
22,196,719,82,637,34,603,378,225
22,197,2101,263,1838,114,1724,838,886
22,198,3461,423,3038,136,2902,1907,995
22,199,977,120,857,34,823,449,374
22,200,450,77,373,18,355,246,109
22,201,755,89,666,27,639,345,294
22,202,576,98,478,36,442,303,139
22,203,2496,379,2117,116,2001,1177,824
22,204,995,110,885,44,841,529,312
22,205,346,45,301,15,286,161,125
22,206,2031,259,1772,116,1656,1046,610
22,207,1751,215,1536,83,1453,935,518
22,208,1193,159,1034,60,974,546,428
22,209,2162,254,1908,98,1810,961,849
22,210,2854,390,2464,127,2337,1193,1144
22,211,2681,374,2307,107,2200,1535,665
22,212,914,118,796,48,748,513,235
22,213,2678,346,2332,112,2220,1343,877
22,214,2856,445,2411,135,2276,1342,934
22,215,8242,1126,7116,441,6675,4435,2240
22,216,566,69,497,26,471,330,141
22,217,374,38,336,18,318,196,122
22,218,1227,188,1039,47,992,568,424
22,219,1428,168,1260,61,1199,525,674
22,220,1360,125,1235,85,1150,799,351
22,221,1417,195,1222,44,1178,773,405
22,222,4036,645,3391,191,3200,1725,1475
22,223,1427,206,1221,76,1145,805,340
22,224,1348,148,1200,58,1142,818,324
22,225,3735,476,3259,175,3084,2170,914
22,226,1983,228,1755,110,1645,1033,612
22,227,566,72,494,27,467,333,134
22,228,1143,163,980,67,913,642,271
22,229,849,112,737,46,691,441,250
22,231,274,36,238,10,228,158,70
22,232,1477,161,1316,87,1229,633,596
22,233,1752,221,1531,93,1438,871,567
22,234,763,89,674,43,631,367,264
22,235,186,11,175,1,174,105,69
22,236,541,62,479,34,445,262,183
22,237,1613,157,1456,95,1361,756,605
22,238,456,57,399,24,375,265,110
22,239,845,145,700,30,670,426,244
22,240,885,93,792,36,756,367,389
22,241,787,98,689,37,652,304,348
22,242,1164,154,1010,46,964,575,389
22,243,445,54,391,18,373,265,108
22,244,366,26,340,21,319,192,127
22,245,837,105,732,38,694,468,226
22,246,1452,163,1289,68,1221,711,510
22,247,812,130,682,36,646,382,264
22,248,1380,194,1186,65,1121,726,395
22,249,533,87,446,33,413,255,158
22,250,742,104,638,30,608,349,259
22,251,4755,556,4199,242,3957,2204,1753
22,253,138,21,117,6,111,68,43
22,254,858,120,738,35,703,412,291
22,255,622,82,540,34,506,289,217
22,256,903,102,801,44,757,445,312
22,257,307,33,274,7,267,183,84
22,258,2855,367,2488,144,2344,1288,1056
22,259,2904,407,2497,160,2337,1343,994
22,260,345,38,307,28,279,102,177
22,261,257,35,222,19,203,98,105
22,262,2050,292,1758,85,1673,961,712
22,263,232,42,190,8,182,132,50
22,264,870,169,701,36,665,407,258
22,265,1363,170,1193,61,1132,786,346
22,266,2311,347,1964,116,1848,1229,619
22,267,272,30,242,18,224,115,109
22,268,450,65,385,28,357,224,133
22,269,192,13,179,5,174,116,58
22,271,283,34,249,20,229,163,66
22,272,1646,215,1431,85,1346,883,463
22,273,1542,148,1394,103,1291,578,713
22,274,228,34,194,7,187,132,55
22,275,960,118,842,54,788,435,353
22,276,149,7,142,5,137,82,55
22,277,1727,194,1533,85,1448,879,569
22,278,31103,6836,24267,1156,23111,14573,8538
22,279,835,120,715,49,666,371,295
22,280,810,149,661,30,631,399,232
22,281,1080,127,953,60,893,569,324
22,282,3318,450,2868,118,2750,1261,1489
22,283,692,82,610,22,588,403,185
22,284,234,24,210,7,203,123,80
22,285,227,23,204,8,196,110,86
22,286,343,39,304,16,288,139,149
22,287,1158,133,1025,64,961,561,400
22,288,292,40,252,14,238,86,152
22,289,180,19,161,10,151,98,53
22,290,257,23,234,18,216,138,78
22,291,212,14,198,10,188,105,83
22,292,371,55,316,13,303,173,130
22,293,326,43,283,12,271,159,112
22,294,221,38,183,10,173,100,73
22,295,242,19,223,6,217,113,104
22,296,463,69,394,26,368,224,144
22,297,547,73,474,19,455,246,209
22,298,332,29,303,16,287,136,151
22,299,968,113,855,52,803,476,327
22,300,292,34,258,19,239,105,134
22,302,904,97,807,41,766,358,408
22,303,533,85,448,27,421,262,159
22,304,389,47,342,24,318,197,121
22,305,331,47,284,15,269,110,159
22,306,419,39,380,20,360,162,198
22,307,1534,187,1347,90,1257,777,480
22,308,504,59,445,29,416,275,141
22,309,166,19,147,8,139,83,56
22,310,373,42,331,10,321,240,81
22,311,672,75,597,35,562,338,224
22,312,166,18,148,9,139,78,61
22,313,268,25,243,21,222,109,113
22,314,307,42,265,8,257,142,115
22,315,224,29,195,12,183,125,58
22,316,341,31,310,19,291,181,110
22,317,202,11,191,7,184,102,82
22,318,228,25,203,10,193,127,66
22,319,397,81,316,10,306,166,140
22,320,135,27,108,4,104,77,27
22,321,1317,188,1129,53,1076,683,393
22,322,284,28,256,24,232,135,97
22,323,617,65,552,34,518,273,245
22,324,1188,164,1024,47,977,626,351
22,325,2908,500,2408,116,2292,1011,1281
22,326,343,52,291,15,276,161,115
22,327,1090,92,998,59,939,573,366
22,328,301,38,263,9,254,168,86
22,330,317,36,281,14,267,126,141
22,331,145,16,129,1,128,66,62
22,332,329,37,292,23,269,152,117
22,333,549,68,481,32,449,293,156
22,334,101,9,92,1,91,45,46
22,335,198,20,178,11,167,65,102
22,337,838,129,709,32,677,380,297
22,338,564,65,499,36,463,323,140
22,339,1649,167,1482,86,1396,746,650
22,340,889,113,776,42,734,507,227
22,341,501,60,441,46,395,240,155
22,342,262,33,229,11,218,137,81
22,343,3377,480,2897,130,2767,1637,1130
22,344,518,54,464,16,448,331,117
22,345,614,58,556,25,531,340,191
22,346,724,70,654,41,613,329,284
22,347,883,101,782,44,738,474,264
22,348,386,38,348,15,333,219,114
22,349,1163,120,1043,57,986,690,296
22,350,170,19,151,7,144,100,44
22,351,481,59,422,22,400,259,141
22,352,240,22,218,13,205,117,88
22,353,2314,254,2060,92,1968,1066,902
22,354,742,89,653,49,604,391,213
22,356,645,54,591,37,554,250,304
22,357,209,15,194,10,184,86,98
22,358,406,44,362,11,351,274,77
22,359,314,37,277,18,259,161,98
22,360,6296,941,5355,302,5053,3132,1921
22,361,507,68,439,23,416,242,174
22,362,1536,226,1310,63,1247,758,489
22,363,1135,116,1019,40,979,620,359
22,364,1893,234,1659,120,1539,990,549
22,365,145,23,122,4,118,81,37
22,366,359,49,310,18,292,180,112
22,367,526,52,474,32,442,237,205
22,368,485,35,450,20,430,256,174
22,369,523,46,477,33,444,287,157
22,370,265,23,242,21,221,150,71
22,371,802,102,700,33,667,339,328
22,372,1356,134,1222,82,1140,745,395
22,373,93,12,81,9,72,41,31
22,375,517,59,458,27,431,284,147
22,376,1137,145,992,66,926,495,431
22,377,670,81,589,40,549,295,254
22,378,154,14,140,5,135,75,60
22,379,1147,181,966,36,930,560,370
22,380,529,59,470,25,445,292,153
22,381,250,20,230,12,218,130,88
22,383,194,31,163,5,158,106,52
22,384,764,76,688,38,650,350,300
22,385,727,111,616,28,588,335,253
22,386,522,69,453,29,424,212,212
22,387,1011,125,886,39,847,575,272
22,388,796,71,725,42,683,405,278
22,389,3302,354,2948,168,2780,1605,1175
22,390,569,69,500,25,475,242,233
22,391,880,142,738,46,692,420,272
23,1,1102,182,920,63,857,473,384
23,2,738,107,631,43,588,343,245
23,3,112,18,94,11,83,39,44
23,4,472,91,381,30,351,238,113
23,5,155,35,120,10,110,56,54
23,6,217,31,186,16,170,92,78
23,7,230,34,196,11,185,119,66
23,8,2792,586,2206,139,2067,1259,808
23,9,106,10,96,10,86,45,41
23,10,111,20,91,4,87,48,39
23,11,149,15,134,10,124,75,49
23,12,111,26,85,6,79,44,35
23,13,1008,183,825,53,772,481,291
23,14,102,11,91,3,88,59,29
23,15,723,108,615,23,592,317,275
23,16,138,12,126,4,122,59,63
23,17,180,44,136,7,129,81,48
23,18,243,27,216,21,195,106,89
23,19,36,3,33,2,31,25,6
23,20,329,59,270,19,251,175,76
23,21,621,115,506,26,480,256,224
23,22,316,50,266,17,249,158,91
23,23,89,10,79,9,70,42,28
23,24,436,68,368,34,334,217,117
23,25,1074,185,889,73,816,490,326
23,26,310,71,239,26,213,120,93
23,27,225,37,188,21,167,95,72
23,28,84,10,74,1,73,55,18
23,29,189,33,156,20,136,85,51
23,30,1709,309,1400,87,1313,842,471
23,31,1046,181,865,50,815,486,329
23,32,675,126,549,32,517,350,167
23,33,341,53,288,24,264,191,73
23,34,27,1,26,2,24,11,13
23,35,546,85,461,22,439,284,155
23,36,777,131,646,33,613,354,259
23,37,97,21,76,3,73,40,33
23,38,176,28,148,6,142,94,48
23,39,531,91,440,30,410,244,166
23,40,122,16,106,4,102,49,53
23,41,222,38,184,14,170,115,55
23,42,114,17,97,4,93,59,34
23,43,95,20,75,6,69,47,22
23,44,84,10,74,5,69,44,25
23,45,664,103,561,37,524,297,227
23,46,70,6,64,3,61,26,35
23,47,183,32,151,6,145,87,58
23,48,374,56,318,20,298,184,114
23,49,186,22,164,10,154,117,37
23,50,121,15,106,9,97,47,50
23,51,78,8,70,4,66,42,24
23,52,278,33,245,28,217,160,57
23,53,167,28,139,15,124,81,43
23,54,208,32,176,13,163,94,69
23,55,36,4,32,7,25,11,14
23,56,310,54,256,11,245,173,72
23,57,488,89,399,32,367,219,148
23,58,95,15,80,11,69,30,39
23,59,97,11,86,6,80,43,37
23,60,109,15,94,6,88,70,18
23,61,521,80,441,29,412,216,196
23,62,456,82,374,24,350,226,124
23,63,141,22,119,12,107,50,57
23,64,544,80,464,27,437,235,202
23,65,227,49,178,9,169,94,75
23,66,185,30,155,9,146,74,72
23,67,551,79,472,29,443,252,191
23,68,535,75,460,35,425,181,244
23,69,375,79,296,13,283,168,115
23,70,503,90,413,12,401,221,180
23,71,163,15,148,11,137,72,65
23,72,219,37,182,16,166,105,61
23,73,383,53,330,17,313,122,191
23,74,140,18,122,12,110,73,37
23,75,816,110,706,57,649,302,347
23,76,1093,172,921,61,860,496,364
23,77,314,36,278,8,270,208,62
23,78,133,19,114,13,101,64,37
23,79,1162,204,958,69,889,527,362
23,80,99,18,81,6,75,54,21
23,81,335,56,279,21,258,145,113
23,82,248,40,208,11,197,128,69
23,83,190,21,169,6,163,90,73
23,84,124,25,99,7,92,55,37
23,86,228,38,190,8,182,114,68
23,87,551,128,423,33,390,218,172
23,88,118,17,101,1,100,46,54
23,89,626,96,530,31,499,266,233
23,90,293,47,246,22,224,180,44
23,91,169,40,129,12,117,71,46
23,92,519,70,449,37,412,248,164
23,93,1232,164,1068,80,988,505,483
23,95,989,195,794,63,731,418,313
23,96,8721,1697,7024,416,6608,4383,2225
23,97,233,34,199,11,188,79,109
23,98,90,21,69,5,64,34,30
23,99,306,47,259,25,234,148,86
23,100,368,51,317,28,289,167,122
23,101,355,38,317,27,290,176,114
23,102,283,55,228,20,208,121,87
23,103,332,72,260,11,249,138,111
23,104,203,27,176,15,161,99,62
23,105,577,147,430,35,395,234,161
23,106,317,48,269,18,251,133,118
23,107,145,16,129,12,117,77,40
23,108,130,21,109,8,101,61,40
23,109,146,24,122,8,114,79,35
23,110,66,9,57,3,54,32,22
23,111,221,25,196,13,183,119,64
23,112,665,114,551,52,499,287,212
23,113,298,42,256,16,240,149,91
23,114,377,48,329,15,314,163,151
23,115,190,31,159,7,152,115,37
23,116,494,90,404,39,365,247,118
23,117,267,26,241,14,227,114,113
23,118,180,34,146,14,132,89,43
23,119,42,14,28,1,27,19,8
23,120,173,30,143,12,131,65,66
23,121,43,3,40,1,39,28,11
23,122,83,11,72,12,60,50,10
23,123,191,30,161,10,151,81,70
23,124,525,85,440,32,408,255,153
23,125,95,10,85,5,80,50,30
23,126,273,37,236,15,221,149,72
23,127,219,42,177,17,160,104,56
23,128,116,10,106,8,98,60,38
23,129,71,15,56,4,52,28,24
23,130,487,69,418,34,384,297,87
23,131,655,145,510,38,472,234,238
23,132,304,50,254,10,244,128,116
23,133,307,63,244,24,220,144,76
23,134,165,21,144,12,132,81,51
23,136,269,35,234,27,207,119,88
23,137,451,59,392,33,359,224,135
23,138,168,24,144,6,138,76,62
23,139,428,86,342,25,317,160,157
23,140,377,62,315,21,294,168,126
23,141,577,118,459,40,419,281,138
23,142,250,33,217,15,202,97,105
23,143,392,50,342,31,311,211,100
23,144,248,42,206,16,190,106,84
23,145,253,28,225,19,206,99,107
23,146,205,41,164,12,152,91,61
23,147,80,12,68,4,64,44,20
23,148,186,30,156,11,145,92,53
23,149,476,73,403,23,380,231,149
23,150,128,18,110,4,106,87,19
23,151,407,64,343,34,309,173,136
23,152,65,14,51,4,47,27,20
23,154,581,110,471,26,445,273,172
23,155,311,42,269,20,249,129,120
23,156,81,15,66,8,58,22,36
23,157,73,12,61,6,55,33,22
23,158,137,15,122,5,117,44,73
23,159,144,14,130,8,122,76,46
23,160,265,35,230,32,198,114,84
23,161,63,11,52,0,52,30,22
23,162,326,51,275,28,247,163,84
23,164,459,81,378,26,352,187,165
23,165,462,67,395,30,365,224,141
23,166,180,30,150,12,138,74,64
23,167,305,42,263,19,244,143,101
23,168,642,119,523,42,481,329,152
23,169,452,46,406,28,378,249,129
23,170,195,11,184,10,174,122,52
23,171,111,21,90,7,83,36,47
23,172,99,19,80,5,75,44,31
23,173,133,23,110,15,95,42,53
23,174,471,107,364,36,328,179,149
23,175,115,16,99,1,98,82,16
23,176,3996,809,3187,189,2998,1953,1045
23,177,965,163,802,58,744,496,248
23,178,182,30,152,13,139,91,48
23,179,243,31,212,11,201,127,74
23,180,400,55,345,29,316,194,122
23,181,171,24,147,7,140,84,56
23,182,162,11,151,14,137,80,57
23,183,62,7,55,3,52,26,26
23,184,101,19,82,5,77,23,54
23,185,288,60,228,11,217,102,115
23,186,122,16,106,1,105,85,20
23,187,185,14,171,12,159,82,77
23,188,193,33,160,10,150,89,61
23,189,681,105,576,41,535,351,184
23,190,162,25,137,15,122,63,59
23,191,169,27,142,6,136,100,36
23,192,628,121,507,39,468,316,152
23,193,1974,231,1743,94,1649,1064,585
23,194,116,12,104,10,94,57,37
23,195,782,111,671,56,615,420,195
23,196,180,17,163,12,151,73,78
23,197,298,49,249,12,237,133,104
23,198,141,15,126,11,115,76,39
23,199,352,65,287,16,271,173,98
23,200,186,30,156,15,141,93,48
23,201,190,30,160,12,148,98,50
23,202,213,47,166,20,146,92,54
23,203,199,26,173,14,159,82,77
23,204,123,13,110,2,108,46,62
23,205,142,24,118,5,113,70,43
23,206,525,64,461,19,442,274,168
23,207,160,23,137,12,125,77,48
23,208,349,50,299,12,287,200,87
23,209,147,17,130,7,123,66,57
23,210,205,27,178,9,169,97,72
23,211,302,46,256,16,240,156,84
23,212,108,9,99,12,87,44,43
23,213,156,24,132,12,120,72,48
23,214,200,30,170,13,157,97,60
23,215,109,16,93,5,88,59,29
23,216,147,27,120,3,117,82,35
23,217,311,40,271,24,247,176,71
23,218,114,26,88,5,83,47,36
23,219,904,136,768,61,707,439,268
23,220,502,92,410,32,378,188,190
23,221,214,41,173,13,160,112,48
23,222,146,16,130,12,118,63,55
23,223,209,38,171,13,158,106,52
23,224,92,7,85,4,81,50,31
23,225,104,25,79,2,77,49,28
23,226,159,25,134,11,123,66,57
23,227,226,50,176,21,155,106,49
23,228,163,23,140,14,126,76,50
23,229,265,40,225,21,204,119,85
23,230,150,29,121,5,116,74,42
23,231,708,112,596,40,556,371,185
23,232,226,42,184,16,168,105,63
23,233,133,26,107,10,97,52,45
23,234,151,30,121,11,110,64,46
23,235,581,122,459,32,427,265,162
23,236,234,43,191,11,180,123,57
23,237,61,9,52,8,44,23,21
23,238,314,47,267,7,260,148,112
23,239,590,98,492,32,460,306,154
23,240,400,68,332,29,303,201,102
23,241,206,31,175,12,163,87,76
23,242,178,28,150,9,141,77,64
23,243,129,17,112,5,107,64,43
23,244,521,133,388,22,366,182,184
23,245,1684,236,1448,93,1355,916,439
23,246,307,49,258,17,241,136,105
23,247,1360,197,1163,76,1087,744,343
23,248,309,39,270,26,244,173,71
23,249,188,28,160,9,151,71,80
23,250,255,48,207,16,191,133,58
23,251,113,17,96,9,87,48,39
23,252,153,35,118,6,112,82,30
23,253,144,15,129,11,118,81,37
23,254,289,69,220,15,205,141,64
23,255,96,8,88,10,78,46,32
23,257,660,104,556,44,512,289,223
23,258,230,32,198,9,189,121,68
23,259,90,14,76,10,66,28,38
23,260,157,23,134,11,123,67,56
23,261,239,36,203,10,193,128,65
23,262,120,13,107,4,103,62,41
23,263,290,44,246,12,234,116,118
23,264,43,2,41,5,36,28,8
23,265,83,18,65,4,61,31,30
23,266,158,23,135,9,126,62,64
24,1,511,88,423,37,386,211,175
24,2,1357,200,1157,86,1071,665,406
24,4,274,38,236,17,219,137,82
24,5,297,37,260,17,243,130,113
24,6,181,31,150,15,135,73,62
24,7,439,63,376,27,349,222,127
24,8,508,58,450,32,418,222,196
24,9,248,19,229,17,212,118,94
24,10,1019,100,919,80,839,533,306
24,11,847,77,770,44,726,462,264
24,12,288,24,264,22,242,144,98
24,13,1469,185,1284,86,1198,743,455
24,14,495,51,444,17,427,284,143
24,15,242,37,205,16,189,114,75
24,16,644,79,565,41,524,295,229
24,18,351,47,304,19,285,158,127
24,19,330,31,299,19,280,145,135
24,20,644,81,563,28,535,333,202
24,21,360,23,337,14,323,190,133
24,22,167,21,146,18,128,74,54
24,23,295,31,264,19,245,161,84
24,24,38,1,37,1,36,22,14
24,25,200,21,179,9,170,108,62
24,26,1356,136,1220,79,1141,725,416
24,27,277,39,238,28,210,128,82
24,28,790,101,689,57,632,313,319
24,29,419,68,351,31,320,147,173
24,30,553,52,501,26,475,357,118
24,31,186,18,168,6,162,93,69
24,32,298,38,260,17,243,149,94
24,33,153,33,120,8,112,82,30
24,34,166,12,154,4,150,76,74
24,35,1083,200,883,50,833,509,324
24,36,145,24,121,7,114,87,27
24,37,19855,4049,15806,1075,14731,8133,6598
24,38,308,34,274,37,237,166,71
24,39,158,13,145,3,142,73,69
24,40,381,53,328,17,311,178,133
24,41,129,17,112,13,99,64,35
24,42,419,50,369,24,345,247,98
24,43,126,26,100,10,90,49,41
24,44,363,41,322,23,299,186,113
24,45,181,19,162,11,151,87,64
24,46,106,13,93,4,89,60,29
24,47,208,20,188,13,175,108,67
24,48,248,41,207,14,193,102,91
24,50,299,44,255,10,245,133,112
24,51,188,28,160,14,146,74,72
24,52,113,15,98,10,88,44,44
24,53,4830,734,4096,250,3846,2518,1328
24,54,400,49,351,21,330,191,139
24,55,525,69,456,19,437,292,145
24,56,182,19,163,13,150,92,58
24,57,54,9,45,6,39,34,5
24,58,178,18,160,16,144,73,71
24,59,278,27,251,28,223,136,87
24,60,68,8,60,7,53,23,30
24,61,109,16,93,5,88,46,42
24,62,125,24,101,10,91,56,35
24,63,120,7,113,16,97,53,44
24,64,1579,202,1377,88,1289,639,650
24,65,186,26,160,10,150,92,58
24,66,206,28,178,18,160,106,54
24,67,2017,257,1760,111,1649,898,751
24,68,1605,234,1371,88,1283,763,520
24,69,287,51,236,29,207,132,75
24,70,396,54,342,23,319,180,139
24,71,332,54,278,21,257,146,111
24,73,295,30,265,18,247,142,105
24,74,410,56,354,27,327,189,138
24,75,233,17,216,12,204,123,81
24,76,281,24,257,12,245,122,123
24,77,297,38,259,15,244,94,150
24,79,155,12,143,5,138,90,48
24,80,300,41,259,17,242,135,107
24,81,506,72,434,29,405,244,161
24,82,1162,130,1032,78,954,637,317
24,83,174,23,151,3,148,77,71
24,84,89,8,81,4,77,44,33
24,85,134,10,124,7,117,77,40
24,86,430,74,356,18,338,209,129
24,87,488,69,419,26,393,235,158
24,88,241,36,205,30,175,87,88
24,89,379,39,340,19,321,216,105
24,90,466,40,426,37,389,195,194
24,91,952,126,826,51,775,472,303
24,92,371,56,315,15,300,159,141
24,93,158,17,141,19,122,68,54
24,94,308,49,259,13,246,127,119
24,95,353,50,303,18,285,174,111
24,96,609,68,541,33,508,341,167
24,97,287,35,252,10,242,136,106
24,98,2065,215,1850,116,1734,1097,637
24,99,141,16,125,8,117,68,49
24,100,402,40,362,19,343,202,141
24,101,244,18,226,25,201,107,94
24,102,3541,493,3048,201,2847,1780,1067
24,103,516,67,449,28,421,279,142
24,104,473,54,419,13,406,283,123
24,105,113,12,101,1,100,63,37
24,106,357,31,326,14,312,212,100
24,107,339,37,302,19,283,154,129
24,108,869,117,752,50,702,470,232
24,109,114,14,100,8,92,55,37
24,110,59,7,52,2,50,39,11
24,111,63,12,51,3,48,28,20
24,113,69,8,61,5,56,36,20
24,114,55,6,49,4,45,21,24
24,115,1790,287,1503,86,1417,879,538
24,116,129,13,116,9,107,80,27
24,117,303,26,277,15,262,161,101
24,118,258,42,216,16,200,126,74
24,119,236,40,196,12,184,96,88
24,120,525,56,469,21,448,268,180
24,121,47,6,41,5,36,19,17
24,122,77,7,70,5,65,46,19
24,123,108,21,87,6,81,47,34
24,124,215,19,196,14,182,88,94
24,126,194,20,174,10,164,75,89
24,127,168,13,155,4,151,92,59
24,128,155,18,137,4,133,102,31
24,129,361,59,302,15,287,187,100
24,130,642,79,563,38,525,350,175
24,131,68,2,66,5,61,25,36
24,132,191,30,161,7,154,76,78
24,133,1047,152,895,58,837,478,359
24,134,644,52,592,29,563,350,213
24,135,554,50,504,28,476,310,166
24,136,134,15,119,9,110,58,52
24,137,590,56,534,26,508,347,161
24,138,6253,1111,5142,274,4868,3247,1621
24,139,1405,147,1258,97,1161,709,452
24,140,1136,144,992,70,922,537,385
24,141,156,16,140,9,131,96,35
24,142,733,79,654,44,610,399,211
24,143,562,77,485,32,453,279,174
24,144,93,11,82,6,76,43,33
24,145,1396,236,1160,93,1067,636,431
24,146,182,16,166,10,156,105,51
24,147,584,85,499,26,473,299,174
24,148,250,36,214,12,202,122,80
24,150,436,44,392,19,373,176,197
24,151,104,13,91,4,87,51,36
24,152,746,77,669,25,644,344,300
24,153,334,27,307,24,283,196,87
24,154,253,29,224,14,210,137,73
24,155,352,45,307,25,282,183,99
24,156,832,135,697,44,653,429,224
24,157,578,68,510,48,462,291,171
24,158,354,23,331,21,310,185,125
24,159,330,42,288,29,259,136,123
24,160,336,32,304,25,279,182,97
24,161,111,20,91,7,84,44,40
24,162,379,41,338,17,321,227,94
24,163,119,15,104,7,97,74,23
24,164,831,120,711,50,661,404,257
24,165,287,40,247,17,230,116,114
24,166,606,78,528,25,503,331,172
24,167,1889,292,1597,98,1499,739,760
24,168,354,57,297,20,277,142,135
24,170,238,33,205,16,189,96,93
24,171,481,60,421,25,396,228,168
24,172,707,109,598,50,548,354,194
24,174,137,20,117,7,110,57,53
24,175,255,44,211,7,204,144,60
24,176,31,4,27,3,24,16,8
24,177,526,75,451,25,426,245,181
24,178,204,34,170,17,153,72,81
24,179,545,54,491,24,467,313,154
24,180,244,43,201,6,195,140,55
24,181,236,33,203,13,190,85,105
24,182,1102,191,911,70,841,463,378
24,183,208,29,179,5,174,108,66
24,184,126,18,108,5,103,77,26
24,186,201,25,176,13,163,70,93
24,188,416,45,371,27,344,177,167
24,189,370,62,308,24,284,140,144
24,190,154,13,141,10,131,56,75
24,191,142,21,121,14,107,68,39
24,192,79,8,71,7,64,37,27
24,193,367,47,320,24,296,134,162
24,194,991,104,887,57,830,412,418
24,195,108,18,90,3,87,61,26
24,196,405,26,379,28,351,203,148
24,197,601,71,530,33,497,282,215
24,198,198,37,161,9,152,101,51
24,199,268,32,236,18,218,88,130
24,200,448,51,397,24,373,225,148
24,202,171,15,156,9,147,74,73
24,203,48,8,40,2,38,20,18
24,204,170,11,159,12,147,79,68
24,205,459,54,405,26,379,260,119
24,206,111,11,100,11,89,44,45
24,207,479,52,427,23,404,223,181
24,208,162,29,133,6,127,83,44
24,209,107,13,94,9,85,46,39
24,210,697,92,605,23,582,329,253
24,211,332,36,296,16,280,174,106
24,212,561,105,456,37,419,208,211
24,213,122,18,104,12,92,51,41
24,214,775,135,640,31,609,264,345
24,215,166,17,149,9,140,89,51
24,216,95,18,77,9,68,30,38
24,217,355,42,313,20,293,124,169
24,218,923,136,787,46,741,458,283
24,219,152,24,128,13,115,48,67
24,220,516,78,438,46,392,233,159
24,221,105,11,94,8,86,61,25
24,222,1783,270,1513,127,1386,841,545
24,223,2493,400,2093,146,1947,1190,757
24,224,504,51,453,34,419,226,193
24,225,1783,306,1477,102,1375,709,666
24,226,965,165,800,68,732,355,377
24,227,763,91,672,39,633,363,270
24,228,409,44,365,35,330,241,89
24,229,1453,233,1220,76,1144,791,353
24,230,105,22,83,0,83,66,17
24,231,83,7,76,12,64,34,30
24,232,68,5,63,4,59,25,34
24,233,124,17,107,10,97,64,33
24,234,291,56,235,21,214,123,91
24,235,235,22,213,17,196,108,88
24,236,708,71,637,45,592,395,197
24,237,1072,112,960,66,894,453,441
24,238,117,19,98,11,87,58,29
24,239,201,14,187,14,173,110,63
24,240,282,19,263,19,244,154,90
24,241,383,56,327,13,314,235,79
24,242,216,26,190,13,177,104,73
24,243,721,119,602,42,560,326,234
24,244,96,17,79,4,75,32,43
24,245,210,20,190,7,183,108,75
24,246,279,34,245,20,225,127,98
24,247,128,14,114,11,103,54,49
24,248,282,32,250,21,229,129,100
24,249,130,14,116,5,111,43,68
24,251,460,65,395,37,358,220,138
24,252,617,78,539,18,521,323,198
24,253,765,95,670,30,640,351,289
24,254,173,24,149,2,147,90,57
24,255,465,40,425,33,392,236,156
24,256,2070,268,1802,132,1670,1069,601
24,257,204,23,181,15,166,117,49
24,258,743,67,676,36,640,417,223
24,259,814,109,705,61,644,334,310
24,260,452,53,399,35,364,226,138
24,261,273,43,230,16,214,120,94
24,262,241,22,219,14,205,142,63
24,263,278,47,231,9,222,115,107
24,264,1345,217,1128,86,1042,579,463
24,266,1138,140,998,70,928,567,361
24,267,138,15,123,6,117,47,70
24,268,501,63,438,25,413,261,152
24,269,578,102,476,33,443,298,145
24,270,463,41,422,18,404,262,142
24,271,492,74,418,20,398,231,167
24,272,333,60,273,15,258,145,113
24,273,258,33,225,9,216,119,97
24,274,729,121,608,35,573,258,315
24,276,273,39,234,15,219,121,98
24,277,235,32,203,16,187,116,71
24,278,57,12,45,3,42,19,23
24,279,50,5,45,5,40,22,18
24,280,370,40,330,17,313,202,111
24,281,154,17,137,14,123,74,49
24,282,128,13,115,6,109,42,67
24,283,141,13,128,10,118,66,52
24,284,123,17,106,12,94,45,49
24,285,294,37,257,16,241,109,132
24,286,408,46,362,20,342,192,150
24,287,101,7,94,19,75,22,53
24,288,244,33,211,17,194,96,98
24,289,1035,135,900,45,855,401,454
24,290,150,21,129,7,122,71,51
24,291,2306,350,1956,99,1857,1097,760
24,292,349,59,290,20,270,146,124
24,293,211,26,185,10,175,115,60
24,294,4186,675,3511,255,3256,1825,1431
24,295,992,113,879,63,816,522,294
24,296,830,128,702,51,651,335,316
24,297,633,111,522,55,467,272,195
24,298,216,24,192,10,182,100,82
24,299,2077,368,1709,93,1616,976,640
24,300,275,33,242,6,236,123,113
24,301,293,37,256,12,244,123,121
24,302,283,38,245,10,235,132,103
24,303,171,16,155,15,140,83,57
24,304,764,78,686,45,641,433,208
24,305,230,23,207,18,189,127,62
24,306,96,14,82,8,74,37,37
24,307,153,12,141,8,133,86,47
24,308,650,87,563,36,527,327,200
24,309,2449,337,2112,166,1946,1177,769
24,310,163,12,151,5,146,73,73
24,311,2246,288,1958,139,1819,1037,782
24,312,2280,290,1990,124,1866,1118,748
24,313,59,6,53,1,52,35,17
24,314,87,9,78,12,66,39,27
24,316,318,39,279,19,260,159,101
24,317,224,26,198,9,189,96,93
24,318,234,29,205,16,189,86,103
24,319,375,45,330,12,318,159,159
24,320,817,121,696,55,641,380,261
24,321,604,80,524,38,486,314,172
24,322,18078,3098,14980,757,14223,8509,5714
24,323,149,14,135,7,128,73,55
24,324,417,36,381,36,345,254,91
24,325,178,30,148,8,140,82,58
24,326,144,19,125,6,119,70,49
24,327,120,18,102,5,97,64,33
24,328,1016,113,903,52,851,488,363
24,329,913,162,751,60,691,385,306
24,330,546,71,475,30,445,344,101
24,331,614,96,518,47,471,220,251
24,333,46,8,38,2,36,20,16
24,334,162,15,147,13,134,79,55
24,335,1769,285,1484,99,1385,772,613
24,336,395,54,341,16,325,215,110
24,337,133,13,120,7,113,69,44
24,338,330,40,290,23,267,151,116
24,339,135,14,121,15,106,72,34
24,340,3241,500,2741,232,2509,1385,1124
24,341,737,104,633,41,592,350,242
24,343,71,11,60,6,54,23,31
24,344,42,6,36,3,33,19,14
24,345,409,53,356,27,329,181,148
24,346,315,47,268,8,260,150,110
24,347,124,14,110,8,102,55,47
24,348,198,32,166,7,159,84,75
24,349,302,33,269,16,253,146,107
24,350,1840,258,1582,98,1484,973,511
24,351,245,43,202,25,177,78,99
24,352,2818,415,2403,162,2241,1348,893
24,353,270,41,229,18,211,111,100
24,354,2186,445,1741,157,1584,816,768
24,355,423,59,364,21,343,188,155
24,356,1321,143,1178,62,1116,659,457
24,357,248,35,213,23,190,90,100
24,359,71,4,67,6,61,31,30
24,360,251,28,223,11,212,137,75
24,361,348,34,314,26,288,151,137
24,362,567,54,513,31,482,258,224
24,363,101,16,85,4,81,49,32
24,364,300,48,252,15,237,138,99
24,365,175,13,162,10,152,79,73
24,366,642,73,569,39,530,328,202
24,367,156,20,136,6,130,74,56
24,368,316,56,260,13,247,122,125
24,369,120,13,107,5,102,70,32
24,370,1338,195,1143,70,1073,541,532
24,371,390,68,322,18,304,227,77
24,372,4248,761,3487,207,3280,2012,1268
24,373,239,36,203,9,194,73,121
24,374,245,33,212,8,204,107,97
24,375,97,7,90,1,89,60,29
24,376,1047,173,874,54,820,516,304
24,377,118,7,111,7,104,66,38
24,378,83,15,68,13,55,29,26
24,379,378,62,316,22,294,180,114
24,380,367,58,309,25,284,147,137
24,381,220,33,187,16,171,114,57
24,382,402,32,370,22,348,204,144
24,383,98,15,83,6,77,47,30
24,384,27,4,23,0,23,18,5
24,385,181,30,151,11,140,45,95
24,386,181,21,160,24,136,81,55
24,388,423,49,374,23,351,221,130
24,389,103,17,86,2,84,46,38
24,390,233,26,207,12,195,114,81
24,391,158,23,135,8,127,41,86
24,392,412,43,369,37,332,177,155
24,393,75,10,65,6,59,33,26
24,394,129,23,106,11,95,55,40
24,395,316,43,273,19,254,156,98
24,396,1190,178,1012,61,951,562,389
24,397,236,25,211,13,198,141,57
24,398,473,57,416,46,370,210,160
24,399,81,12,69,6,63,35,28
24,401,263,25,238,12,226,138,88
24,402,57,18,39,1,38,7,31
24,403,71,11,60,4,56,29,27
24,404,168,19,149,13,136,77,59
24,405,238,25,213,17,196,117,79
24,406,71,12,59,2,57,34,23
24,407,187,21,166,13,153,77,76
24,408,217,14,203,15,188,120,68
24,409,836,99,737,40,697,459,238
24,410,443,59,384,27,357,207,150
24,411,132,21,111,8,103,62,41
24,412,717,75,642,57,585,329,256
24,413,191,31,160,13,147,79,68
24,414,197,26,171,8,163,97,66
24,415,160,16,144,6,138,71,67
24,416,128,10,118,8,110,74,36
24,417,438,60,378,18,360,226,134
24,418,697,63,634,42,592,418,174
24,419,642,89,553,41,512,260,252
24,420,164,24,140,18,122,54,68
24,421,195,43,152,8,144,100,44
24,422,96,7,89,5,84,36,48
24,423,83,11,72,6,66,30,36
24,424,105,10,95,7,88,49,39
24,425,287,33,254,11,243,139,104
24,426,152,22,130,10,120,67,53
24,427,152,17,135,16,119,67,52
24,428,469,61,408,46,362,253,109
24,429,199,24,175,22,153,111,42
24,430,95,12,83,9,74,50,24
24,431,167,17,150,9,141,71,70
24,432,532,87,445,29,416,255,161
24,433,74,5,69,3,66,30,36
24,434,118,20,98,5,93,64,29
24,435,194,28,166,15,151,78,73
24,436,912,124,788,53,735,459,276
24,437,686,74,612,39,573,304,269
24,438,195,18,177,8,169,98,71
24,439,725,69,656,38,618,392,226
24,441,103,9,94,8,86,60,26
24,442,1501,177,1324,104,1220,856,364
24,443,340,55,285,12,273,202,71
24,444,205,24,181,16,165,110,55
24,445,106,15,91,14,77,36,41
24,446,45,5,40,1,39,33,6
24,447,468,47,421,34,387,266,121
24,448,373,31,342,25,317,207,110
24,449,769,85,684,65,619,340,279
24,450,543,61,482,38,444,264,180
24,451,680,104,576,39,537,341,196
24,452,189,32,157,12,145,71,74
24,453,312,34,278,20,258,155,103
24,454,502,77,425,30,395,235,160
24,455,556,75,481,42,439,234,205
24,456,142,15,127,6,121,53,68
24,457,134,11,123,1,122,88,34
24,458,272,26,246,15,231,157,74
24,459,233,35,198,10,188,96,92
24,460,345,49,296,27,269,146,123
24,461,580,96,484,32,452,222,230
24,462,1258,161,1097,77,1020,658,362
24,463,434,47,387,22,365,226,139
24,464,212,35,177,7,170,102,68
24,465,233,31,202,19,183,105,78
24,466,297,44,253,17,236,118,118
24,468,243,15,228,20,208,112,96
24,470,219,24,195,17,178,122,56
24,471,461,39,422,36,386,256,130
24,472,679,97,582,44,538,303,235
24,473,312,32,280,15,265,147,118
24,474,124,11,113,8,105,78,27
24,475,133,12,121,5,116,71,45
24,476,129,16,113,9,104,71,33
24,477,172,18,154,12,142,102,40
24,478,124,21,103,4,99,64,35
24,479,970,158,812,60,752,413,339
24,480,214,27,187,6,181,115,66
24,481,389,47,342,30,312,196,116
24,482,251,34,217,11,206,119,87
24,483,106,15,91,11,80,25,55
24,484,705,90,615,38,577,330,247
24,485,339,34,305,20,285,177,108
24,486,335,45,290,14,276,164,112
24,487,1209,150,1059,72,987,554,433
24,488,347,57,290,12,278,163,115
24,489,322,35,287,12,275,136,139
24,490,358,50,308,14,294,186,108
24,491,475,75,400,28,372,262,110
24,492,51,9,42,5,37,14,23
24,493,93,12,81,3,78,46,32
24,494,337,30,307,21,286,161,125
24,495,80,4,76,10,66,34,32
24,496,270,38,232,12,220,143,77
24,497,280,35,245,11,234,111,123
24,498,730,91,639,54,585,309,276
24,499,637,55,582,41,541,336,205
24,500,115,9,106,11,95,59,36
24,501,369,56,313,33,280,153,127
24,502,77,0,77,0,77,54,23
24,503,101,9,92,2,90,51,39
24,504,188,14,174,10,164,63,101
24,505,275,42,233,13,220,139,81
24,507,120,19,101,5,96,45,51
24,508,169,19,150,3,147,121,26
24,509,445,56,389,23,366,221,145
24,510,320,52,268,21,247,158,89
24,511,233,29,204,10,194,106,88
24,512,229,27,202,15,187,124,63
24,513,212,17,195,13,182,117,65
24,514,211,37,174,11,163,87,76
24,515,392,55,337,21,316,233,83
24,516,851,101,750,50,700,347,353
24,517,61,3,58,5,53,26,27
24,518,183,25,158,12,146,84,62
24,519,330,43,287,39,248,157,91
24,520,6884,941,5943,325,5618,3343,2275
24,521,758,78,680,48,632,373,259
24,522,297,23,274,26,248,161,87
24,523,317,42,275,21,254,147,107
24,524,117,16,101,12,89,52,37
24,525,157,12,145,15,130,88,42
24,526,547,73,474,34,440,261,179
24,527,682,94,588,20,568,345,223
24,528,104,14,90,11,79,51,28
24,529,162,21,141,5,136,108,28
24,530,173,16,157,13,144,93,51
24,531,179,27,152,7,145,82,63
24,532,119,16,103,3,100,54,46
24,533,77,10,67,4,63,28,35
24,534,575,76,499,26,473,270,203
24,535,193,12,181,19,162,103,59
24,536,164,10,154,16,138,78,60
24,537,223,22,201,10,191,106,85
24,538,737,119,618,33,585,355,230
24,540,986,93,893,62,831,469,362
24,541,63,7,56,3,53,35,18
24,542,62,14,48,4,44,17,27
24,543,897,129,768,66,702,382,320
24,544,336,34,302,7,295,197,98
24,545,101,8,93,6,87,56,31
24,546,38,6,32,6,26,18,8
24,547,3973,637,3336,209,3127,1994,1133
24,548,241,18,223,17,206,117,89
24,549,256,45,211,17,194,94,100
24,550,967,170,797,48,749,424,325
24,551,2326,377,1949,101,1848,1036,812
24,552,227,24,203,15,188,102,86
24,553,1273,162,1111,58,1053,678,375
24,554,319,50,269,22,247,113,134
24,555,496,43,453,34,419,255,164
24,557,4845,554,4291,221,4070,2560,1510
24,558,430,59,371,22,349,207,142
24,559,268,44,224,14,210,128,82
24,560,117,8,109,5,104,53,51
24,561,307,43,264,28,236,128,108
24,562,231,12,219,16,203,136,67
24,563,224,22,202,11,191,122,69
24,564,513,60,453,28,425,245,180
24,565,303,29,274,22,252,154,98
24,566,359,46,313,16,297,168,129
24,567,218,21,197,8,189,102,87
24,568,761,111,650,46,604,318,286
24,569,120,10,110,12,98,57,41
24,570,47,2,45,5,40,24,16
24,571,1213,152,1061,68,993,503,490
24,572,149,20,129,6,123,65,58
24,573,503,45,458,36,422,228,194
24,574,263,15,248,14,234,156,78
24,575,169,15,154,5,149,98,51
24,576,196,13,183,11,172,82,90
24,577,495,61,434,36,398,217,181
24,579,282,53,229,16,213,115,98
24,580,215,19,196,13,183,121,62
24,581,674,78,596,40,556,399,157
24,582,409,35,374,27,347,206,141
24,584,665,110,555,39,516,304,212
24,585,509,62,447,36,411,246,165
24,586,650,83,567,36,531,328,203
24,587,746,89,657,39,618,343,275
25,1,153,16,137,7,130,65,65
25,2,264,39,225,12,213,125,88
25,3,267,48,219,23,196,135,61
25,4,792,157,635,48,587,220,367
25,5,82,12,70,5,65,42,23
25,6,74,13,61,7,54,14,40
25,7,75,9,66,7,59,10,49
25,8,377,62,315,24,291,131,160
25,9,147,22,125,15,110,39,71
25,11,557,74,483,47,436,204,232
25,12,109,12,97,4,93,24,69
25,13,169,20,149,15,134,71,63
25,14,573,74,499,40,459,260,199
25,15,556,69,487,30,457,185,272
25,16,139,20,119,3,116,46,70
25,17,78,3,75,2,73,33,40
25,18,460,53,407,39,368,169,199
25,19,342,57,285,30,255,113,142
25,20,756,133,623,63,560,330,230
25,21,1156,171,985,61,924,414,510
25,22,1055,118,937,90,847,349,498
25,24,618,70,548,35,513,192,321
25,25,514,84,430,16,414,153,261
25,26,184,32,152,13,139,77,62
25,27,185,21,164,9,155,76,79
25,28,128,13,115,11,104,40,64
25,29,202,27,175,14,161,44,117
25,30,291,28,263,21,242,105,137
25,31,8978,2340,6638,464,6174,3724,2450
25,32,300,40,260,18,242,101,141
25,33,481,84,397,30,367,179,188
25,34,1023,133,890,46,844,416,428
25,35,844,126,718,34,684,359,325
25,36,1503,201,1302,73,1229,623,606
25,38,152,21,131,11,120,41,79
25,39,577,57,520,27,493,173,320
25,40,573,91,482,48,434,178,256
25,41,267,49,218,15,203,60,143
25,42,172,17,155,13,142,39,103
25,43,1581,256,1325,101,1224,529,695
25,44,49,6,43,5,38,17,21
25,45,54,6,48,5,43,20,23
25,46,51,8,43,1,42,9,33
25,47,3860,768,3092,209,2883,1500,1383
25,48,2804,506,2298,173,2125,1047,1078
25,49,74,10,64,6,58,17,41
25,50,281,34,247,15,232,81,151
25,51,478,58,420,29,391,119,272
25,52,64,4,60,2,58,11,47
25,53,88,9,79,0,79,11,68
25,54,355,49,306,35,271,116,155
25,55,213,26,187,10,177,86,91
25,56,68390,15124,53266,2503,50763,30102,20661
25,57,3345,731,2614,169,2445,1651,794
25,58,1046,181,865,48,817,415,402
25,59,202,27,175,17,158,72,86
25,60,410,33,377,25,352,118,234
25,61,100,8,92,9,83,42,41
25,62,203,19,184,5,179,70,109
25,63,778,107,671,59,612,262,350
25,65,46,1,45,4,41,23,18
25,66,62,6,56,8,48,16,32
25,67,152,22,130,8,122,47,75
25,70,275,22,253,21,232,72,160
25,71,386,58,328,36,292,129,163
25,72,24,2,22,0,22,1,21
25,73,570,68,502,26,476,205,271
25,74,626,49,577,28,549,156,393
25,75,238,25,213,20,193,74,119
25,76,96,12,84,7,77,36,41
25,77,58,10,48,10,38,12,26
25,78,708,57,651,41,610,278,332
25,79,303,57,246,15,231,62,169
25,82,706,113,593,60,533,278,255
25,83,159,21,138,13,125,48,77
25,84,761,87,674,46,628,323,305
25,85,239,31,208,18,190,84,106
25,86,107,9,98,11,87,40,47
25,87,127,11,116,10,106,51,55
25,88,70,8,62,2,60,33,27
25,89,68,7,61,3,58,20,38
25,90,38,3,35,2,33,14,19
25,91,333,39,294,14,280,99,181
25,92,80,12,68,9,59,22,37
25,93,56,6,50,7,43,21,22
25,94,94,11,83,9,74,27,47
25,95,214,24,190,10,180,64,116
25,96,93,16,77,2,75,20,55
25,97,350,32,318,29,289,124,165
25,98,142,13,129,10,119,78,41
25,99,107,14,93,5,88,19,69
25,100,295,17,278,21,257,108,149
25,101,338,37,301,31,270,110,160
25,102,36,1,35,2,33,13,20
25,103,488,72,416,24,392,202,190
25,104,73,12,61,7,54,38,16
25,105,394,43,351,29,322,143,179
25,106,75,7,68,2,66,44,22
25,107,158,26,132,7,125,49,76
25,108,206,28,178,14,164,59,105
25,109,286,36,250,12,238,129,109
25,110,654,79,575,34,541,210,331
25,111,274,42,232,14,218,94,124
25,112,784,107,677,48,629,328,301
25,113,82,4,78,0,78,17,61
25,114,311,37,274,25,249,88,161
25,115,232,33,199,8,191,67,124
25,116,185,16,169,15,154,68,86
25,117,66,8,58,3,55,12,43
25,119,273,34,239,19,220,84,136
25,120,305,23,282,16,266,84,182
25,121,217,17,200,13,187,112,75
25,122,300,28,272,25,247,71,176
25,123,138,16,122,10,112,38,74
25,124,197,28,169,12,157,47,110
25,125,253,27,226,19,207,104,103
25,126,360,53,307,20,287,145,142
25,127,1750,240,1510,84,1426,585,841
25,128,180,12,168,9,159,67,92
25,129,98,4,94,8,86,33,53
25,130,32,3,29,4,25,10,15
25,131,99,16,83,7,76,24,52
25,132,102,8,94,3,91,29,62
25,133,1664,222,1442,74,1368,602,766
25,134,22,3,19,2,17,8,9
25,136,366,52,314,14,300,142,158
25,137,172,25,147,12,135,55,80
25,138,115,15,100,3,97,30,67
25,139,349,46,303,14,289,79,210
25,140,154,17,137,9,128,65,63
25,141,106,21,85,5,80,31,49
25,142,190,32,158,10,148,63,85
25,143,152,22,130,13,117,64,53
25,145,99,16,83,6,77,24,53
25,147,970,119,851,51,800,441,359
25,148,297,28,269,19,250,93,157
25,149,390,60,330,25,305,126,179
25,150,173,19,154,3,151,83,68
25,151,86,6,80,5,75,28,47
25,152,92,10,82,10,72,12,60
25,153,89,10,79,4,75,14,61
25,154,236,35,201,12,189,91,98
25,155,248,22,226,7,219,117,102
25,156,771,129,642,38,604,289,315
25,157,857,110,747,43,704,235,469
25,159,1154,232,922,91,831,481,350
25,160,521,44,477,28,449,138,311
25,161,36,17,19,1,18,10,8
25,162,130,13,117,10,107,53,54
25,163,82,7,75,7,68,42,26
25,164,98,23,75,4,71,35,36
25,166,57,9,48,5,43,12,31
25,170,894,150,744,49,695,319,376
25,171,64,11,53,5,48,11,37
25,172,123,18,105,16,89,40,49
25,173,140,27,113,1,112,17,95
25,174,169,18,151,10,141,38,103
25,175,75,16,59,3,56,18,38
25,176,212,19,193,13,180,79,101
25,177,141,18,123,7,116,56,60
25,178,100,13,87,5,82,32,50
25,179,48,5,43,3,40,19,21
25,180,107,13,94,6,88,55,33
25,181,103,21,82,5,77,35,42
25,182,69,5,64,4,60,20,40
25,183,71,8,63,1,62,18,44
25,184,177,13,164,17,147,76,71
25,185,53,4,49,4,45,16,29
25,186,620,82,538,36,502,233,269
25,187,383,59,324,27,297,116,181
25,188,609,104,505,34,471,240,231
25,189,149,4,145,11,134,47,87
25,190,1177,201,976,80,896,451,445
25,191,377,47,330,27,303,145,158
25,192,121,18,103,4,99,49,50
25,193,1371,242,1129,71,1058,425,633
25,194,94,12,82,5,77,37,40
25,195,802,81,721,35,686,347,339
25,196,1134,200,934,91,843,385,458
25,197,495,87,408,31,377,211,166
25,198,446,62,384,34,350,151,199
25,199,253,5,248,24,224,62,162
25,200,1058,134,924,61,863,423,440
25,201,456,55,401,28,373,113,260
25,202,166,19,147,7,140,45,95
25,203,111,4,107,5,102,19,83
25,204,1808,220,1588,109,1479,602,877
25,207,537,71,466,36,430,204,226
25,208,132,12,120,10,110,55,55
25,209,79,8,71,7,64,24,40
25,210,105,11,94,6,88,41,47
25,211,69,6,63,5,58,21,37
25,212,1607,206,1401,82,1319,663,656
25,213,487,57,430,21,409,209,200
25,214,365,33,332,28,304,129,175
25,215,58,5,53,3,50,25,25
25,216,247,27,220,21,199,76,123
25,217,435,71,364,22,342,158,184
25,218,78,5,73,7,66,14,52
25,219,405,44,361,20,341,111,230
25,220,391,61,330,21,309,121,188
25,221,38,0,38,0,38,13,25
25,222,751,75,676,44,632,229,403
25,223,291,36,255,13,242,98,144
25,224,597,71,526,48,478,222,256
25,225,133,24,109,18,91,46,45
25,226,181,11,170,14,156,57,99
25,227,148,20,128,10,118,43,75
25,228,2458,380,2078,166,1912,939,973
25,229,238,18,220,10,210,64,146
25,230,2451,398,2053,160,1893,927,966
25,231,77,10,67,10,57,7,50
25,232,88,13,75,12,63,35,28
25,233,168,25,143,12,131,35,96
25,234,103,12,91,4,87,25,62
25,235,216,23,193,11,182,85,97
25,236,204,20,184,8,176,41,135
25,237,1575,288,1287,124,1163,546,617
25,238,105,14,91,4,87,30,57
25,239,136,16,120,12,108,35,73
25,240,2006,203,1803,90,1713,617,1096
25,241,116,9,107,8,99,33,66
25,242,77,11,66,2,64,35,29
25,243,400,41,359,25,334,76,258
25,244,61,4,57,8,49,15,34
25,245,709,83,626,46,580,262,318
25,246,202,37,165,15,150,80,70
25,247,77,14,63,2,61,29,32
25,248,371,55,316,30,286,86,200
25,249,44,3,41,4,37,20,17
25,250,319,33,286,15,271,112,159
25,251,107,8,99,13,86,45,41
25,252,73,10,63,8,55,15,40
25,253,225,17,208,4,204,89,115
25,254,895,132,763,44,719,225,494
25,255,250,30,220,12,208,59,149
25,256,541,63,478,32,446,141,305
25,257,198,39,159,12,147,70,77
25,258,1525,200,1325,75,1250,666,584
25,259,1287,195,1092,58,1034,390,644
25,261,61,9,52,5,47,21,26
25,262,322,39,283,20,263,86,177
25,263,153,11,142,7,135,57,78
25,264,65,6,59,10,49,28,21
25,265,976,132,844,57,787,346,441
25,266,112,17,95,10,85,43,42
25,267,457,52,405,20,385,176,209
25,268,91,13,78,8,70,13,57
25,269,60,5,55,10,45,21,24
25,270,82,7,75,7,68,18,50
25,271,1033,113,920,50,870,295,575
25,273,158,13,145,12,133,70,63
25,274,276,54,222,21,201,110,91
25,275,177,18,159,9,150,40,110
25,276,141,8,133,9,124,48,76
25,277,58,5,53,8,45,27,18
25,278,382,40,342,17,325,141,184
25,279,103,14,89,10,79,41,38
25,280,112,16,96,8,88,21,67
25,281,215,41,174,24,150,82,68
25,282,498,70,428,32,396,138,258
25,283,47,2,45,4,41,13,28
25,284,3254,643,2611,171,2440,1529,911
25,285,1066,134,932,69,863,317,546
25,286,94,10,84,4,80,18,62
25,287,1048,133,915,47,868,444,424
25,288,477,68,409,12,397,93,304
25,289,63,5,58,6,52,5,47
25,290,76,10,66,0,66,19,47
25,293,673,75,598,26,572,202,370
25,295,212,26,186,10,176,77,99
25,296,547,74,473,39,434,188,246
25,297,102,10,92,6,86,31,55
25,298,162,20,142,11,131,52,79
25,299,86,9,77,6,71,24,47
25,300,166,12,154,11,143,47,96
25,301,569,63,506,22,484,119,365
25,302,81,7,74,2,72,21,51
25,303,162,15,147,5,142,55,87
25,304,2558,610,1948,143,1805,956,849
25,305,385,47,338,35,303,139,164
25,306,85,18,67,0,67,24,43
25,307,502,82,420,17,403,127,276
25,308,257,25,232,9,223,57,166
25,309,731,105,626,40,586,229,357
25,310,84,11,73,1,72,49,23
25,311,156,18,138,16,122,54,68
25,312,62,6,56,2,54,39,15
25,313,139,24,115,10,105,60,45
25,314,195,26,169,12,157,28,129
25,315,2049,266,1783,140,1643,904,739
25,316,230,18,212,27,185,82,103
25,317,168,24,144,14,130,64,66
25,318,1039,175,864,33,831,248,583
25,319,78,13,65,4,61,25,36
25,320,756,75,681,38,643,214,429
25,321,3271,590,2681,155,2526,897,1629
25,322,296,37,259,13,246,89,157
25,323,294,41,253,10,243,165,78
25,324,116,6,110,3,107,22,85
25,325,175,15,160,11,149,48,101
25,326,386,56,330,26,304,156,148
25,327,56,3,53,1,52,31,21
25,328,506,56,450,30,420,192,228
25,329,36,3,33,0,33,10,23
25,330,129,12,117,13,104,56,48
25,331,165,15,150,4,146,46,100
25,332,428,74,354,26,328,178,150
25,333,258,31,227,18,209,56,153
25,334,1302,173,1129,72,1057,369,688
25,335,140,17,123,20,103,54,49
25,336,371,40,331,23,308,188,120
25,338,79,14,65,2,63,24,39
25,339,177,20,157,13,144,64,80
25,340,178,30,148,10,138,69,69
25,341,131,5,126,7,119,35,84
25,342,54,6,48,8,40,13,27
25,343,113,15,98,10,88,11,77
25,344,42,2,40,4,36,8,28
25,345,469,58,411,36,375,199,176
25,346,137,9,128,11,117,33,84
25,347,502,37,465,26,439,144,295
25,348,315,49,266,11,255,95,160
25,349,347,46,301,18,283,80,203
25,350,596,83,513,46,467,259,208
25,351,147,16,131,9,122,36,86
25,354,140,32,108,16,92,32,60
25,355,33,2,31,2,29,3,26
25,356,2791,513,2278,140,2138,920,1218
25,357,466,53,413,15,398,100,298
25,359,135,16,119,7,112,53,59
25,360,105,9,96,7,89,44,45
25,361,490,60,430,28,402,149,253
25,362,158,18,140,13,127,47,80
25,364,1107,136,971,68,903,413,490
25,365,250,21,229,27,202,125,77
25,366,141,6,135,11,124,39,85
25,367,3452,634,2818,264,2554,1349,1205
25,368,791,76,715,44,671,337,334
25,369,115,19,96,7,89,37,52
25,370,1789,282,1507,117,1390,600,790
25,371,143,10,133,13,120,41,79
25,372,231,35,196,14,182,98,84
25,373,33,1,32,0,32,18,14
25,374,324,39,285,20,265,90,175
25,375,316,28,288,24,264,116,148
25,376,80,6,74,7,67,27,40
25,377,149,25,124,11,113,57,56
25,378,276,59,217,23,194,86,108
25,379,65,8,57,3,54,27,27
25,380,740,146,594,22,572,199,373
25,381,1676,250,1426,81,1345,587,758
25,382,318,36,282,12,270,147,123
25,383,240,21,219,17,202,84,118
25,384,71,8,63,8,55,34,21
25,385,95,7,88,9,79,32,47
25,386,125,17,108,3,105,21,84
25,387,285,34,251,28,223,89,134
25,388,14552,3376,11176,756,10420,5719,4701
25,389,79,10,69,1,68,16,52
25,390,239,25,214,16,198,70,128
25,391,138,11,127,7,120,41,79
25,392,118,17,101,5,96,30,66
25,393,427,98,329,29,300,168,132
25,394,1189,190,999,106,893,495,398
25,395,1115,107,1008,41,967,421,546
25,397,1498,180,1318,92,1226,501,725
25,398,69,5,64,3,61,15,46
25,399,80,8,72,5,67,36,31
25,400,366,51,315,19,296,144,152
25,401,24,3,21,2,19,10,9
25,402,25,4,21,2,19,5,14
25,403,1534,211,1323,67,1256,444,812
25,404,81,12,69,4,65,22,43
25,405,577,58,519,34,485,168,317
25,406,422,43,379,29,350,168,182
25,408,58,13,45,1,44,13,31
25,410,836,85,751,44,707,377,330
25,411,4584,874,3710,206,3504,1590,1914
25,413,672,88,584,30,554,174,380
25,414,78,10,68,6,62,22,40
25,415,246,36,210,12,198,121,77
25,416,164,17,147,7,140,69,71
25,417,547,59,488,25,463,186,277
25,418,916,83,833,45,788,372,416
25,419,84,15,69,8,61,33,28
25,420,122,19,103,9,94,58,36
25,421,53,4,49,2,47,5,42
25,422,124,18,106,10,96,45,51
25,424,383,43,340,23,317,131,186
25,425,255,18,237,7,230,58,172
25,426,290,48,242,27,215,93,122
25,427,283,22,261,19,242,106,136
25,428,1361,241,1120,66,1054,430,624
25,429,848,113,735,46,689,414,275
25,430,41,2,39,2,37,13,24
25,431,329,58,271,31,240,114,126
25,432,1314,169,1145,58,1087,313,774
25,433,34,5,29,0,29,9,20
25,434,3064,482,2582,165,2417,1165,1252
25,435,128,16,112,8,104,44,60
25,436,54,8,46,2,44,10,34
25,437,240,33,207,18,189,83,106
25,438,295,36,259,16,243,122,121
25,439,165,19,146,18,128,70,58
25,440,302,52,250,13,237,73,164
25,441,58,8,50,3,47,8,39
25,442,479,65,414,31,383,126,257
25,443,46,11,35,0,35,8,27
25,444,94,8,86,11,75,24,51
25,445,103,12,91,11,80,45,35
25,446,193,36,157,9,148,52,96
25,447,232,31,201,14,187,43,144
25,448,914,74,840,51,789,405,384
25,449,110,27,83,8,75,27,48
25,450,66,11,55,8,47,30,17
25,451,116,24,92,3,89,36,53
25,452,291,40,251,14,237,93,144
25,453,1014,124,890,48,842,285,557
25,454,1404,126,1278,64,1214,540,674
25,455,131,17,114,11,103,55,48
25,456,141,7,134,12,122,35,87
25,457,81,1,80,3,77,11,66
25,458,158,11,147,13,134,29,105
25,459,196,20,176,11,165,60,105
25,460,97,17,80,8,72,25,47
25,461,254,50,204,14,190,94,96
25,462,11805,2586,9219,507,8712,4083,4629
25,463,3292,489,2803,242,2561,1338,1223
25,464,82,4,78,8,70,17,53
25,465,145,20,125,7,118,44,74
25,466,558,47,511,50,461,226,235
25,467,1471,165,1306,85,1221,613,608
25,468,596,107,489,40,449,214,235
25,469,376,48,328,26,302,119,183
25,470,125,11,114,12,102,30,72
25,471,113,15,98,7,91,35,56
25,472,37,7,30,0,30,16,14
25,473,532,32,500,38,462,239,223
25,474,60,12,48,7,41,26,15
25,475,800,121,679,58,621,297,324
25,476,95,6,89,14,75,23,52
25,477,215,27,188,7,181,77,104
25,478,86,5,81,5,76,21,55
25,479,309,46,263,24,239,132,107
25,480,142,19,123,7,116,43,73
25,481,241,34,207,10,197,96,101
25,482,455,61,394,22,372,166,206
25,483,43,4,39,4,35,21,14
25,485,180,16,164,15,149,53,96
25,486,267,36,231,9,222,82,140
25,487,29,1,28,0,28,7,21
25,488,83,17,66,4,62,30,32
25,489,237,20,217,14,203,70,133
25,490,332,50,282,18,264,106,158
25,491,92,6,86,2,84,40,44
25,492,66,5,61,1,60,16,44
25,493,584,67,517,35,482,196,286
25,494,391,39,352,17,335,125,210
25,495,1549,226,1323,93,1230,691,539
25,496,86,9,77,5,72,27,45
25,497,487,52,435,34,401,163,238
25,498,41,4,37,3,34,7,27
25,499,98,22,76,9,67,30,37
25,500,59,0,59,4,55,17,38
25,501,27,3,24,3,21,9,12
25,502,328,35,293,29,264,105,159
25,503,100,8,92,8,84,31,53
25,504,56,4,52,1,51,9,42
25,505,815,117,698,39,659,316,343
25,506,69,11,58,9,49,33,16
25,507,67,10,57,6,51,27,24
25,508,810,124,686,48,638,278,360
25,509,409,68,341,18,323,138,185
25,510,236,24,212,17,195,97,98
25,511,230,30,200,14,186,80,106
25,512,1605,223,1382,64,1318,589,729
25,513,39,8,31,2,29,20,9
25,514,222,20,202,17,185,52,133
25,515,252,23,229,11,218,85,133
25,516,78,7,71,7,64,40,24
25,517,186,14,172,13,159,57,102
25,518,84,6,78,1,77,38,39
25,519,728,106,622,41,581,323,258
25,520,168,42,126,10,116,45,71
25,521,144,19,125,10,115,56,59
25,522,112,7,105,7,98,29,69
25,523,621,96,525,47,478,202,276
25,524,642,112,530,49,481,262,219
25,525,239,26,213,12,201,75,126
25,526,956,171,785,57,728,425,303
25,527,3384,538,2846,169,2677,1316,1361
25,528,74,3,71,4,67,28,39
25,529,775,112,663,44,619,208,411
25,530,294,47,247,20,227,70,157
25,531,64,8,56,6,50,20,30
25,532,2264,265,1999,130,1869,969,900
25,533,23,2,21,1,20,7,13
25,534,119,10,109,2,107,27,80
25,535,174,17,157,16,141,82,59
25,536,142,18,124,3,121,68,53
25,537,205,35,170,12,158,60,98
25,538,82,16,66,3,63,23,40
25,539,4423,761,3662,265,3397,1533,1864
25,540,255,37,218,13,205,101,104
25,541,269,35,234,10,224,72,152
25,542,1093,121,972,59,913,471,442
25,544,150,13,137,4,133,40,93
25,545,82,13,69,2,67,8,59
25,546,58,5,53,8,45,20,25
25,547,2343,589,1754,137,1617,942,675
25,548,121,14,107,12,95,46,49
25,549,455,59,396,12,384,119,265
25,550,145,12,133,11,122,50,72
25,551,102,16,86,6,80,21,59
25,552,113,27,86,5,81,35,46
25,553,288,50,238,25,213,80,133
25,554,126,19,107,10,97,26,71
25,555,834,122,712,48,664,260,404
25,556,37,5,32,3,29,17,12
25,557,328,18,310,12,298,139,159
25,558,646,62,584,44,540,240,300
25,559,149,28,121,8,113,22,91
25,560,2556,357,2199,136,2063,990,1073
25,561,197,24,173,9,164,81,83
25,562,196,23,173,11,162,68,94
25,563,88,6,82,13,69,39,30
25,564,695,80,615,38,577,295,282
25,565,146,10,136,8,128,46,82
25,566,190,23,167,15,152,71,81
25,567,109,13,96,7,89,49,40
25,569,369,39,330,22,308,132,176
25,570,30,0,30,3,27,16,11
25,571,378,52,326,20,306,107,199
25,572,75,0,75,8,67,45,22
25,573,10,0,10,0,10,2,8
25,574,165,28,137,12,125,41,84
25,575,413,57,356,26,330,178,152
25,576,170,17,153,15,138,76,62
25,578,3052,493,2559,151,2408,828,1580
25,579,115,15,100,10,90,28,62
25,580,6770,1364,5406,356,5050,2927,2123
25,582,105,16,89,9,80,36,44
25,583,163,13,150,12,138,40,98
25,584,78,13,65,4,61,16,45
25,585,167,19,148,5,143,52,91
25,586,616,70,546,39,507,263,244
25,587,105,16,89,4,85,37,48
25,588,71,12,59,4,55,19,36
25,589,99,13,86,5,81,32,49
25,590,67,9,58,5,53,22,31
25,591,125,30,95,11,84,18,66
25,592,423,65,358,18,340,105,235
25,593,272,18,254,18,236,116,120
25,594,233,24,209,18,191,76,115
25,595,95,15,80,6,74,27,47
25,596,47,1,46,1,45,9,36
25,597,173,30,143,4,139,49,90
25,598,303,44,259,26,233,101,132
25,599,153,12,141,7,134,78,56
25,600,101,12,89,5,84,17,67
25,601,971,119,852,53,799,255,544
25,602,88,7,81,4,77,32,45
25,604,109,22,87,3,84,26,58
25,605,316,35,281,9,272,87,185
25,607,59,3,56,3,53,21,32
25,608,119,10,109,12,97,56,41
25,609,295,44,251,18,233,83,150
25,610,38,7,31,1,30,12,18
25,611,369,43,326,14,312,150,162
25,612,468,65,403,15,388,172,216
25,613,78,7,71,8,63,26,37
25,614,2021,352,1669,112,1557,743,814
25,615,330,47,283,19,264,124,140
25,616,202,11,191,12,179,97,82
25,617,308,54,254,20,234,105,129
25,618,307,39,268,35,233,106,127
25,619,135,19,116,6,110,39,71
25,620,236,22,214,12,202,59,143
25,621,161,16,145,15,130,47,83
25,622,206,25,181,20,161,78,83
25,623,103,12,91,7,84,19,65
25,624,117,15,102,10,92,42,50
25,625,51,8,43,4,39,8,31
25,626,176,6,170,14,156,43,113
25,627,226,19,207,13,194,81,113
25,628,128,11,117,4,113,44,69
25,629,191,22,169,13,156,96,60
25,630,70,7,63,4,59,20,39
25,631,393,55,338,25,313,157,156
25,632,2437,339,2098,163,1935,956,979
25,633,516,77,439,41,398,228,170
25,634,438,43,395,26,369,135,234
25,635,169,21,148,16,132,51,81
26,1,276,34,242,19,223,97,126
26,2,1301,194,1107,83,1024,522,502
26,3,41,6,35,1,34,19,15
26,4,1714,227,1487,101,1386,569,817
26,5,1256,161,1095,87,1008,413,595
26,6,2050,323,1727,127,1600,770,830
26,7,105,12,93,5,88,33,55
26,8,901,138,763,50,713,364,349
26,9,844,125,719,62,657,326,331
26,10,2867,478,2389,154,2235,1073,1162
26,11,1707,284,1423,113,1310,737,573
26,12,26,8,18,0,18,11,7
26,13,74,15,59,6,53,37,16
26,14,399,44,355,30,325,128,197
26,15,50,8,42,5,37,30,7
26,16,323,41,282,22,260,147,113
26,17,45,5,40,0,40,31,9
26,18,23,5,18,0,18,3,15
26,19,201,23,178,20,158,68,90
26,20,224,27,197,7,190,82,108
26,21,108,8,100,17,83,32,51
26,22,80,6,74,2,72,36,36
26,23,626,78,548,31,517,228,289
26,24,309,36,273,28,245,115,130
26,25,125,11,114,2,112,88,24
26,26,85,23,62,2,60,32,28
26,27,138,28,110,7,103,56,47
26,28,182,22,160,11,149,66,83
26,30,11,3,8,1,7,7,0
26,31,670,90,580,30,550,271,279
26,32,343,40,303,14,289,170,119
26,33,558,70,488,28,460,190,270
26,34,376,43,333,24,309,137,172
26,35,327,36,291,17,274,171,103
26,36,82,14,68,1,67,55,12
26,37,3055,478,2577,164,2413,1199,1214
26,38,786,105,681,49,632,241,391
26,39,593,86,507,50,457,192,265
26,40,105,16,89,6,83,53,30
26,41,1004,159,845,62,783,410,373
26,42,1255,151,1104,74,1030,495,535
26,43,117,16,101,10,91,53,38
26,45,1236,168,1068,68,1000,522,478
26,46,86,12,74,7,67,34,33
26,47,80,23,57,5,52,34,18
26,48,67,9,58,1,57,32,25
26,49,823,118,705,46,659,264,395
26,50,57,2,55,6,49,27,22
26,51,58,7,51,2,49,32,17
26,52,282,25,257,15,242,102,140
26,54,872,118,754,47,707,289,418
26,55,107,16,91,11,80,65,15
26,56,475,69,406,26,380,205,175
26,57,7377,1519,5858,389,5469,2765,2704
26,58,13648,2452,11196,617,10579,5531,5048
26,59,217,37,180,10,170,80,90
26,60,129,23,106,14,92,52,40
26,61,434,61,373,18,355,156,199
26,62,33,6,27,2,25,17,8
26,63,1764,272,1492,82,1410,781,629
26,64,5310,818,4492,260,4232,1897,2335
26,65,539,69,470,27,443,218,225
26,66,42,5,37,1,36,10,26
26,67,49,9,40,1,39,26,13
26,68,155,12,143,9,134,61,73
26,69,122,14,108,7,101,65,36
26,70,458,67,391,34,357,152,205
26,71,843,88,755,45,710,307,403
26,72,817,136,681,44,637,334,303
26,73,197,8,189,14,175,76,99
26,74,561,71,490,44,446,227,219
26,75,51,8,43,2,41,22,19
26,76,40,3,37,1,36,31,5
26,77,630,81,549,36,513,237,276
26,78,531,55,476,35,441,243,198
26,79,898,109,789,69,720,286,434
26,80,44,2,42,1,41,32,9
26,81,427,47,380,18,362,185,177
26,82,83,13,70,7,63,35,28
26,83,1137,147,990,68,922,367,555
26,84,2713,445,2268,150,2118,830,1288
26,85,1894,306,1588,135,1453,651,802
26,86,489,98,391,16,375,192,183
26,87,907,144,763,53,710,304,406
26,88,3933,608,3325,186,3139,1219,1920
26,89,60,12,48,3,45,23,22
26,90,31,3,28,0,28,12,16
26,91,46,4,42,3,39,20,19
26,92,393,47,346,30,316,121,195
26,93,465,66,399,26,373,145,228
26,94,578,75,503,40,463,217,246
26,95,674,92,582,33,549,248,301
26,96,1475,255,1220,82,1138,528,610
26,97,525,59,466,31,435,225,210
26,98,142,17,125,5,120,74,46
26,99,423,58,365,20,345,136,209
26,100,360,69,291,20,271,134,137
26,101,148,18,130,8,122,64,58
26,102,122,15,107,6,101,38,63
26,103,298,67,231,19,212,90,122
26,104,68,3,65,11,54,36,18
26,105,68,13,55,3,52,29,23
26,106,686,77,609,59,550,241,309
26,107,421,58,363,20,343,162,181
26,108,5974,1078,4896,277,4619,2642,1977
26,110,404,38,366,30,336,139,197
26,111,71,7,64,5,59,33,26
26,112,160,27,133,9,124,59,65
26,113,3335,572,2763,139,2624,1701,923
26,114,2437,380,2057,124,1933,1210,723
26,115,422,66,356,25,331,189,142
26,116,3844,713,3131,244,2887,1301,1586
26,117,50,10,40,2,38,20,18
26,118,983,168,815,87,728,326,402
26,119,582,80,502,41,461,217,244
26,121,830,101,729,48,681,293,388
26,122,106,8,98,1,97,71,26
26,123,41,7,34,1,33,23,10
26,124,3674,586,3088,180,2908,1288,1620
26,125,945,99,846,74,772,436,336
26,126,80,12,68,1,67,45,22
26,127,93,14,79,9,70,44,26
26,128,63,10,53,4,49,33,16
26,129,646,84,562,30,532,197,335
26,130,35,5,30,6,24,10,14
26,131,119,15,104,3,101,56,45
26,133,139,15,124,6,118,79,39
26,134,63,11,52,3,49,29,20
26,135,114,11,103,12,91,37,54
26,136,53,4,49,4,45,34,11
26,137,137,13,124,6,118,72,46
26,138,1010,161,849,70,779,319,460
26,139,1610,202,1408,85,1323,540,783
26,140,463,63,400,34,366,173,193
26,141,154,16,138,5,133,98,35
26,142,123,13,110,4,106,80,26
26,143,630,120,510,32,478,233,245
26,144,1422,207,1215,105,1110,598,512
26,145,436,49,387,29,358,164,194
26,146,1356,185,1171,77,1094,483,611
26,147,35,5,30,1,29,11,18
26,148,1383,257,1126,73,1053,425,628
26,149,694,88,606,45,561,244,317
26,150,10,1,9,0,9,3,6
26,152,32,5,27,2,25,15,10
26,153,81,13,68,11,57,45,12
26,154,218,28,190,13,177,96,81
26,155,839,150,689,65,624,302,322
26,156,727,72,655,31,624,256,368
26,157,479,49,430,34,396,184,212
26,159,97,9,88,6,82,55,27
26,160,695,95,600,49,551,332,219
26,161,38,4,34,5,29,17,12
26,162,636,101,535,57,478,216,262
26,163,59,4,55,1,54,20,34
26,164,75,6,69,0,69,42,27
26,165,6493,1362,5131,389,4742,2240,2502
26,166,4164,834,3330,238,3092,1524,1568
26,167,389,58,331,24,307,177,130
26,168,447,51,396,28,368,194,174
26,169,1387,189,1198,108,1090,546,544
26,170,2778,406,2372,123,2249,1077,1172
26,171,142,21,121,12,109,61,48
26,172,454,63,391,31,360,159,201
26,173,589,80,509,16,493,195,298
26,174,687,114,573,49,524,232,292
26,175,149,15,134,21,113,93,20
26,176,1048,151,897,62,835,399,436
26,177,496,57,439,25,414,202,212
26,178,397,52,345,27,318,218,100
26,179,1643,249,1394,88,1306,510,796
26,180,178,21,157,11,146,74,72
26,181,195,21,174,7,167,75,92
26,182,1211,182,1029,66,963,459,504
26,183,746,107,639,47,592,351,241
26,184,218,41,177,16,161,76,85
26,185,435,60,375,19,356,185,171
26,186,53,2,51,2,49,29,20
26,187,92,15,77,3,74,43,31
26,188,878,146,732,33,699,344,355
26,189,113,15,98,9,89,62,27
26,190,86,16,70,3,67,50,17
26,191,1614,197,1417,92,1325,531,794
26,192,243,26,217,26,191,87,104
26,193,357,48,309,19,290,175,115
26,194,465,62,403,11,392,188,204
26,195,163,24,139,10,129,77,52
26,196,1207,156,1051,37,1014,450,564
26,197,2942,403,2539,157,2382,925,1457
26,198,25384,5387,19997,1229,18768,9004,9764
26,199,34,3,31,0,31,22,9
26,200,84,15,69,5,64,36,28
26,201,49,6,43,4,39,23,16
26,202,272,36,236,12,224,154,70
26,203,225,34,191,15,176,77,99
26,204,136,15,121,16,105,44,61
26,205,65,7,58,2,56,37,19
26,206,2151,282,1869,102,1767,905,862
26,207,435,51,384,33,351,132,219
26,208,1418,192,1226,86,1140,492,648
26,209,39,9,30,2,28,15,13
26,210,386,77,309,17,292,125,167
26,211,899,110,789,46,743,348,395
26,212,820,106,714,40,674,282,392
26,213,497,56,441,20,421,242,179
26,214,67,9,58,4,54,43,11
26,215,325,36,289,19,270,155,115
26,216,510,54,456,44,412,229,183
26,217,130,15,115,2,113,58,55
26,218,1971,222,1749,102,1647,712,935
26,219,288,38,250,19,231,112,119
26,220,5256,1098,4158,266,3892,2017,1875
26,221,90,17,73,0,73,28,45
26,222,33,4,29,1,28,20,8
26,223,450,74,376,17,359,167,192
26,224,173,22,151,10,141,78,63
26,225,424,61,363,26,337,135,202
26,226,338,57,281,17,264,124,140
26,227,17,0,17,1,16,14,2
26,228,16,7,9,0,9,5,4
26,229,85,12,73,8,65,30,35
26,231,1951,376,1575,79,1496,625,871
26,232,518,56,462,27,435,199,236
26,233,216,20,196,13,183,69,114
26,234,724,130,594,36,558,313,245
26,235,8981,1704,7277,497,6780,2870,3910
26,236,121,20,101,6,95,65,30
26,238,165,24,141,11,130,93,37
26,239,167,25,142,14,128,59,69
26,240,141,15,126,7,119,61,58
26,241,97,14,83,4,79,48,31
26,242,26,0,26,0,26,25,1
26,243,698,97,601,37,564,327,237
26,244,95,19,76,3,73,46,27
26,245,25,2,23,1,22,15,7
26,246,106,9,97,8,89,67,22
26,247,362,55,307,21,286,154,132
26,248,152,29,123,10,113,72,41
26,249,453,64,389,23,366,204,162
26,250,2170,333,1837,89,1748,776,972
26,251,328,37,291,18,273,143,130
26,252,7185,1240,5945,400,5545,3088,2457
26,253,66,18,48,2,46,31,15
26,254,29,5,24,3,21,11,10
26,255,31,3,28,1,27,20,7
26,256,69,6,63,5,58,39,19
26,257,327,38,289,19,270,136,134
26,258,653,84,569,53,516,294,222
26,259,231,32,199,8,191,91,100
26,261,326,53,273,24,249,134,115
26,262,183,14,169,18,151,94,57
26,263,120,18,102,8,94,51,43
26,264,268,35,233,23,210,85,125
26,266,35,6,29,1,28,18,10
26,267,20,0,20,3,17,14,3
26,268,103,17,86,11,75,49,26
26,269,87,27,60,4,56,33,23
26,270,127,18,109,6,103,44,59
26,271,2414,345,2069,122,1947,785,1162
26,272,274,49,225,20,205,120,85
26,273,747,92,655,55,600,285,315
26,274,11,2,9,0,9,2,7
26,275,1178,151,1027,75,952,312,640
26,276,327,38,289,19,270,138,132
26,277,143,24,119,7,112,70,42
26,278,244,41,203,11,192,133,59
26,279,71,13,58,5,53,29,24
26,281,21075,4598,16477,896,15581,8287,7294
26,282,180,14,166,8,158,88,70
26,283,27,4,23,0,23,17,6
26,284,323,52,271,14,257,95,162
26,285,253,17,236,18,218,102,116
26,286,32,11,21,2,19,15,4
26,287,339,45,294,22,272,111,161
26,288,261,51,210,6,204,112,92
26,289,999,161,838,47,791,527,264
26,290,336,58,278,16,262,113,149
26,291,56,9,47,2,45,33,12
26,292,184,27,157,9,148,80,68
26,293,212,35,177,20,157,71,86
26,294,492,61,431,26,405,177,228
26,295,1486,233,1253,111,1142,626,516
26,296,38,2,36,1,35,29,6
26,297,199,33,166,20,146,52,94
26,298,302,62,240,36,204,109,95
26,299,107,21,86,10,76,43,33
26,300,43,10,33,4,29,24,5
26,301,2764,524,2240,159,2081,962,1119
26,302,409,81,328,17,311,145,166
26,303,79,9,70,7,63,50,13
26,304,198,24,174,16,158,80,78
26,305,599,97,502,41,461,210,251
26,306,202,31,171,7,164,88,76
26,307,2115,293,1822,105,1717,840,877
26,308,147,12,135,9,126,78,48
26,309,199,20,179,12,167,92,75
26,310,117,22,95,9,86,38,48
26,311,870,140,730,58,672,356,316
26,312,979,152,827,65,762,312,450
26,313,4044,611,3433,210,3223,1407,1816
26,314,273,40,233,16,217,104,113
26,315,325,40,285,14,271,151,120
26,316,149,17,132,12,120,40,80
26,317,517,71,446,36,410,194,216
26,318,54,8,46,4,42,25,17
26,319,387,61,326,12,314,134,180
26,320,466,73,393,33,360,187,173
26,321,178,23,155,6,149,82,67
26,322,361,52,309,33,276,116,160
26,323,1245,192,1053,66,987,391,596
26,324,6641,1066,5575,347,5228,2279,2949
26,325,3638,719,2919,194,2725,1408,1317
26,326,1228,163,1065,58,1007,391,616
26,327,131,20,111,9,102,78,24
26,328,48,4,44,0,44,17,27
26,329,179,31,148,6,142,80,62
26,330,1531,269,1262,102,1160,561,599
26,331,366,44,322,9,313,139,174
26,332,1169,164,1005,63,942,524,418
26,333,2230,481,1749,104,1645,951,694
26,334,100,11,89,8,81,43,38
26,335,176,33,143,8,135,60,75
26,336,418,47,371,28,343,226,117
26,337,1243,196,1047,72,975,483,492
26,338,1526,192,1334,101,1233,641,592
26,339,1117,195,922,71,851,340,511
26,340,249,43,206,9,197,86,111
26,341,494,75,419,35,384,161,223
26,342,241,22,219,16,203,77,126
26,343,79,6,73,8,65,43,22
26,344,306,45,261,22,239,123,116
26,345,1463,180,1283,95,1188,435,753
26,346,239,27,212,15,197,117,80
26,347,3910,654,3256,207,3049,1499,1550
26,348,1201,135,1066,98,968,540,428
26,349,234,41,193,14,179,63,116
26,350,69,12,57,0,57,33,24
26,351,21,2,19,3,16,11,5
26,352,199,18,181,12,169,96,73
26,353,648,111,537,42,495,255,240
26,354,174,33,141,10,131,67,64
26,355,462,45,417,23,394,163,231
26,356,104,16,88,3,85,68,17
26,357,1381,205,1176,78,1098,488,610
26,358,1123,129,994,70,924,449,475
26,359,28,5,23,0,23,19,4
26,360,479,64,415,32,383,179,204
26,361,153,23,130,9,121,95,26
26,362,38951,8026,30925,1563,29362,15678,13684
26,363,34,4,30,1,29,23,6
26,364,289,44,245,18,227,112,115
26,365,493,48,445,14,431,199,232
26,366,231,29,202,18,184,88,96
26,367,571,67,504,36,468,239,229
26,368,268,40,228,6,222,143,79
26,369,59,6,53,3,50,37,13
26,370,121,19,102,9,93,44,49
26,371,44,1,43,1,42,16,26
26,372,44,3,41,2,39,15,24
26,373,209,36,173,10,163,98,65
26,374,29,5,24,5,19,10,9
26,375,18,2,16,1,15,6,9
26,376,96,11,85,3,82,37,45
26,377,933,113,820,40,780,388,392
26,378,40,2,38,2,36,15,21
26,379,772,115,657,28,629,235,394
26,380,387,49,338,37,301,155,146
26,381,580,63,517,25,492,173,319
26,382,373,48,325,15,310,127,183
27,1,195,27,168,14,154,75,79
27,2,356,75,281,16,265,100,165
27,3,1238,267,971,63,908,393,515
27,4,225,37,188,13,175,67,108
27,5,837,145,692,55,637,175,462
27,6,93,8,85,2,83,44,39
27,7,236,49,187,17,170,64,106
27,8,1102,129,973,71,902,596,306
27,9,423,94,329,14,315,137,178
27,10,157,29,128,10,118,59,59
27,11,677,115,562,40,522,258,264
27,12,315,55,260,26,234,99,135
27,13,401,57,344,22,322,170,152
27,14,602,108,494,29,465,206,259
27,15,815,130,685,43,642,289,353
27,16,5392,1228,4164,284,3880,1921,1959
27,17,954,156,798,38,760,347,413
27,18,743,109,634,41,593,275,318
27,19,135,19,116,7,109,36,73
27,20,1206,197,1009,40,969,443,526
27,21,227,17,210,14,196,70,126
27,22,3116,580,2536,182,2354,1303,1051
27,23,568,76,492,30,462,212,250
27,24,250,43,207,15,192,75,117
27,25,662,93,569,30,539,203,336
27,26,279,44,235,13,222,75,147
27,27,219,35,184,10,174,75,99
27,28,267,60,207,18,189,119,70
27,31,929,128,801,39,762,395,367
27,32,312,37,275,7,268,133,135
27,33,254,38,216,9,207,85,122
27,34,386,44,342,26,316,157,159
27,35,101,11,90,7,83,23,60
27,36,378,58,320,19,301,131,170
27,37,791,121,670,52,618,299,319
27,38,174,33,141,9,132,47,85
27,39,371,36,335,18,317,157,160
27,40,335,45,290,22,268,120,148
27,41,649,112,537,38,499,161,338
27,42,67,9,58,3,55,23,32
27,43,501,81,420,27,393,130,263
27,44,804,146,658,42,616,280,336
27,45,528,81,447,33,414,218,196
27,46,121,19,102,10,92,30,62
27,47,244,33,211,11,200,107,93
27,48,183,23,160,9,151,49,102
27,49,491,103,388,28,360,172,188
27,50,546,92,454,29,425,200,225
27,51,2009,342,1667,132,1535,709,826
27,52,327,37,290,16,274,107,167
27,53,192,36,156,9,147,77,70
27,54,381,47,334,24,310,154,156
27,55,224,45,179,17,162,49,113
27,56,7222,1443,5779,304,5475,2924,2551
27,57,201,31,170,11,159,67,92
27,58,277,57,220,12,208,71,137
27,59,257,54,203,15,188,70,118
27,60,212,30,182,12,170,53,117
27,61,237,43,194,16,178,76,102
27,62,640,112,528,36,492,247,245
27,63,129,14,115,14,101,30,71
27,64,436,65,371,22,349,198,151
27,65,2880,563,2317,154,2163,954,1209
27,66,188,28,160,20,140,67,73
27,67,1020,184,836,63,773,358,415
27,68,150,20,130,10,120,42,78
27,69,574,102,472,23,449,175,274
27,70,579,74,505,35,470,195,275
27,71,190,31,159,14,145,34,111
27,72,623,96,527,32,495,208,287
27,73,838,185,653,45,608,256,352
27,74,259,49,210,7,203,87,116
27,75,298,65,233,23,210,79,131
27,76,351,58,293,17,276,101,175
27,77,564,94,470,25,445,257,188
27,78,193,34,159,17,142,49,93
27,79,256,45,211,10,201,103,98
27,81,129,15,114,6,108,45,63
27,82,1531,215,1316,104,1212,686,526
27,83,169,27,142,9,133,69,64
27,84,228,42,186,8,178,88,90
27,85,305,49,256,25,231,124,107
27,88,113,26,87,3,84,29,55
27,89,347,55,292,24,268,123,145
27,90,2597,381,2216,165,2051,1078,973
27,91,485,67,418,20,398,186,212
27,92,444,62,382,24,358,182,176
27,93,270,42,228,7,221,104,117
27,94,105,17,88,11,77,31,46
27,95,376,49,327,18,309,138,171
27,96,265,57,208,12,196,68,128
27,97,586,93,493,22,471,264,207
27,98,72,10,62,4,58,11,47
27,99,480,54,426,24,402,175,227
27,100,708,107,601,42,559,288,271
27,101,307,56,251,8,243,99,144
27,102,770,89,681,47,634,303,331
27,103,2280,423,1857,120,1737,822,915
27,104,538,86,452,35,417,211,206
27,105,2229,328,1901,151,1750,945,805
27,106,335,44,291,16,275,116,159
27,107,708,104,604,40,564,283,281
27,108,900,142,758,54,704,282,422
27,109,255,40,215,10,205,100,105
27,110,421,82,339,28,311,136,175
27,111,131,20,111,3,108,40,68
27,112,2072,400,1672,93,1579,739,840
27,113,142,17,125,14,111,63,48
27,114,889,161,728,46,682,270,412
27,115,283,38,245,9,236,82,154
27,116,3060,713,2347,165,2182,1274,908
27,117,765,138,627,42,585,281,304
27,118,471,62,409,30,379,158,221
27,119,1101,208,893,55,838,347,491
27,120,276,39,237,18,219,113,106
27,121,273,44,229,17,212,88,124
27,122,250,49,201,15,186,71,115
27,123,315,74,241,10,231,79,152
27,124,197,41,156,5,151,50,101
27,125,505,81,424,31,393,187,206
27,126,836,133,703,58,645,356,289
27,127,492,71,421,24,397,176,221
27,128,178,32,146,15,131,77,54
27,129,465,67,398,23,375,137,238
27,130,320,43,277,13,264,102,162
27,131,186,27,159,7,152,53,99
27,132,662,98,564,29,535,258,277
27,133,800,98,702,45,657,325,332
27,134,145,24,121,15,106,49,57
27,135,313,45,268,23,245,100,145
27,136,225,29,196,5,191,66,125
27,137,237,32,205,15,190,71,119
27,138,323,71,252,15,237,81,156
27,139,133,31,102,6,96,25,71
27,140,333,47,286,17,269,116,153
27,141,65,12,53,1,52,17,35
27,142,139,14,125,12,113,29,84
27,143,37,5,32,9,23,7,16
27,144,202,27,175,9,166,76,90
27,145,79,9,70,5,65,20,45
27,146,247,38,209,13,196,65,131
27,147,425,66,359,21,338,158,180
27,148,308,53,255,19,236,82,154
27,149,67,14,53,2,51,19,32
27,150,833,157,676,38,638,267,371
27,151,1507,334,1173,65,1108,656,452
27,152,469,63,406,27,379,183,196
27,153,253,39,214,17,197,77,120
27,154,383,51,332,36,296,120,176
27,155,89,15,74,6,68,28,40
27,156,356,45,311,22,289,128,161
27,157,402,64,338,20,318,101,217
27,158,593,118,475,35,440,201,239
27,159,349,59,290,23,267,127,140
27,160,154,28,126,8,118,46,72
27,161,821,105,716,50,666,326,340
27,162,158,26,132,8,124,45,79
27,163,130,20,110,4,106,50,56
27,164,586,96,490,42,448,196,252
27,165,3299,664,2635,166,2469,1302,1167
27,166,668,108,560,45,515,239,276
27,167,441,83,358,17,341,183,158
27,168,161,24,137,7,130,29,101
27,169,676,124,552,24,528,268,260
27,170,851,184,667,43,624,283,341
27,171,317,35,282,11,271,88,183
27,172,382,56,326,25,301,108,193
27,173,66,5,61,2,59,27,32
27,174,994,132,862,67,795,404,391
27,175,262,35,227,15,212,95,117
27,176,142,27,115,3,112,66,46
27,177,432,91,341,23,318,116,202
27,179,525,103,422,29,393,155,238
27,180,1307,194,1113,108,1005,472,533
27,181,434,82,352,16,336,138,198
27,182,150,23,127,4,123,48,75
27,183,1617,353,1264,106,1158,538,620
27,184,117,16,101,8,93,29,64
27,185,304,34,270,22,248,98,150
27,187,192,32,160,14,146,40,106
27,188,932,133,799,45,754,312,442
27,189,349,45,304,24,280,81,199
27,190,194,35,159,11,148,53,95
27,191,785,124,661,43,618,263,355
27,192,447,60,387,19,368,183,185
27,193,1024,261,763,59,704,327,377
27,194,175,35,140,11,129,56,73
27,195,83,13,70,1,69,23,46
27,196,901,124,777,55,722,362,360
27,197,198,31,167,10,157,53,104
27,198,1348,276,1072,70,1002,394,608
27,199,460,89,371,21,350,166,184
27,200,122,22,100,6,94,37,57
27,201,173,24,149,4,145,72,73
27,202,368,62,306,26,280,136,144
27,203,411,76,335,12,323,127,196
27,204,223,31,192,11,181,91,90
27,205,297,49,248,15,233,145,88
27,206,310,64,246,18,228,99,129
27,207,469,68,401,31,370,150,220
27,208,133,17,116,6,110,36,74
27,209,433,55,378,26,352,163,189
27,210,313,54,259,15,244,98,146
27,211,449,60,389,31,358,135,223
27,212,85,15,70,6,64,31,33
27,213,750,104,646,37,609,272,337
27,214,507,102,405,33,372,160,212
27,215,268,42,226,16,210,91,119
27,216,397,38,359,17,342,155,187
27,217,408,56,352,17,335,135,200
27,218,989,165,824,64,760,304,456
27,219,351,54,297,22,275,124,151
27,220,250,50,200,14,186,56,130
27,221,256,46,210,17,193,64,129
27,222,172,17,155,12,143,62,81
27,223,296,43,253,19,234,123,111
27,224,367,67,300,29,271,120,151
27,225,293,52,241,23,218,92,126
27,226,2783,548,2235,150,2085,1048,1037
27,227,457,99,358,30,328,149,179
27,228,222,27,195,6,189,102,87
27,229,27680,6714,20966,1175,19791,11155,8636
27,230,2458,542,1916,128,1788,757,1031
27,231,330,50,280,14,266,70,196
27,232,222,49,173,10,163,58,105
27,233,579,88,491,37,454,182,272
27,234,239,32,207,14,193,80,113
27,235,124,23,101,16,85,28,57
27,237,142,24,118,12,106,34,72
27,238,759,97,662,58,604,251,353
27,239,333,40,293,11,282,111,171
27,240,219,37,182,7,175,69,106
27,241,153,22,131,5,126,42,84
27,242,735,129,606,64,542,227,315
27,243,526,90,436,20,416,171,245
27,244,337,34,303,22,281,142,139
27,245,245,39,206,17,189,77,112
27,246,1274,235,1039,58,981,533,448
27,247,267,51,216,22,194,98,96
27,248,143,29,114,5,109,46,63
27,249,772,97,675,45,630,282,348
27,250,534,85,449,31,418,172,246
27,251,422,74,348,33,315,155,160
27,252,264,37,227,11,216,85,131
27,253,326,56,270,20,250,120,130
27,254,673,121,552,28,524,195,329
27,255,206,37,169,9,160,68,92
27,256,408,62,346,27,319,125,194
27,257,317,43,274,13,261,115,146
27,258,344,52,292,23,269,90,179
27,259,65,6,59,5,54,19,35
27,260,423,83,340,38,302,150,152
27,261,365,54,311,21,290,120,170
27,262,680,139,541,43,498,175,323
27,263,500,71,429,37,392,177,215
27,264,131,18,113,7,106,24,82
27,265,854,121,733,58,675,312,363
27,266,242,54,188,16,172,104,68
27,267,309,44,265,14,251,144,107
27,268,275,35,240,16,224,95,129
27,269,167,18,149,9,140,56,84
27,270,398,83,315,22,293,118,175
27,271,233,44,189,11,178,54,124
27,273,304,53,251,8,243,69,174
27,274,300,55,245,12,233,108,125
27,275,4247,977,3270,195,3075,1688,1387
27,276,268,37,231,18,213,101,112
27,277,428,67,361,27,334,153,181
27,278,1239,206,1033,77,956,406,550
27,279,2521,614,1907,161,1746,719,1027
27,280,360,50,310,21,289,106,183
27,281,211,40,171,16,155,61,94
27,282,435,62,373,22,351,156,195
27,283,213,35,178,16,162,56,106
27,284,7689,1806,5883,418,5465,2894,2571
27,285,409,49,360,12,348,130,218
27,286,236,41,195,13,182,56,126
27,287,687,95,592,37,555,280,275
27,288,379,54,325,11,314,192,122
27,289,149,28,121,4,117,47,70
27,290,584,70,514,51,463,216,247
27,291,127,17,110,8,102,32,70
27,292,187,40,147,6,141,64,77
27,293,254,48,206,16,190,94,96
27,294,409,59,350,27,323,169,154
27,295,375,46,329,17,312,130,182
27,296,170,32,138,7,131,57,74
27,297,278,42,236,24,212,83,129
27,298,239,44,195,17,178,77,101
27,299,2675,461,2214,133,2081,1112,969
27,300,392,64,328,31,297,125,172
27,301,777,99,678,50,628,238,390
27,302,720,121,599,51,548,248,300
27,303,67,7,60,7,53,24,29
27,304,171,34,137,10,127,60,67
27,305,566,90,476,41,435,202,233
27,306,2143,388,1755,89,1666,842,824
27,307,320,45,275,20,255,101,154
27,308,191,38,153,9,144,50,94
27,309,352,54,298,17,281,92,189
27,310,336,67,269,27,242,100,142
27,311,655,115,540,23,517,244,273
27,312,228,37,191,10,181,78,103
27,313,403,62,341,27,314,147,167
27,315,222,28,194,13,181,74,107
27,316,992,135,857,52,805,395,410
27,317,349,64,285,24,261,129,132
27,318,219,31,188,12,176,87,89
27,319,220,23,197,17,180,107,73
27,320,225,48,177,10,167,73,94
27,321,123,20,103,0,103,36,67
27,322,1138,164,974,55,919,477,442
27,323,199,24,175,11,164,56,108
27,324,413,55,358,27,331,145,186
27,325,93,16,77,8,69,32,37
27,326,300,54,246,15,231,58,173
27,327,196,24,172,23,149,59,90
27,329,631,120,511,45,466,199,267
27,330,121,23,98,8,90,50,40
27,331,357,68,289,9,280,103,177
27,332,626,100,526,26,500,218,282
27,333,468,86,382,39,343,164,179
27,334,86,7,79,2,77,32,45
27,335,789,114,675,49,626,254,372
27,336,210,25,185,6,179,57,122
27,337,339,54,285,27,258,98,160
27,338,493,77,416,36,380,195,185
27,339,618,80,538,23,515,214,301
27,340,494,67,427,31,396,198,198
27,341,81,20,61,3,58,19,39
27,342,160,42,118,12,106,41,65
27,343,1041,142,899,42,857,323,534
27,344,93,21,72,5,67,26,41
27,345,203,25,178,10,168,67,101
27,346,165,36,129,17,112,52,60
27,347,574,91,483,22,461,209,252
27,348,1098,148,950,55,895,450,445
27,349,663,79,584,36,548,287,261
27,350,709,118,591,48,543,222,321
27,351,1107,168,939,45,894,439,455
27,353,332,64,268,14,254,111,143
27,354,387,71,316,22,294,130,164
27,355,1728,379,1349,89,1260,528,732
27,356,221,36,185,17,168,98,70
27,358,461,73,388,23,365,109,256
27,359,157,29,128,14,114,42,72
27,360,224,54,170,24,146,67,79
27,361,234,26,208,8,200,71,129
27,362,259,47,212,14,198,101,97
27,363,150,20,130,4,126,57,69
27,364,175,18,157,18,139,71,68
27,365,1549,383,1166,62,1104,641,463
27,366,164,26,138,7,131,73,58
27,367,1051,202,849,41,808,306,502
27,368,237,45,192,19,173,57,116
27,369,71,10,61,3,58,20,38
27,370,269,29,240,21,219,110,109
27,371,138,31,107,8,99,40,59
27,372,426,104,322,32,290,154,136
27,373,120,14,106,6,100,30,70
27,374,414,84,330,30,300,126,174
27,375,11348,3085,8263,465,7798,4366,3432
27,376,198,27,171,8,163,53,110
27,377,650,112,538,31,507,199,308
27,378,998,196,802,46,756,314,442
27,379,321,63,258,10,248,111,137
27,380,175,21,154,9,145,69,76
27,381,117,21,96,8,88,40,48
27,382,237,20,217,18,199,99,100
27,383,331,52,279,17,262,113,149
27,384,409,60,349,15,334,135,199
27,385,1095,221,874,73,801,415,386
27,386,780,139,641,39,602,371,231
27,387,237,36,201,9,192,65,127
27,388,389,63,326,18,308,118,190
27,389,283,54,229,24,205,75,130
27,390,664,79,585,42,543,190,353
27,391,1059,187,872,55,817,327,490
27,392,115,19,96,2,94,44,50
27,393,289,58,231,13,218,95,123
27,394,336,26,310,22,288,114,174
27,395,81,13,68,6,62,25,37
27,396,337,51,286,20,266,127,139
27,397,1214,238,976,68,908,349,559
27,398,993,110,883,54,829,384,445
27,399,41,6,35,0,35,13,22
27,400,280,35,245,18,227,79,148
27,401,146,8,138,9,129,64,65
27,402,48,2,46,2,44,9,35
27,403,230,39,191,19,172,60,112
27,404,82,13,69,6,63,29,34
27,405,135,24,111,12,99,48,51
27,406,779,162,617,46,571,292,279
27,407,234,33,201,12,189,49,140
27,408,471,50,421,26,395,131,264
27,410,367,59,308,15,293,110,183
27,411,158,22,136,9,127,50,77
27,412,813,117,696,56,640,336,304
27,413,611,132,479,33,446,242,204
27,414,586,121,465,26,439,192,247
27,415,338,50,288,25,263,94,169
27,416,707,107,600,33,567,212,355
27,417,466,90,376,39,337,134,203
27,418,88,17,71,5,66,18,48
27,419,531,105,426,32,394,153,241
27,420,119,10,109,6,103,40,63
27,421,465,85,380,22,358,143,215
27,422,735,116,619,29,590,282,308
27,423,682,118,564,41,523,219,304
27,424,274,41,233,17,216,83,133
27,425,936,192,744,51,693,419,274
27,426,996,181,815,43,772,310,462
27,427,363,77,286,17,269,107,162
27,428,2881,678,2203,163,2040,879,1161
27,429,115,8,107,5,102,32,70
27,430,229,40,189,12,177,73,104
27,431,410,65,345,24,321,145,176
27,432,424,64,360,26,334,207,127
27,433,133,33,100,10,90,42,48
27,434,46,3,43,3,40,13,27
27,435,152,16,136,9,127,57,70
27,436,316,65,251,16,235,100,135
27,437,248,56,192,15,177,83,94
27,438,1392,305,1087,64,1023,473,550
27,439,886,129,757,51,706,309,397
27,440,598,73,525,39,486,203,283
27,441,64,9,55,4,51,19,32
27,442,189,34,155,2,153,58,95
27,444,203,30,173,8,165,54,111
27,445,142,25,117,6,111,44,67
27,446,358,54,304,28,276,127,149
27,447,358,54,304,17,287,134,153
27,448,3308,539,2769,154,2615,1030,1585
27,449,337,30,307,27,280,115,165
27,451,260,37,223,20,203,104,99
27,452,313,47,266,22,244,146,98
27,453,1386,269,1117,58,1059,580,479
27,454,330,57,273,14,259,131,128
27,455,138,20,118,5,113,48,65
27,456,684,104,580,34,546,259,287
27,457,540,96,444,38,406,150,256
27,458,1646,282,1364,93,1271,820,451
27,459,64,1,63,6,57,19,38
27,460,151,17,134,3,131,41,90
27,462,107,11,96,8,88,35,53
27,463,533,79,454,38,416,175,241
27,464,640,88,552,19,533,243,290
27,465,332,64,268,13,255,97,158
27,466,216,45,171,9,162,81,81
27,467,5797,1563,4234,251,3983,2328,1655
27,468,431,94,337,29,308,182,126
27,469,3003,575,2428,149,2279,1250,1029
27,470,749,122,627,47,580,327,253
27,471,117,15,102,3,99,39,60
27,472,190,29,161,9,152,75,77
27,473,751,86,665,36,629,296,333
27,474,867,129,738,37,701,327,374
27,475,145,23,122,13,109,48,61
27,476,328,32,296,9,287,155,132
27,477,611,85,526,24,502,210,292
27,478,730,95,635,46,589,244,345
27,480,417,65,352,16,336,157,179
27,481,301,45,256,18,238,71,167
27,482,110,26,84,2,82,31,51
27,483,318,47,271,14,257,93,164
27,484,93,16,77,11,66,23,43
27,485,685,143,542,47,495,289,206
27,486,481,92,389,39,350,135,215
27,487,470,90,380,23,357,190,167
27,488,161,16,145,7,138,63,75
27,489,415,80,335,21,314,124,190
27,490,164,25,139,16,123,56,67
27,491,228,41,187,5,182,33,149
27,492,254,53,201,6,195,97,98
27,493,2227,371,1856,141,1715,957,758
27,495,190,34,156,12,144,50,94
27,496,411,58,353,39,314,127,187
27,497,731,110,621,34,587,271,316
27,498,235,23,212,15,197,95,102
27,499,159,22,137,13,124,47,77
27,500,952,161,791,52,739,311,428
27,501,204,41,163,7,156,57,99
27,502,1641,387,1254,74,1180,618,562
27,503,223,31,192,12,180,55,125
27,504,754,94,660,36,624,243,381
27,505,124,9,115,10,105,28,77
27,506,257,55,202,12,190,86,104
27,507,2380,589,1791,112,1679,787,892
27,508,138,22,116,7,109,43,66
27,510,374,44,330,31,299,107,192
27,511,531,91,440,21,419,181,238
27,512,271,34,237,17,220,64,156
27,513,107,16,91,5,86,17,69
27,514,312,52,260,24,236,81,155
27,515,223,36,187,12,175,70,105
27,516,687,115,572,25,547,244,303
27,517,1381,202,1179,72,1107,458,649
27,518,443,59,384,34,350,167,183
27,519,222,43,179,14,165,57,108
27,520,98,7,91,3,88,35,53
27,521,125,12,113,6,107,37,70
27,522,307,40,267,16,251,122,129
27,523,298,50,248,23,225,109,116
27,524,524,99,425,37,388,155,233
27,525,229,38,191,8,183,77,106
27,526,197,31,166,16,150,54,96
27,527,173,28,145,10,135,61,74
27,528,2729,503,2226,116,2110,1010,1100
27,529,348,57,291,15,276,149,127
27,530,91,13,78,8,70,15,55
27,531,170,17,153,9,144,59,85
27,532,140,17,123,3,120,38,82
27,533,446,90,356,23,333,112,221
27,534,629,70,559,40,519,277,242
27,535,383,64,319,21,298,142,156
27,536,369,51,318,15,303,144,159
27,537,552,99,453,25,428,215,213
27,538,401,47,354,30,324,176,148
27,539,310,62,248,20,228,105,123
27,540,491,108,383,35,348,133,215
27,541,96,11,85,6,79,41,38
27,542,571,92,479,26,453,252,201
27,543,654,103,551,43,508,200,308
27,544,157,27,130,5,125,55,70
27,545,118,14,104,3,101,28,73
27,546,168,21,147,8,139,61,78
27,547,610,89,521,29,492,181,311
27,548,954,194,760,62,698,309,389
27,549,1207,234,973,47,926,496,430
27,550,256,31,225,16,209,106,103
27,551,60,4,56,4,52,15,37
27,552,181,27,154,11,143,46,97
27,553,321,63,258,21,237,101,136
27,554,1057,186,871,44,827,324,503
27,555,185,27,158,8,150,42,108
27,556,61,15,46,3,43,23,20
27,557,383,63,320,20,300,152,148
27,558,105,17,88,6,82,44,38
27,560,216,19,197,13,184,65,119
27,561,444,84,360,27,333,135,198
27,562,3320,492,2828,154,2674,1286,1388
27,563,612,103,509,26,483,238,245
27,564,283,53,230,19,211,71,140
27,565,348,51,297,29,268,96,172
27,566,102,17,85,6,79,35,44
27,567,174,10,164,16,148,62,86
27,568,358,38,320,22,298,147,151
27,569,209,33,176,8,168,62,106
27,570,77,8,69,9,60,18,42
27,571,223,27,196,18,178,88,90
27,572,192,35,157,11,146,71,75
27,573,131,26,105,6,99,27,72
27,574,249,55,194,17,177,78,99
27,576,424,50,374,33,341,136,205
27,577,354,41,313,27,286,129,157
27,578,188,22,166,8,158,60,98
27,579,74,6,68,8,60,31,29
27,580,1698,263,1435,95,1340,700,640
27,581,274,49,225,23,202,90,112
27,582,1241,162,1079,72,1007,488,519
27,584,187,24,163,13,150,79,71
27,586,127,13,114,9,105,48,57
27,587,624,97,527,23,504,321,183
27,588,832,111,721,46,675,284,391
27,589,793,137,656,25,631,277,354
27,590,156,23,133,7,126,52,74
27,591,489,67,422,34,388,142,246
27,592,213,39,174,6,168,85,83
27,593,1029,149,880,57,823,427,396
27,594,202,43,159,6,153,88,65
27,595,651,81,570,47,523,267,256
27,596,106,17,89,2,87,25,62
27,597,406,59,347,16,331,165,166
27,598,918,145,773,47,726,370,356
27,599,727,122,605,49,556,213,343
27,600,202,38,164,8,156,68,88
27,601,277,52,225,13,212,86,126
27,602,3356,509,2847,158,2689,1351,1338
27,603,236,33,203,21,182,92,90
27,604,124,11,113,4,109,59,50
27,605,198,23,175,13,162,55,107
27,606,304,35,269,20,249,131,118
27,607,186,26,160,9,151,75,76
27,608,356,50,306,24,282,114,168
27,609,245,40,205,18,187,76,111
27,610,57,7,50,5,45,17,28
27,611,208,27,181,2,179,77,102
27,612,255,33,222,14,208,66,142
27,613,231,41,190,14,176,73,103
27,614,107,21,86,4,82,29,53
27,615,153,21,132,3,129,63,66
27,616,1518,218,1300,83,1217,564,653
27,617,326,56,270,25,245,96,149
27,618,303,45,258,24,234,79,155
27,620,355,59,296,15,281,132,149
27,621,106,14,92,7,85,28,57
27,622,1523,283,1240,82,1158,744,414
27,623,310,33,277,20,257,109,148
27,624,673,89,584,49,535,229,306
27,625,200,32,168,15,153,74,79
27,626,277,36,241,25,216,121,95
27,627,184,28,156,9,147,53,94
27,628,233,48,185,12,173,68,105
27,629,1302,242,1060,53,1007,418,589
27,630,202,22,180,13,167,58,109
27,631,225,27,198,13,185,99,86
27,632,260,34,226,17,209,80,129
27,633,393,120,273,21,252,122,130
27,634,230,34,196,6,190,64,126
27,635,113,15,98,6,92,30,62
27,636,465,40,425,32,393,225,168
27,637,256,43,213,13,200,99,101
27,638,1631,154,1477,115,1362,690,672
27,639,364,55,309,29,280,152,128
27,640,152,33,119,11,108,53,55
27,641,163,23,140,13,127,65,62
27,642,271,34,237,13,224,108,116
27,643,868,223,645,43,602,280,322
27,644,366,35,331,19,312,119,193
27,645,102,11,91,9,82,45,37
27,646,294,55,239,17,222,91,131
27,647,460,99,361,39,322,127,195
27,648,323,46,277,15,262,122,140
27,649,261,40,221,19,202,92,110
27,650,288,38,250,13,237,95,142
27,651,127,17,110,3,107,34,73
27,652,256,38,218,11,207,106,101
27,653,672,123,549,41,508,204,304
27,654,712,104,608,48,560,295,265
27,655,520,74,446,24,422,211,211
27,656,958,173,785,63,722,363,359
27,657,118,11,107,3,104,48,56
27,658,230,28,202,19,183,68,115
27,659,75,10,65,4,61,23,38
27,660,201,28,173,11,162,75,87
27,661,358,42,316,22,294,151,143
27,662,258,31,227,12,215,98,117
27,663,117,7,110,6,104,45,59
27,664,411,61,350,23,327,129,198
27,665,606,99,507,33,474,234,240
27,666,429,69,360,29,331,154,177
27,667,270,21,249,14,235,103,132
27,668,613,130,483,39,444,182,262
27,669,242,53,189,8,181,88,93
27,670,789,135,654,55,599,352,247
27,671,109,18,91,2,89,39,50
27,672,243,32,211,20,191,100,91
27,673,155,15,140,6,134,49,85
27,674,209,28,181,6,175,42,133
27,676,687,134,553,55,498,237,261
27,677,234,37,197,19,178,74,104
27,678,856,158,698,59,639,318,321
27,679,4548,1063,3485,189,3296,1458,1838
27,680,177,41,136,12,124,43,81
27,681,14995,3472,11523,579,10944,5443,5501
27,682,485,66,419,35,384,158,226
27,683,165,25,140,14,126,56,70
27,684,542,86,456,32,424,194,230
27,685,477,101,376,30,346,134,212
27,686,60,4,56,4,52,24,28
27,687,137,19,118,16,102,52,50
27,688,77,9,68,4,64,23,41
27,689,223,24,199,18,181,73,108
27,690,218,37,181,13,168,70,98
27,691,589,109,480,40,440,172,268
27,692,141,17,124,8,116,49,67
27,693,860,103,757,40,717,281,436
27,694,283,51,232,10,222,103,119
27,695,186,33,153,4,149,61,88
27,696,684,125,559,48,511,206,305
27,697,260,29,231,14,217,65,152
27,698,380,41,339,25,314,152,162
27,699,97,21,76,6,70,25,45
27,700,402,49,353,32,321,139,182
27,701,7329,2376,4953,279,4674,3298,1376
28,1,1471,222,1249,72,1177,459,718
28,2,239,44,195,17,178,64,114
28,3,110,15,95,6,89,34,55
28,4,229,52,177,10,167,92,75
28,5,543,83,460,29,431,238,193
28,6,1425,186,1239,69,1170,584,586
28,7,2041,428,1613,87,1526,566,960
28,8,132,25,107,10,97,23,74
28,9,56,7,49,2,47,17,30
28,10,281,50,231,15,216,82,134
28,12,1353,254,1099,69,1030,415,615
28,13,1023,198,825,56,769,366,403
28,14,442,65,377,30,347,154,193
28,15,2468,472,1996,119,1877,920,957
28,16,122,24,98,7,91,30,61
28,17,197,34,163,10,153,48,105
28,18,929,153,776,43,733,262,471
28,19,144,22,122,7,115,32,83
28,20,109,16,93,7,86,36,50
28,21,1121,186,935,61,874,415,459
28,22,906,168,738,60,678,279,399
28,23,979,140,839,55,784,315,469
28,24,1215,139,1076,72,1004,505,499
28,25,80,19,61,5,56,22,34
28,26,188,28,160,12,148,44,104
28,27,1006,172,834,63,771,222,549
28,28,175,21,154,10,144,54,90
28,29,246,32,214,9,205,75,130
28,30,241,44,197,21,176,70,106
28,31,348,56,292,15,277,87,190
28,32,223,23,200,19,181,87,94
28,33,558,83,475,45,430,179,251
28,34,573,102,471,27,444,185,259
28,35,710,74,636,32,604,261,343
28,36,601,68,533,33,500,184,316
28,37,271,45,226,12,214,105,109
28,38,119,8,111,5,106,49,57
28,39,1073,163,910,85,825,365,460
28,40,215,33,182,10,172,93,79
28,41,150,15,135,11,124,60,64
28,44,90,21,69,6,63,24,39
28,45,194,23,171,8,163,67,96
28,46,407,48,359,18,341,120,221
28,47,504,98,406,46,360,172,188
28,48,433,56,377,28,349,150,199
28,49,178,19,159,6,153,58,95
28,50,219,21,198,11,187,75,112
28,51,3141,483,2658,207,2451,1221,1230
28,52,593,89,504,43,461,213,248
28,53,178,19,159,6,153,48,105
28,54,305,53,252,20,232,93,139
28,55,369,35,334,27,307,117,190
28,56,1300,196,1104,60,1044,382,662
28,57,395,77,318,20,298,117,181
28,58,278,31,247,8,239,90,149
28,59,1040,223,817,48,769,308,461
28,60,121,13,108,8,100,50,50
28,61,2597,527,2070,163,1907,853,1054
28,62,654,105,549,24,525,216,309
28,63,397,68,329,27,302,141,161
28,64,1394,213,1181,58,1123,452,671
28,65,106,13,93,6,87,29,58
28,66,170,18,152,9,143,65,78
28,67,69,8,61,6,55,15,40
28,68,305,49,256,17,239,130,109
28,69,183,27,156,8,148,55,93
28,70,2688,391,2297,141,2156,1119,1037
28,71,409,75,334,19,315,125,190
28,72,354,52,302,22,280,104,176
28,73,255,41,214,20,194,69,125
28,74,191,25,166,11,155,67,88
28,75,782,119,663,58,605,282,323
28,76,125,17,108,1,107,30,77
28,77,147,12,135,7,128,38,90
28,78,158,14,144,13,131,37,94
28,79,276,47,229,13,216,70,146
28,80,220,38,182,14,168,51,117
28,81,213,30,183,7,176,78,98
28,82,375,43,332,18,314,113,201
28,83,100,16,84,8,76,35,41
28,84,539,61,478,44,434,205,229
28,85,25067,5809,19258,915,18343,9556,8787
28,86,252,50,202,12,190,71,119
28,87,204,33,171,6,165,46,119
28,88,8251,1872,6379,381,5998,3032,2966
28,89,1626,309,1317,88,1229,545,684
28,90,90,14,76,4,72,25,47
28,91,112,9,103,6,97,43,54
28,92,160,27,133,14,119,37,82
28,93,586,123,463,35,428,189,239
28,94,1083,152,931,50,881,402,479
28,95,207,28,179,18,161,76,85
28,96,768,176,592,38,554,217,337
28,98,1312,217,1095,74,1021,440,581
28,99,762,120,642,38,604,287,317
28,100,300,45,255,13,242,83,159
28,101,263,55,208,12,196,93,103
28,102,518,109,409,33,376,167,209
28,103,2149,389,1760,145,1615,667,948
28,104,648,117,531,31,500,209,291
28,105,365,51,314,19,295,150,145
28,106,324,49,275,12,263,115,148
28,107,339,49,290,22,268,118,150
28,108,148,19,129,6,123,57,66
28,109,225,26,199,10,189,78,111
28,110,2949,490,2459,137,2322,1072,1250
28,111,284,61,223,12,211,73,138
28,112,291,37,254,16,238,92,146
28,113,1100,233,867,50,817,365,452
28,114,112,5,107,8,99,37,62
28,115,376,68,308,28,280,132,148
28,116,1761,309,1452,71,1381,627,754
28,117,209,24,185,3,182,81,101
28,118,368,77,291,21,270,99,171
28,119,152,18,134,4,130,60,70
28,120,463,79,384,31,353,117,236
28,121,71,9,62,3,59,23,36
28,122,1198,198,1000,58,942,403,539
28,123,409,58,351,23,328,114,214
28,124,552,109,443,22,421,146,275
28,126,167,20,147,12,135,60,75
28,127,721,136,585,45,540,194,346
28,128,305,38,267,23,244,121,123
28,129,538,96,442,41,401,200,201
28,130,731,117,614,43,571,206,365
28,132,486,72,414,40,374,198,176
28,133,389,41,348,34,314,149,165
28,134,16696,4666,12030,495,11535,7242,4293
28,135,900,129,771,30,741,346,395
28,136,148,21,127,1,126,67,59
28,137,578,92,486,26,460,223,237
28,139,131,15,116,12,104,57,47
28,140,3634,804,2830,198,2632,1385,1247
28,141,209,19,190,10,180,76,104
28,142,129,18,111,7,104,51,53
28,143,186,26,160,13,147,46,101
28,144,162,30,132,13,119,50,69
28,145,246,32,214,20,194,58,136
28,146,647,113,534,21,513,201,312
28,147,420,86,334,13,321,131,190
28,148,266,57,209,7,202,81,121
28,149,577,123,454,28,426,170,256
28,150,301,62,239,13,226,87,139
28,151,113,18,95,4,91,35,56
28,153,178,18,160,11,149,78,71
28,154,1042,139,903,57,846,377,469
28,155,185,36,149,6,143,46,97
28,156,723,119,604,48,556,248,308
28,157,140,14,126,10,116,41,75
28,158,708,95,613,51,562,238,324
28,159,300,73,227,17,210,97,113
28,160,545,92,453,28,425,202,223
28,161,428,60,368,19,349,122,227
28,162,264,48,216,24,192,73,119
28,163,167,34,133,7,126,36,90
28,164,513,97,416,15,401,165,236
28,165,410,98,312,23,289,125,164
28,166,189,30,159,16,143,70,73
28,167,271,52,219,16,203,71,132
28,168,2398,517,1881,105,1776,858,918
28,169,169,23,146,12,134,54,80
28,170,218,44,174,19,155,81,74
28,171,676,97,579,43,536,222,314
28,172,562,68,494,36,458,201,257
28,173,918,130,788,47,741,325,416
28,175,141,25,116,9,107,56,51
28,176,453,62,391,23,368,164,204
28,177,412,65,347,20,327,96,231
28,178,227,32,195,19,176,47,129
28,179,194,23,171,8,163,50,113
28,180,386,52,334,20,314,131,183
28,182,228,34,194,11,183,63,120
28,183,376,55,321,20,301,121,180
28,184,221,30,191,11,180,86,94
28,185,658,117,541,32,509,202,307
28,187,482,79,403,37,366,142,224
28,188,615,125,490,34,456,178,278
28,189,148,21,127,8,119,47,72
28,190,337,62,275,17,258,111,147
28,191,1925,282,1643,93,1550,749,801
28,192,218,25,193,12,181,72,109
28,193,101,8,93,2,91,35,56
28,194,370,69,301,20,281,111,170
28,195,565,70,495,28,467,242,225
28,196,2432,576,1856,123,1733,851,882
28,197,100,9,91,3,88,29,59
28,198,603,71,532,26,506,230,276
28,199,1125,211,914,54,860,348,512
28,200,247,46,201,13,188,61,127
28,201,1453,207,1246,59,1187,536,651
28,202,289,48,241,15,226,75,151
28,203,467,83,384,19,365,170,195
28,204,255,44,211,14,197,87,110
28,205,427,75,352,31,321,110,211
28,206,489,85,404,20,384,163,221
28,207,142,27,115,5,110,43,67
28,208,304,52,252,22,230,85,145
28,209,3739,703,3036,189,2847,1449,1398
28,210,169,25,144,8,136,42,94
28,211,437,66,371,26,345,140,205
28,212,159,14,145,8,137,39,98
28,213,392,57,335,22,313,108,205
28,214,2172,479,1693,84,1609,771,838
28,215,226,26,200,24,176,81,95
28,216,151,14,137,12,125,44,81
28,217,140,27,113,9,104,28,76
28,218,10611,2773,7838,525,7313,4098,3215
28,219,311,65,246,11,235,61,174
28,220,5084,759,4325,233,4092,1876,2216
28,221,152,31,121,6,115,33,82
28,222,292,27,265,25,240,111,129
28,223,1052,135,917,48,869,489,380
28,224,320,35,285,24,261,117,144
28,225,491,103,388,30,358,173,185
28,226,734,130,604,31,573,231,342
28,227,3341,738,2603,153,2450,1253,1197
28,229,6735,1673,5062,270,4792,2745,2047
28,230,235,39,196,10,186,77,109
28,231,130,24,106,5,101,39,62
28,232,434,80,354,23,331,133,198
28,233,857,127,730,48,682,318,364
28,234,357,61,296,25,271,118,153
28,235,222,34,188,15,173,58,115
28,236,1054,163,891,51,840,346,494
28,237,210,24,186,10,176,55,121
28,239,683,114,569,27,542,206,336
28,240,396,49,347,18,329,142,187
28,241,203,22,181,11,170,47,123
28,242,76,10,66,4,62,26,36
28,243,164,18,146,10,136,59,77
28,245,258,26,232,12,220,92,128
28,246,349,64,285,23,262,96,166
28,247,396,56,340,10,330,126,204
28,248,258,41,217,19,198,73,125
28,249,477,65,412,30,382,191,191
28,250,103,22,81,5,76,34,42
28,251,785,152,633,35,598,249,349
28,252,186,39,147,10,137,60,77
28,253,652,87,565,46,519,220,299
28,254,364,73,291,21,270,135,135
28,255,100,28,72,7,65,22,43
28,256,392,66,326,17,309,168,141
28,257,65,11,54,3,51,14,37
28,258,279,41,238,12,226,92,134
28,259,233,35,198,7,191,71,120
28,260,82,4,78,2,76,38,38
28,261,460,101,359,26,333,140,193
28,262,412,71,341,28,313,144,169
28,263,206,27,179,14,165,63,102
28,264,122,20,102,5,97,45,52
28,265,213,33,180,11,169,76,93
28,267,383,54,329,27,302,112,190
28,268,28,4,24,5,19,9,10
28,269,1392,262,1130,52,1078,427,651
28,270,167,22,145,8,137,67,70
28,271,114,13,101,2,99,31,68
28,272,130,7,123,8,115,48,67
28,273,133,21,112,10,102,22,80
28,274,181,28,153,17,136,42,94
28,275,524,89,435,20,415,192,223
28,276,130,20,110,2,108,43,65
28,277,279,43,236,15,221,76,145
28,278,965,138,827,55,772,323,449
28,279,2572,495,2077,122,1955,874,1081
28,280,7063,1177,5886,376,5510,2679,2831
28,281,382,71,311,23,288,123,165
28,282,328,38,290,26,264,125,139
28,283,232,28,204,16,188,86,102
28,284,227,36,191,11,180,54,126
28,285,258,37,221,9,212,75,137
28,286,410,62,348,32,316,136,180
28,287,686,106,580,27,553,183,370
28,288,32,6,26,1,25,2,23
28,289,180,21,159,15,144,68,76
28,290,188,24,164,8,156,67,89
28,291,420,91,329,22,307,154,153
28,292,593,87,506,35,471,190,281
28,293,782,135,647,55,592,277,315
28,294,339,52,287,24,263,104,159
28,295,287,49,238,19,219,94,125
28,296,231,24,207,21,186,90,96
28,297,181,40,141,19,122,54,68
28,298,2023,317,1706,123,1583,809,774
28,299,117,16,101,11,90,34,56
28,300,99,19,80,4,76,24,52
28,301,282,38,244,17,227,110,117
28,302,724,130,594,47,547,279,268
28,303,89,16,73,3,70,19,51
28,304,288,39,249,16,233,99,134
28,305,242,26,216,16,200,95,105
28,306,129,13,116,13,103,33,70
28,308,166,29,137,11,126,56,70
28,309,779,140,639,44,595,281,314
28,310,235,38,197,5,192,75,117
28,311,283,65,218,14,204,72,132
28,312,88,15,73,5,68,14,54
28,313,112,14,98,8,90,32,58
28,314,135,20,115,11,104,26,78
28,315,37,3,34,1,33,8,25
28,316,134,21,113,4,109,33,76
28,317,308,38,270,16,254,107,147
28,318,306,48,258,15,243,111,132
28,319,313,46,267,16,251,100,151
28,320,163,33,130,6,124,56,68
28,321,641,93,548,43,505,234,271
28,322,362,57,305,19,286,115,171
28,323,238,48,190,18,172,66,106
28,324,657,113,544,25,519,242,277
28,325,699,96,603,36,567,291,276
28,326,253,25,228,17,211,80,131
28,327,157,21,136,6,130,51,79
28,329,142,7,135,9,126,47,79
28,330,176,34,142,10,132,50,82
28,331,463,62,401,29,372,140,232
28,332,685,86,599,20,579,262,317
28,333,109,21,88,1,87,33,54
28,334,1406,198,1208,87,1121,509,612
28,335,711,111,600,42,558,241,317
28,336,91,13,78,8,70,31,39
28,337,1837,226,1611,117,1494,730,764
28,339,244,39,205,4,201,93,108
28,340,469,70,399,36,363,164,199
28,341,185,32,153,16,137,64,73
28,342,257,31,226,10,216,83,133
28,343,366,52,314,19,295,135,160
28,344,204,40,164,6,158,77,81
28,346,61,8,53,4,49,22,27
28,347,612,79,533,41,492,204,288
28,348,2732,602,2130,143,1987,1003,984
28,349,224,22,202,13,189,72,117
28,350,706,100,606,38,568,255,313
28,351,344,55,289,22,267,85,182
28,352,1077,150,927,76,851,363,488
28,353,322,48,274,20,254,136,118
28,354,249,42,207,11,196,85,111
28,355,263,39,224,14,210,73,137
28,356,277,51,226,17,209,120,89
28,357,877,104,773,48,725,353,372
28,358,1706,263,1443,77,1366,660,706
28,359,2405,557,1848,142,1706,839,867
28,360,733,135,598,44,554,231,323
28,361,956,167,789,40,749,342,407
28,362,398,61,337,22,315,101,214
28,363,710,123,587,43,544,247,297
28,364,588,115,473,39,434,184,250
28,365,272,30,242,15,227,71,156
28,366,190,37,153,9,144,82,62
28,367,271,50,221,23,198,66,132
28,368,148,26,122,6,116,41,75
28,369,435,87,348,29,319,135,184
28,370,329,52,277,13,264,86,178
28,371,799,161,638,44,594,244,350
28,372,462,70,392,16,376,135,241
28,373,2349,467,1882,114,1768,763,1005
28,374,343,70,273,25,248,99,149
28,375,226,47,179,21,158,67,91
28,376,275,54,221,12,209,84,125
28,377,1274,205,1069,61,1008,372,636
28,378,420,59,361,19,342,116,226
28,379,342,48,294,18,276,126,150
28,380,1323,210,1113,57,1056,463,593
28,382,660,104,556,36,520,177,343
28,383,349,61,288,11,277,117,160
28,385,295,46,249,24,225,104,121
28,386,718,118,600,52,548,206,342
28,387,772,150,622,33,589,238,351
28,388,779,91,688,51,637,289,348
28,389,315,70,245,15,230,84,146
28,390,256,32,224,8,216,78,138
28,391,1901,361,1540,102,1438,602,836
28,392,145,25,120,2,118,41,77
28,393,1548,255,1293,100,1193,452,741
28,394,1000,169,831,53,778,356,422
28,395,388,44,344,31,313,142,171
28,396,246,34,212,18,194,91,103
28,397,288,48,240,21,219,85,134
28,398,914,149,765,45,720,212,508
28,400,155,19,136,8,128,38,90
28,401,337,51,286,23,263,96,167
28,402,228,41,187,3,184,67,117
28,403,669,77,592,37,555,201,354
28,404,7006,1666,5340,266,5074,3146,1928
28,405,845,132,713,44,669,245,424
28,406,279,49,230,12,218,90,128
28,407,250,36,214,19,195,79,116
28,408,70,10,60,1,59,21,38
28,409,317,51,266,21,245,109,136
28,410,213,19,194,15,179,73,106
28,411,112,20,92,5,87,31,56
28,412,119,12,107,6,101,35,66
28,414,68,10,58,7,51,29,22
28,415,1115,204,911,58,853,353,500
28,416,94,9,85,8,77,25,52
28,417,1042,172,870,37,833,364,469
28,418,152,21,131,7,124,57,67
28,419,223,31,192,16,176,76,100
28,421,206,33,173,13,160,65,95
28,422,2009,318,1691,101,1590,782,808
28,423,449,53,396,21,375,176,199
28,424,1446,245,1201,98,1103,415,688
28,425,495,101,394,29,365,143,222
28,426,357,43,314,19,295,100,195
29,1,741,103,638,43,595,328,267
29,2,981,107,874,35,839,516,323
29,3,1782,343,1439,87,1352,781,571
29,4,4184,609,3575,204,3371,2191,1180
29,5,930,130,800,54,746,449,297
29,6,2981,384,2597,114,2483,968,1515
29,7,743,119,624,32,592,463,129
29,8,863,116,747,47,700,342,358
29,10,999,113,886,46,840,384,456
29,11,2632,367,2265,106,2159,1281,878
29,12,175,17,158,6,152,132,20
29,13,196,29,167,7,160,126,34
29,14,379,41,338,23,315,238,77
29,15,2418,288,2130,107,2023,1132,891
29,16,824,140,684,37,647,402,245
29,17,645,67,578,27,551,271,280
29,18,364,76,288,26,262,188,74
29,19,86116,18497,67619,3419,64200,40586,23614
29,20,3819,514,3305,180,3125,1823,1302
29,21,763,131,632,22,610,305,305
29,22,2372,441,1931,88,1843,898,945
29,23,2996,404,2592,115,2477,1111,1366
29,24,5751,1012,4739,237,4502,3072,1430
29,25,1242,180,1062,81,981,581,400
29,26,3711,594,3117,169,2948,1660,1288
29,27,2772,424,2348,147,2201,1222,979
29,28,899,156,743,36,707,416,291
29,29,836,101,735,56,679,435,244
29,30,3073,442,2631,109,2522,1186,1336
29,31,3835,609,3226,182,3044,1647,1397
29,32,1618,193,1425,69,1356,612,744
29,33,432,62,370,30,340,200,140
29,34,472,55,417,22,395,310,85
29,35,670,64,606,33,573,314,259
29,36,448,92,356,24,332,210,122
29,37,3191,427,2764,110,2654,1454,1200
29,38,826,157,669,31,638,402,236
29,39,16539,3311,13228,713,12515,7174,5341
29,40,2232,302,1930,88,1842,813,1029
29,41,1408,204,1204,66,1138,671,467
29,42,6798,1131,5667,308,5359,2634,2725
29,43,1406,172,1234,50,1184,758,426
29,44,1079,129,950,55,895,469,426
29,45,1710,185,1525,65,1460,854,606
29,46,12587,2538,10049,464,9585,5841,3744
29,47,1276,118,1158,66,1092,592,500
29,48,1579,193,1386,93,1293,774,519
29,49,2389,338,2051,130,1921,1151,770
29,51,6173,655,5518,297,5221,3348,1873
29,52,1497,207,1290,79,1211,651,560
29,53,1351,224,1127,68,1059,661,398
29,54,512,80,432,19,413,322,91
29,55,2453,310,2143,112,2031,1091,940
29,56,1397,147,1250,57,1193,769,424
29,57,2780,363,2417,122,2295,1019,1276
29,58,8211,1009,7202,351,6851,3409,3442
29,59,720,85,635,41,594,417,177
29,60,2200,277,1923,100,1823,1051,772
29,61,4906,637,4269,178,4091,2333,1758
29,62,852,117,735,50,685,391,294
29,63,359,53,306,22,284,138,146
29,64,378,67,311,15,296,146,150
29,65,670,77,593,31,562,365,197
29,66,1324,159,1165,71,1094,654,440
29,67,1001,138,863,43,820,511,309
29,68,1710,231,1479,66,1413,776,637
29,69,6066,859,5207,247,4960,2889,2071
29,70,398,71,327,19,308,181,127
29,71,575,80,495,43,452,262,190
29,72,2484,407,2077,131,1946,1078,868
29,73,788,104,684,42,642,458,184
29,74,709,99,610,28,582,356,226
29,75,10017,1213,8804,387,8417,4825,3592
29,76,607,68,539,26,513,282,231
29,77,1653,236,1417,69,1348,686,662
29,78,1488,184,1304,76,1228,801,427
29,79,1090,149,941,34,907,523,384
29,80,1657,203,1454,81,1373,861,512
29,81,1137,167,970,40,930,629,301
29,82,567,126,441,23,418,230,188
29,83,253,55,198,9,189,83,106
29,84,296,61,235,14,221,111,110
29,85,694,82,612,15,597,329,268
29,86,1005,126,879,49,830,489,341
29,87,563,51,512,20,492,280,212
29,89,741,92,649,38,611,389,222
29,90,661,87,574,19,555,311,244
29,91,1899,282,1617,71,1546,644,902
29,93,930,99,831,26,805,397,408
29,94,555,71,484,21,463,241,222
29,95,919,104,815,48,767,409,358
29,97,1581,222,1359,73,1286,771,515
29,98,1723,224,1499,62,1437,905,532
29,99,596,73,523,21,502,264,238
29,100,305,31,274,16,258,135,123
29,101,2825,348,2477,112,2365,1335,1030
29,102,763,108,655,33,622,422,200
29,103,11013,1887,9126,425,8701,5342,3359
29,104,332,46,286,9,277,146,131
29,105,6503,1076,5427,311,5116,2773,2343
29,106,1213,119,1094,69,1025,646,379
29,107,694,94,600,32,568,377,191
29,108,1037,156,881,51,830,446,384
29,109,1345,149,1196,56,1140,542,598
29,110,617,69,548,32,516,331,185
29,111,881,127,754,52,702,291,411
29,112,825,102,723,36,687,364,323
29,113,1686,270,1416,73,1343,951,392
29,114,284,37,247,8,239,162,77
29,115,254,44,210,14,196,112,84
29,116,99,10,89,3,86,50,36
29,117,3770,476,3294,156,3138,1632,1506
29,119,1107,135,972,70,902,498,404
29,120,1435,245,1190,60,1130,531,599
29,122,541,82,459,21,438,288,150
29,123,553,62,491,25,466,242,224
29,124,5247,907,4340,231,4109,2331,1778
29,125,647,116,531,31,500,289,211
29,126,158,11,147,6,141,71,70
29,127,236,25,211,10,201,112,89
29,128,238,28,210,5,205,92,113
29,129,202,26,176,10,166,120,46
29,130,3863,525,3338,148,3190,1827,1363
29,131,364,40,324,13,311,184,127
29,132,640,59,581,19,562,340,222
29,133,1386,198,1188,51,1137,650,487
29,134,666,64,602,37,565,336,229
29,135,3642,491,3151,168,2983,1649,1334
29,136,835,111,724,40,684,447,237
29,137,1591,161,1430,58,1372,927,445
29,139,612,95,517,37,480,291,189
29,140,2729,273,2456,122,2334,1372,962
29,141,317,63,254,12,242,149,93
29,142,366,44,322,14,308,173,135
29,143,713,123,590,40,550,337,213
29,144,540,69,471,22,449,235,214
29,145,713,95,618,34,584,374,210
29,146,2698,377,2321,174,2147,1254,893
29,147,2214,281,1933,117,1816,1267,549
29,148,675,89,586,21,565,314,251
29,149,2346,278,2068,100,1968,1118,850
29,150,5972,941,5031,332,4699,2622,2077
29,151,10763,2067,8696,347,8349,5693,2656
29,152,533,59,474,28,446,304,142
29,153,2487,366,2121,143,1978,973,1005
29,155,926,162,764,30,734,442,292
29,156,1315,164,1151,63,1088,688,400
29,158,4783,791,3992,206,3786,2192,1594
29,159,637,84,553,36,517,360,157
29,160,5761,586,5175,267,4908,2674,2234
29,161,2164,251,1913,97,1816,1065,751
29,162,2546,366,2180,104,2076,1087,989
29,163,2336,308,2028,79,1949,1334,615
29,165,2995,366,2629,160,2469,1514,955
29,166,409,41,368,20,348,212,136
29,167,1477,211,1266,62,1204,716,488
29,168,1300,227,1073,66,1007,649,358
29,169,2355,309,2046,125,1921,1083,838
29,170,3217,381,2836,140,2696,1557,1139
29,171,3144,491,2653,159,2494,1420,1074
29,172,1879,312,1567,108,1459,741,718
29,173,1464,148,1316,66,1250,743,507
29,174,4429,520,3909,230,3679,2248,1431
29,175,1682,244,1438,73,1365,805,560
29,176,1462,201,1261,84,1177,608,569
29,177,2791,405,2386,129,2257,1204,1053
29,178,4881,581,4300,221,4079,2038,2041
29,179,2751,323,2428,140,2288,1190,1098
29,180,653,85,568,41,527,302,225
29,181,2021,226,1795,89,1706,982,724
29,182,829,117,712,30,682,496,186
29,183,474,63,411,34,377,275,102
29,184,1988,309,1679,94,1585,820,765
29,185,2987,505,2482,81,2401,1195,1206
29,186,1401,156,1245,59,1186,792,394
29,187,594,66,528,22,506,222,284
29,188,2966,385,2581,136,2445,1596,849
29,189,10459,1514,8945,340,8605,4994,3611
29,190,3137,444,2693,95,2598,1298,1300
29,191,2587,301,2286,107,2179,1603,576
29,192,1336,200,1136,61,1075,574,501
29,193,881,95,786,41,745,405,340
29,195,5304,800,4504,191,4313,2149,2164
29,196,1580,153,1427,66,1361,680,681
29,197,3648,625,3023,197,2826,1584,1242
29,198,1478,191,1287,69,1218,638,580
29,199,3626,432,3194,144,3050,2051,999
29,201,1476,190,1286,68,1218,628,590
29,202,921,140,781,40,741,542,199
29,203,1016,130,886,47,839,397,442
29,204,1495,196,1299,76,1223,644,579
29,205,897,87,810,36,774,502,272
29,206,1895,269,1626,76,1550,651,899
29,207,3305,347,2958,112,2846,1974,872
29,208,860,97,763,48,715,315,400
29,209,2660,301,2359,138,2221,1185,1036
29,210,2131,302,1829,94,1735,819,916
29,211,544,97,447,22,425,286,139
29,212,9565,1416,8149,328,7821,4663,3158
29,213,1228,156,1072,41,1031,448,583
29,214,647,90,557,29,528,338,190
29,215,2573,376,2197,134,2063,1370,693
29,216,2830,299,2531,153,2378,1391,987
29,217,2221,341,1880,104,1776,865,911
29,218,1256,185,1071,55,1016,642,374
29,219,117,25,92,6,86,56,30
29,220,6482,1094,5388,295,5093,3000,2093
29,221,1504,167,1337,47,1290,672,618
29,222,331,56,275,21,254,151,103
29,224,969,114,855,66,789,440,349
29,225,1667,242,1425,95,1330,773,557
29,226,1245,188,1057,45,1012,542,470
29,227,1113,141,972,35,937,578,359
29,228,711,108,603,23,580,293,287
29,229,909,110,799,50,749,420,329
29,230,1354,164,1190,63,1127,679,448
29,232,42915,6613,36302,1760,34542,21926,12616
29,233,8702,1536,7166,401,6765,4285,2480
29,234,2133,255,1878,125,1753,993,760
29,235,8756,1333,7423,306,7117,4468,2649
29,236,3628,610,3018,187,2831,1668,1163
29,237,1386,179,1207,69,1138,750,388
29,238,771,108,663,30,633,318,315
29,239,2912,452,2460,98,2362,1095,1267
29,240,771,111,660,45,615,347,268
29,241,5596,854,4742,258,4484,2964,1520
29,243,332,29,303,9,294,197,97
29,244,549,66,483,33,450,231,219
29,245,1105,109,996,50,946,559,387
29,246,141,11,130,11,119,81,38
29,247,2810,341,2469,148,2321,1340,981
29,248,523,58,465,25,440,227,213
29,249,619,121,498,36,462,275,187
29,250,641,104,537,28,509,340,169
29,251,510,47,463,17,446,301,145
29,252,731,94,637,31,606,417,189
29,254,3633,547,3086,121,2965,1998,967
29,255,540,44,496,24,472,232,240
29,256,629,70,559,24,535,269,266
29,257,1621,212,1409,76,1333,684,649
29,259,5434,907,4527,236,4291,2349,1942
29,260,5830,801,5029,236,4793,2716,2077
29,261,136,26,110,2,108,80,28
29,262,580,116,464,26,438,286,152
29,263,744,76,668,45,623,394,229
29,264,508,79,429,38,391,202,189
29,265,710,79,631,30,601,416,185
29,266,1933,259,1674,85,1589,942,647
29,267,549,74,475,37,438,269,169
29,268,1015,103,912,33,879,517,362
29,269,777,106,671,46,625,402,223
29,270,1132,134,998,57,941,612,329
29,271,678,95,583,33,550,237,313
29,272,2219,325,1894,117,1777,1187,590
29,273,1853,253,1600,51,1549,856,693
29,274,4209,602,3607,255,3352,2198,1154
29,275,626,105,521,28,493,337,156
29,276,1008,138,870,47,823,450,373
29,277,1582,207,1375,67,1308,764,544
29,278,1516,246,1270,68,1202,747,455
29,279,2224,290,1934,106,1828,1058,770
29,280,1683,228,1455,73,1382,770,612
29,281,748,77,671,39,632,401,231
29,282,280,33,247,21,226,117,109
29,284,1940,257,1683,105,1578,941,637
29,285,408,50,358,24,334,149,185
29,286,204,18,186,9,177,107,70
29,287,752,93,659,24,635,275,360
29,288,408,6,402,60,342,176,166
29,289,158,18,140,5,135,79,56
29,290,454,61,393,19,374,208,166
29,291,779,134,645,40,605,407,198
29,292,277,32,245,16,229,158,71
29,293,6152,1005,5147,274,4873,2635,2238
29,294,424,51,373,20,353,199,154
29,295,353,38,315,18,297,185,112
29,296,912,83,829,57,772,509,263
29,297,1760,212,1548,114,1434,984,450
29,298,429,45,384,29,355,242,113
29,299,245,23,222,10,212,104,108
29,300,1166,192,974,60,914,576,338
29,301,201,18,183,16,167,95,72
29,302,2675,400,2275,111,2164,1428,736
30,1,366,49,317,23,294,154,140
30,2,506,80,426,28,398,199,199
30,3,6596,1123,5473,380,5093,2178,2915
30,4,2117,303,1814,114,1700,823,877
30,5,176,10,166,18,148,62,86
30,6,3490,637,2853,203,2650,1143,1507
30,7,26525,5608,20917,1328,19589,10918,8671
30,8,651,106,545,49,496,262,234
30,9,217,27,190,10,180,101,79
30,10,2386,359,2027,131,1896,972,924
30,11,6681,992,5689,327,5362,2113,3249
30,12,3125,467,2658,184,2474,1227,1247
30,13,249,25,224,26,198,86,112
30,14,844,127,717,39,678,334,344
30,15,137,16,121,14,107,68,39
30,16,240,42,198,21,177,119,58
30,17,215,37,178,7,171,105,66
30,18,376,51,325,19,306,129,177
30,19,1847,306,1541,77,1464,695,769
30,20,1734,229,1505,70,1435,557,878
30,21,254,30,224,14,210,102,108
30,22,187,30,157,12,145,80,65
30,23,632,80,552,40,512,251,261
30,24,365,33,332,17,315,197,118
30,25,255,37,218,16,202,138,64
30,26,831,147,684,58,626,354,272
30,27,1827,268,1559,117,1442,729,713
30,28,13352,3205,10147,628,9519,4706,4813
30,29,1299,137,1162,71,1091,545,546
30,30,261,27,234,20,214,99,115
30,31,168,32,136,10,126,62,64
30,32,9944,2044,7900,625,7275,3471,3804
30,33,2777,435,2342,182,2160,919,1241
30,34,4696,717,3979,284,3695,1452,2243
30,35,204,25,179,10,169,89,80
30,36,2245,279,1966,156,1810,745,1065
30,37,2210,514,1696,117,1579,907,672
30,38,264,42,222,21,201,129,72
30,39,1644,304,1340,96,1244,521,723
30,40,135,23,112,5,107,69,38
30,41,888,96,792,38,754,384,370
30,42,1778,275,1503,100,1403,675,728
30,43,414,39,375,20,355,146,209
30,44,94,21,73,4,69,56,13
30,45,353,55,298,22,276,170,106
30,46,483,80,403,31,372,151,221
30,47,4800,725,4075,241,3834,1529,2305
30,48,160,10,150,13,137,65,72
30,49,276,27,249,12,237,80,157
30,50,111,5,106,8,98,55,43
30,51,1093,156,937,85,852,512,340
30,52,368,55,313,15,298,195,103
30,53,496,74,422,40,382,190,192
30,54,189,17,172,15,157,85,72
30,55,460,48,412,26,386,203,183
30,56,226,29,197,11,186,109,77
30,57,1120,142,978,77,901,380,521
30,58,179,25,154,10,144,93,51
30,59,1816,235,1581,147,1434,623,811
30,60,3036,348,2688,181,2507,891,1616
30,61,1624,295,1329,113,1216,548,668
30,62,3728,625,3103,193,2910,1338,1572
30,64,151,23,128,12,116,74,42
30,65,303,35,268,22,246,139,107
30,66,355,57,298,20,278,155,123
30,67,308,42,266,22,244,92,152
30,68,627,79,548,38,510,256,254
30,69,352,59,293,8,285,166,119
30,70,529,79,450,29,421,206,215
30,71,287,40,247,17,230,108,122
30,72,301,30,271,18,253,99,154
30,73,1130,137,993,56,937,350,587
30,74,22,4,18,0,18,9,9
30,75,3157,449,2708,163,2545,1115,1430
30,76,659,95,564,47,517,286,231
30,77,1418,236,1182,78,1104,761,343
30,79,261,28,233,16,217,127,90
30,80,598,102,496,35,461,299,162
30,81,795,104,691,50,641,246,395
30,82,3121,527,2594,161,2433,1118,1315
30,83,1923,306,1617,116,1501,671,830
30,84,463,59,404,22,382,158,224
30,85,856,125,731,61,670,334,336
30,86,405,54,351,38,313,181,132
30,87,201,15,186,13,173,130,43
30,88,439,60,379,26,353,157,196
30,89,1180,156,1024,76,948,434,514
30,90,214,32,182,22,160,87,73
30,91,1172,106,1066,80,986,546,440
30,92,1281,187,1094,79,1015,449,566
30,93,119,17,102,5,97,42,55
30,94,121,15,106,4,102,67,35
30,95,421,63,358,23,335,225,110
30,96,669,83,586,40,546,252,294
30,97,275,30,245,17,228,154,74
30,98,249,30,219,15,204,90,114
30,99,229,25,204,20,184,120,64
30,100,463,63,400,24,376,181,195
30,101,493,59,434,44,390,194,196
30,102,404,55,349,22,327,157,170
30,103,724,115,609,34,575,216,359
30,104,517,72,445,37,408,197,211
30,105,272,45,227,11,216,120,96
30,106,556,88,468,27,441,300,141
30,107,353,40,313,20,293,95,198
30,108,170,23,147,14,133,79,54
30,109,319,52,267,17,250,115,135
30,110,247,21,226,15,211,100,111
30,111,271,50,221,29,192,81,111
30,112,843,103,740,55,685,321,364
30,113,219,29,190,8,182,115,67
30,114,490,66,424,35,389,150,239
30,115,187,25,162,8,154,85,69
30,116,678,123,555,45,510,271,239
30,117,2113,335,1778,127,1651,719,932
30,119,127,11,116,8,108,61,47
30,120,857,164,693,44,649,421,228
30,121,169,16,153,9,144,56,88
30,122,509,56,453,48,405,188,217
30,123,2428,483,1945,123,1822,869,953
30,124,193,27,166,17,149,90,59
30,125,3465,741,2724,154,2570,1062,1508
30,126,546,61,485,18,467,220,247
30,127,734,97,637,50,587,311,276
30,128,2799,366,2433,150,2283,853,1430
30,129,541,75,466,25,441,241,200
30,130,689,98,591,50,541,332,209
30,131,813,110,703,53,650,286,364
30,132,3400,805,2595,161,2434,1647,787
30,133,7710,1156,6554,396,6158,2243,3915
30,134,195,27,168,11,157,82,75
30,135,2372,405,1967,137,1830,747,1083
30,136,812,109,703,39,664,375,289
30,137,116,13,103,7,96,78,18
30,138,1761,220,1541,79,1462,665,797
30,139,329,46,283,26,257,107,150
30,140,886,134,752,45,707,435,272
30,141,3974,582,3392,225,3167,1610,1557
30,142,960,126,834,68,766,440,326
30,143,186,19,167,7,160,71,89
30,144,246,34,212,14,198,121,77
30,145,1097,168,929,79,850,309,541
30,146,997,166,831,51,780,389,391
30,147,1004,145,859,44,815,468,347
30,148,161,13,148,10,138,75,63
30,149,643,81,562,53,509,251,258
30,150,207,12,195,19,176,101,75
30,151,429,66,363,20,343,175,168
30,152,1598,232,1366,145,1221,717,504
30,153,154,34,120,12,108,77,31
30,154,345,48,297,16,281,193,88
30,155,4833,801,4032,271,3761,1519,2242
30,156,6999,1376,5623,428,5195,2225,2970
30,157,135,11,124,16,108,78,30
30,158,305,34,271,18,253,136,117
30,159,558,93,465,45,420,309,111
30,160,145,18,127,9,118,61,57
30,161,148,10,138,18,120,73,47
30,162,544,61,483,37,446,250,196
30,163,120,12,108,8,100,50,50
30,164,420,59,361,25,336,187,149
30,165,798,89,709,62,647,295,352
30,166,1795,298,1497,121,1376,606,770
30,167,697,113,584,62,522,290,232
30,168,596,74,522,20,502,346,156
30,169,4046,688,3358,223,3135,1253,1882
30,170,732,117,615,45,570,339,231
30,171,972,176,796,47,749,529,220
30,172,509,69,440,18,422,321,101
30,173,1147,158,989,81,908,422,486
30,174,1045,150,895,53,842,391,451
30,175,175,43,132,6,126,64,62
30,176,199,32,167,18,149,78,71
30,177,499,77,422,38,384,169,215
30,178,1131,172,959,74,885,323,562
30,179,2187,384,1803,134,1669,738,931
30,180,417,44,373,24,349,201,148
30,181,231,22,209,22,187,91,96
30,182,756,111,645,31,614,316,298
30,183,398,68,330,29,301,133,168
30,184,856,104,752,66,686,330,356
30,185,981,155,826,49,777,393,384
30,186,1299,151,1148,58,1090,435,655
30,187,249,47,202,22,180,79,101
30,188,550,66,484,37,447,246,201
30,189,84551,17304,67247,3452,63795,32625,31170
30,190,350,55,295,27,268,146,122
30,191,854,87,767,67,700,245,455
30,192,320,44,276,16,260,133,127
30,193,408,51,357,27,330,175,155
30,194,257,40,217,14,203,139,64
30,195,44,9,35,0,35,22,13
30,196,334,35,299,37,262,140,122
30,197,159,11,148,9,139,59,80
30,198,232,26,206,9,197,159,38
30,199,71,16,55,3,52,28,24
30,200,562,65,497,24,473,275,198
30,201,304,47,257,19,238,153,85
30,202,7368,1390,5978,458,5520,2632,2888
30,203,304,36,268,18,250,168,82
30,204,258,36,222,20,202,90,112
30,205,172,22,150,10,140,60,80
30,206,3243,458,2785,187,2598,1028,1570
30,207,490,69,421,27,394,175,219
30,208,32,0,32,1,31,24,7
30,209,3115,421,2694,155,2539,1088,1451
30,210,2044,327,1717,132,1585,882,703
30,211,2735,507,2228,159,2069,833,1236
30,212,1557,260,1297,110,1187,591,596
30,213,43,3,40,1,39,24,15
30,214,1267,164,1103,83,1020,488,532
30,215,264,37,227,18,209,107,102
30,216,686,130,556,52,504,308,196
30,217,5437,800,4637,293,4344,1662,2682
30,218,201,24,177,10,167,101,66
30,219,87,14,73,1,72,35,37
30,220,189,20,169,6,163,118,45
30,221,3657,711,2946,245,2701,1240,1461
30,222,162,21,141,11,130,51,79
30,223,3116,564,2552,235,2317,1383,934
30,224,371,46,325,30,295,126,169
30,225,1423,215,1208,99,1109,475,634
30,226,922,149,773,64,709,307,402
30,227,2638,585,2053,164,1889,943,946
30,228,1314,211,1103,84,1019,463,556
30,229,504,101,403,45,358,184,174
30,230,380,59,321,20,301,148,153
30,231,449,81,368,29,339,208,131
30,232,304,43,261,20,241,118,123
30,233,362,45,317,17,300,137,163
30,234,202,26,176,23,153,74,79
30,235,568,101,467,36,431,173,258
30,236,77,17,60,0,60,30,30
30,237,475,89,386,39,347,215,132
30,238,80,6,74,5,69,31,38
30,239,474,88,386,50,336,199,137
30,240,238,40,198,17,181,95,86
30,241,1206,149,1057,75,982,422,560
30,242,144,17,127,5,122,72,50
30,243,5300,840,4460,307,4153,2185,1968
30,244,217,25,192,8,184,66,118
30,245,526,44,482,39,443,233,210
30,246,101,14,87,5,82,64,18
30,247,224,31,193,24,169,103,66
30,248,281,21,260,14,246,118,128
30,249,643,65,578,40,538,247,291
30,250,267,32,235,11,224,117,107
30,251,386,43,343,39,304,144,160
30,252,189,18,171,7,164,119,45
30,253,900,206,694,62,632,425,207
30,254,1297,163,1134,95,1039,499,540
30,255,1908,339,1569,95,1474,766,708
30,256,524,54,470,34,436,227,209
30,257,1281,226,1055,86,969,361,608
30,258,8834,1805,7029,447,6582,2615,3967
30,259,3537,658,2879,186,2693,1247,1446
30,260,585,52,533,45,488,215,273
30,261,182,22,160,18,142,69,73
30,262,186,30,156,12,144,61,83
30,263,2834,488,2346,171,2175,1218,957
30,264,141,18,123,9,114,58,56
30,265,162,19,143,11,132,62,70
30,266,737,108,629,65,564,338,226
30,267,352,50,302,31,271,104,167
30,268,487,107,380,24,356,207,149
30,269,2150,380,1770,119,1651,974,677
30,270,1163,151,1012,80,932,499,433
30,271,505,85,420,24,396,211,185
30,272,151,27,124,17,107,68,39
30,273,1033,192,841,76,765,342,423
30,274,2569,339,2230,177,2053,1110,943
30,275,233,24,209,26,183,83,100
30,276,2502,320,2182,172,2010,912,1098
30,277,350,37,313,26,287,126,161
30,278,1813,283,1530,98,1432,674,758
30,279,538,83,455,33,422,225,197
30,280,321,51,270,22,248,168,80
30,281,1066,117,949,57,892,438,454
30,282,604,99,505,44,461,243,218
30,283,184,23,161,11,150,86,64
30,284,3067,470,2597,183,2414,1423,991
30,285,459,46,413,29,384,159,225
30,286,512,76,436,28,408,174,234
30,287,469,51,418,30,388,159,229
30,288,859,126,733,52,681,397,284
30,289,57,7,50,6,44,23,21
30,290,1465,175,1290,110,1180,571,609
30,291,307,53,254,24,230,130,100
30,292,379,66,313,28,285,108,177
30,293,286,39,247,17,230,99,131
30,294,3957,565,3392,235,3157,1497,1660
30,295,2441,397,2044,128,1916,996,920
30,296,192,29,163,10,153,122,31
30,297,341,57,284,23,261,136,125
30,298,403,51,352,18,334,198,136
30,299,825,111,714,42,672,293,379
30,300,327,36,291,20,271,163,108
30,301,223,19,204,15,189,89,100
30,302,1484,182,1302,103,1199,624,575
30,303,579,82,497,32,465,273,192
30,304,141,18,123,18,105,60,45
30,305,2577,545,2032,185,1847,1047,800
30,306,372,48,324,22,302,154,148
30,307,1932,357,1575,127,1448,990,458
30,308,687,116,571,54,517,269,248
30,309,183,27,156,12,144,71,73
30,310,216,24,192,20,172,113,59
30,311,1374,256,1118,66,1052,593,459
30,312,1523,226,1297,75,1222,536,686
30,313,515,57,458,31,427,192,235
30,314,150,19,131,10,121,73,48
30,315,1442,176,1266,93,1173,457,716
30,316,246,18,228,28,200,127,73
30,317,1183,215,968,85,883,396,487
30,318,149,19,130,23,107,45,62
30,319,364,53,311,19,292,125,167
30,320,125,10,115,6,109,54,55
30,321,3021,618,2403,145,2258,1214,1044
30,322,244,28,216,18,198,157,41
30,323,129,20,109,8,101,57,44
30,324,625,83,542,38,504,256,248
30,325,1356,218,1138,70,1068,627,441
30,326,1372,171,1201,82,1119,527,592
30,327,66,3,63,4,59,48,11
30,328,824,175,649,47,602,299,303
30,329,346,38,308,23,285,171,114
30,330,674,93,581,30,551,274,277
30,331,1543,240,1303,92,1211,532,679
30,332,95,11,84,7,77,45,32
30,333,2820,429,2391,133,2258,891,1367
30,334,6532,1392,5140,269,4871,2475,2396
30,335,83,14,69,6,63,36,27
30,336,937,113,824,69,755,339,416
30,337,288,38,250,23,227,121,106
30,338,114,16,98,10,88,52,36
30,339,941,113,828,58,770,459,311
30,340,399,51,348,42,306,142,164
30,341,8329,1505,6824,556,6268,3084,3184
30,342,945,131,814,52,762,368,394
30,343,473,69,404,33,371,216,155
30,344,3409,563,2846,230,2616,1292,1324
30,345,340,59,281,8,273,208,65
30,346,1331,153,1178,77,1101,484,617
30,347,976,169,807,58,749,307,442
30,348,1346,248,1098,80,1018,519,499
30,349,287,44,243,22,221,116,105
30,350,3104,563,2541,176,2365,1503,862
30,351,10153,1717,8436,406,8030,3306,4724
30,352,1172,158,1014,51,963,406,557
30,353,67,2,65,5,60,44,16
30,354,142,13,129,8,121,58,63
30,355,679,122,557,34,523,194,329
30,356,2213,366,1847,109,1738,761,977
31,1,108,10,98,6,92,52,40
31,2,192,24,168,9,159,79,80
31,3,858,77,781,41,740,386,354
31,4,1808,230,1578,98,1480,995,485
31,5,257,48,209,10,199,139,60
31,6,153,16,137,9,128,66,62
31,7,57,6,51,4,47,15,32
31,8,190,21,169,9,160,94,66
31,9,88,8,80,4,76,34,42
31,10,99,8,91,9,82,47,35
31,11,232,29,203,14,189,144,45
31,12,86,3,83,3,80,57,23
31,13,291,41,250,20,230,137,93
31,14,78,14,64,4,60,30,30
31,15,37,8,29,2,27,26,1
31,17,79,10,69,8,61,41,20
31,18,200,30,170,14,156,95,61
31,19,44,10,34,34,0,0,0
31,20,881,165,716,48,668,426,242
31,21,114,9,105,11,94,53,41
31,22,5399,1056,4343,247,4096,2302,1794
31,23,304,65,239,15,224,161,63
31,24,308,32,276,22,254,165,89
31,25,579,67,512,26,486,249,237
31,26,838,97,741,44,697,414,283
31,27,181,23,158,8,150,79,71
31,28,834,133,701,48,653,404,249
31,29,228,19,209,17,192,83,109
31,30,72,8,64,7,57,47,10
31,31,415,55,360,22,338,214,124
31,32,4577,661,3916,211,3705,2059,1646
31,33,6463,1272,5191,350,4841,2623,2218
31,34,167,23,144,9,135,98,37
31,35,2031,186,1845,75,1770,1058,712
31,36,998,68,930,45,885,520,365
31,37,1024,102,922,54,868,536,332
31,38,415,41,374,18,356,194,162
31,39,65,10,55,3,52,41,11
31,40,45,11,34,4,30,27,3
31,41,99,19,80,7,73,41,32
31,42,2457,415,2042,104,1938,994,944
31,43,172,24,148,22,126,80,46
31,44,10323,1362,8961,390,8571,4225,4346
31,45,326,69,257,16,241,154,87
31,46,20,3,17,1,16,9,7
31,47,86,15,71,4,67,53,14
31,48,2237,262,1975,131,1844,1127,717
31,49,476,58,418,30,388,197,191
31,50,400,53,347,28,319,183,136
31,51,251,22,229,20,209,119,90
31,52,1117,135,982,67,915,521,394
31,53,862,76,786,36,750,401,349
31,54,145,17,128,15,113,62,51
31,55,105,13,92,4,88,65,23
31,56,4160,602,3558,210,3348,1996,1352
31,57,1005,112,893,51,842,484,358
31,58,76,6,70,7,63,32,31
31,59,117,15,102,9,93,57,36
31,60,90,23,67,14,53,33,20
31,61,154,22,132,9,123,63,60
31,62,66,3,63,5,58,31,27
31,63,151,28,123,7,116,63,53
31,64,32,5,27,3,24,18,6
31,65,1830,259,1571,106,1465,835,630
31,66,2277,346,1931,114,1817,949,868
31,67,46,5,41,5,36,23,13
31,68,27,6,21,0,21,14,7
31,69,14910,2462,12448,614,11834,7268,4566
31,70,346,43,303,26,277,164,113
31,71,244,41,203,16,187,111,76
31,72,73,8,65,6,59,30,29
31,73,369,42,327,20,307,178,129
31,74,230,17,213,10,203,108,95
31,75,677,69,608,33,575,301,274
31,76,400,62,338,27,311,180,131
31,77,342,35,307,33,274,115,159
31,78,111,15,96,3,93,60,33
31,79,2993,386,2607,184,2423,1293,1130
31,80,1106,147,959,69,890,473,417
31,81,21,1,20,1,19,8,11
31,82,662,73,589,43,546,297,249
31,83,201,29,172,8,164,125,39
31,84,777,91,686,60,626,423,203
31,85,339,44,295,18,277,179,98
31,86,72,4,68,7,61,47,14
31,87,243,36,207,16,191,135,56
31,88,1917,187,1730,92,1638,1015,623
31,89,394,53,341,14,327,148,179
31,90,322,56,266,22,244,152,92
31,91,3596,402,3194,198,2996,1593,1403
31,92,131,19,112,6,106,57,49
31,93,536,69,467,31,436,253,183
31,94,1711,265,1446,67,1379,766,613
31,95,110,19,91,8,83,58,25
31,96,137,15,122,14,108,46,62
31,97,242,22,220,10,210,151,59
31,98,678,89,589,61,528,298,230
31,99,233,25,208,13,195,127,68
31,100,1495,199,1296,79,1217,722,495
31,101,349,43,306,26,280,177,103
31,102,157,17,140,9,131,94,37
31,103,53,10,43,2,41,18,23
31,104,410,28,382,40,342,206,136
31,105,182,32,150,6,144,88,56
31,106,1769,216,1553,89,1464,828,636
31,107,3884,740,3144,172,2972,1706,1266
31,108,231,35,196,9,187,106,81
31,109,350,68,282,14,268,169,99
31,110,556,96,460,38,422,297,125
31,111,215,30,185,20,165,104,61
31,112,151,34,117,16,101,52,49
31,113,8669,1275,7394,422,6972,4570,2402
31,114,201,34,167,14,153,90,63
31,115,59,9,50,6,44,18,26
31,116,6492,730,5762,337,5425,2953,2472
31,117,3011,440,2571,161,2410,1259,1151
31,118,3600,618,2982,181,2801,1449,1352
31,119,178,27,151,17,134,102,32
31,120,540,64,476,33,443,250,193
31,121,60,7,53,3,50,24,26
31,122,93,13,80,7,73,45,28
31,123,70,9,61,8,53,35,18
31,124,296,31,265,19,246,171,75
31,125,41,5,36,1,35,28,7
31,126,222,35,187,19,168,94,74
31,127,18,8,10,0,10,9,1
31,128,513,47,466,40,426,249,177
31,129,28,4,24,2,22,14,8
31,130,81,6,75,5,70,43,27
31,131,74,12,62,3,59,40,19
31,132,66,3,63,4,59,43,16
31,133,81,6,75,3,72,41,31
31,134,60,7,53,3,50,47,3
31,135,3366,666,2700,176,2524,1424,1100
31,136,1057,153,904,60,844,463,381
31,137,126,13,113,8,105,39,66
31,138,190,20,170,8,162,99,63
31,139,171,29,142,14,128,74,54
31,140,189,25,164,6,158,93,65
31,141,204,16,188,7,181,134,47
31,142,211,40,171,2,169,97,72
31,143,239,34,205,18,187,96,91
31,144,667,104,563,30,533,350,183
31,145,2236,318,1918,146,1772,1059,713
31,146,28,0,28,2,26,11,15
31,147,503,83,420,45,375,249,126
31,148,399,45,354,21,333,189,144
31,149,23864,4335,19529,1105,18424,11722,6702
31,150,3764,538,3226,204,3022,1613,1409
31,151,562,75,487,17,470,313,157
31,152,84,9,75,8,67,43,24
31,153,338,80,258,18,240,151,89
31,155,184,23,161,5,156,96,60
31,156,239,30,209,10,199,107,92
31,157,11220,1706,9514,508,9006,5053,3953
31,158,196,45,151,7,144,89,55
31,159,286,46,240,11,229,132,97
31,160,1418,203,1215,71,1144,646,498
31,161,691,83,608,43,565,366,199
31,162,777,78,699,28,671,447,224
31,163,1904,203,1701,95,1606,895,711
31,164,154,18,136,2,134,74,60
31,165,3584,493,3091,198,2893,1545,1348
31,166,178,21,157,13,144,85,59
31,167,503,58,445,33,412,251,161
31,168,112,23,89,5,84,50,34
31,169,4901,617,4284,215,4069,2464,1605
31,170,186,24,162,9,153,103,50
31,171,210,21,189,15,174,113,61
31,172,44,8,36,5,31,17,14
31,173,207,25,182,11,171,111,60
31,174,419,57,362,17,345,236,109
31,175,469,51,418,32,386,228,158
31,176,160,43,117,3,114,53,61
31,177,130,25,105,8,97,68,29
31,178,173,35,138,9,129,98,31
31,179,276,23,253,13,240,160,80
31,180,92,10,82,2,80,37,43
31,181,1233,137,1096,70,1026,536,490
31,182,3581,521,3060,187,2873,1614,1259
31,183,231,48,183,22,161,97,64
31,184,1313,131,1182,48,1134,653,481
31,185,98,11,87,7,80,53,27
31,186,2252,420,1832,125,1707,989,718
31,187,7697,1143,6554,388,6166,3588,2578
31,188,3178,360,2818,191,2627,1499,1128
31,189,151,25,126,11,115,69,46
31,190,240,41,199,18,181,99,82
31,191,97,22,75,4,71,44,27
31,192,615,74,541,25,516,317,199
31,193,1279,171,1108,85,1023,597,426
31,194,116,14,102,10,92,42,50
31,195,26,3,23,0,23,13,10
31,196,198,23,175,17,158,81,77
31,197,323,62,261,27,234,157,77
31,198,105,21,84,15,69,47,22
31,199,187,34,153,15,138,83,55
31,200,77,9,68,8,60,49,11
31,201,50,8,42,0,42,21,21
31,202,3999,566,3433,240,3193,1673,1520
31,203,5875,764,5111,347,4764,2712,2052
31,204,59,7,52,4,48,35,13
31,205,1989,337,1652,90,1562,836,726
31,206,791,123,668,47,621,307,314
31,207,78,10,68,2,66,43,23
31,208,249,42,207,12,195,140,55
31,209,134,16,118,10,108,67,41
31,210,947,122,825,58,767,504,263
31,211,550,47,503,37,466,227,239
31,212,1081,117,964,61,903,458,445
31,213,149,30,119,5,114,85,29
31,215,415,43,372,16,356,175,181
31,216,211,23,188,10,178,91,87
31,217,83,23,60,1,59,38,21
31,218,113,26,87,5,82,62,20
31,219,311,50,261,10,251,161,90
31,220,208,22,186,12,174,90,84
31,221,99,17,82,7,75,40,35
31,222,57,10,47,4,43,22,21
31,223,49,7,42,7,35,14,21
31,224,955,231,724,30,694,453,241
31,225,128,19,109,10,99,68,31
31,226,69,8,61,4,57,27,30
31,227,730,66,664,29,635,311,324
31,228,1375,169,1206,71,1135,639,496
31,229,495,80,415,26,389,226,163
31,230,2544,261,2283,142,2141,1230,911
31,231,420,51,369,24,345,226,119
31,232,5355,802,4553,296,4257,2330,1927
31,233,720,74,646,44,602,350,252
31,234,273,25,248,8,240,122,118
31,235,70,17,53,2,51,28,23
31,236,78,10,68,6,62,39,23
31,237,187,41,146,16,130,69,61
31,238,392,63,329,20,309,214,95
31,239,1398,189,1209,94,1115,684,431
31,240,323,39,284,22,262,144,118
31,241,284,47,237,15,222,128,94
31,242,23,1,22,0,22,16,6
31,243,86,8,78,5,73,48,25
31,244,324,51,273,13,260,154,106
31,245,203,17,186,12,174,120,54
31,246,734,114,620,53,567,336,231
31,247,1080,207,873,46,827,483,344
31,248,3751,505,3246,216,3030,1873,1157
31,249,730,70,660,31,629,390,239
31,250,488,109,379,32,347,200,147
31,251,115,17,98,18,80,51,29
31,252,1385,176,1209,72,1137,658,479
31,253,1545,223,1322,97,1225,687,538
31,254,2311,293,2018,107,1911,1110,801
31,255,287,46,241,12,229,122,107
31,256,204,28,176,12,164,94,70
31,258,162,19,143,9,134,76,58
31,259,1377,125,1252,75,1177,666,511
31,260,79,16,63,6,57,34,23
31,261,705,91,614,44,570,282,288
31,262,294,41,253,16,237,150,87
31,263,1827,236,1591,97,1494,875,619
31,264,318,17,301,14,287,161,126
31,265,189,22,167,8,159,91,68
31,266,148,29,119,24,95,51,44
31,267,49,5,44,2,42,22,20
31,268,122,24,98,4,94,65,29
31,269,933,101,832,56,776,408,368
31,270,785,137,648,39,609,351,258
31,271,1362,207,1155,69,1086,634,452
31,272,56,6,50,2,48,31,17
31,273,2160,233,1927,103,1824,927,897
31,274,158,26,132,16,116,72,44
31,275,110,13,97,6,91,50,41
31,276,315,62,253,15,238,141,97
31,277,701,82,619,42,577,326,251
31,278,277,54,223,6,217,159,58
31,279,73,13,60,2,58,32,26
31,280,267,43,224,16,208,128,80
31,281,960,158,802,53,749,467,282
31,282,5336,951,4385,259,4126,2322,1804
31,283,232,23,209,12,197,98,99
31,284,1053,86,967,53,914,455,459
31,285,552,52,500,20,480,206,274
31,286,490,80,410,30,380,181,199
31,287,1925,255,1670,127,1543,850,693
31,288,288,49,239,19,220,110,110
31,289,197,38,159,13,146,99,47
31,290,42,3,39,0,39,25,14
31,291,5681,756,4925,304,4621,2698,1923
31,292,50,7,43,8,35,23,12
31,293,1739,291,1448,95,1353,788,565
31,294,87,19,68,7,61,37,24
31,295,81,6,75,2,73,27,46
31,296,346,57,289,25,264,184,80
31,297,1341,197,1144,62,1082,644,438
31,298,72,13,59,3,56,35,21
31,299,2534,400,2134,139,1995,1087,908
31,300,121,22,99,10,89,45,44
31,301,103,13,90,9,81,41,40
31,302,217,32,185,13,172,104,68
31,303,1966,293,1673,106,1567,862,705
31,304,321,32,289,11,278,192,86
31,305,179,25,154,6,148,89,59
31,306,115,23,92,6,86,60,26
31,307,42,4,38,4,34,14,20
31,308,55,4,51,2,49,40,9
31,309,188,26,162,12,150,80,70
31,310,197,22,175,11,164,110,54
31,311,658,54,604,44,560,283,277
31,312,46,6,40,1,39,28,11
31,313,130,20,110,4,106,69,37
31,314,333,37,296,21,275,159,116
31,315,803,141,662,41,621,348,273
31,316,455,76,379,15,364,270,94
31,317,306,41,265,18,247,170,77
31,318,153,15,138,18,120,67,53
31,319,89,22,67,1,66,42,24
31,320,809,101,708,38,670,385,285
31,321,143,22,121,17,104,70,34
31,322,50,6,44,2,42,19,23
31,323,279,43,236,12,224,143,81
31,324,1855,345,1510,107,1403,817,586
31,325,159,14,145,14,131,63,68
31,326,73,7,66,5,61,35,26
31,327,150,22,128,6,122,80,42
31,328,205,16,189,8,181,98,83
31,329,147,17,130,7,123,65,58
31,330,295,17,278,13,265,168,97
31,331,242,25,217,12,205,114,91
31,332,182,29,153,10,143,68,75
31,333,52,8,44,2,42,16,26
31,334,875,109,766,48,718,399,319
31,335,42,7,35,3,32,25,7
31,336,502,57,445,30,415,284,131
31,337,180,36,144,9,135,60,75
31,338,431,63,368,29,339,206,133
31,339,349,33,316,14,302,173,129
31,340,197,16,181,5,176,64,112
31,341,3132,419,2713,188,2525,1323,1202
31,342,169,23,146,10,136,89,47
31,343,58,3,55,2,53,29,24
31,344,559,80,479,36,443,296,147
31,345,1508,256,1252,93,1159,634,525
31,346,538,78,460,40,420,259,161
31,347,142,24,118,9,109,49,60
31,348,56,8,48,1,47,27,20
31,349,640,78,562,44,518,316,202
31,350,67,14,53,3,50,38,12
31,351,2666,348,2318,157,2161,1226,935
31,352,192,8,184,12,172,81,91
31,353,64,10,54,5,49,33,16
31,354,41,4,37,3,34,17,17
31,355,1205,119,1086,72,1014,515,499
31,356,1180,146,1034,69,965,553,412
31,357,267,37,230,11,219,149,70
31,358,2364,300,2064,108,1956,1016,940
31,359,58,8,50,6,44,13,31
31,360,380,104,276,14,262,151,111
31,361,381,33,348,26,322,192,130
31,362,182,28,154,11,143,85,58
31,363,171,21,150,13,137,90,47
31,364,1973,242,1731,96,1635,891,744
31,365,349,67,282,25,257,192,65
31,366,451,36,415,15,400,263,137
31,367,84,8,76,6,70,39,31
31,368,161,19,142,7,135,71,64
31,369,36,2,34,3,31,11,20
31,370,122,7,115,7,108,51,57
31,371,384,58,326,34,292,166,126
31,372,415,61,354,23,331,216,115
31,373,118,21,97,8,89,66,23
31,374,748,102,646,32,614,393,221
31,375,2285,306,1979,120,1859,1167,692
31,376,93,14,79,7,72,42,30
31,377,461,31,430,19,411,259,152
31,378,57,2,55,4,51,36,15
31,379,119,11,108,10,98,56,42
31,380,326,51,275,14,261,168,93
31,381,1694,217,1477,86,1391,811,580
31,382,80,8,72,2,70,38,32
31,383,963,118,845,65,780,422,358
31,384,852,86,766,42,724,447,277
31,385,194,20,174,13,161,129,32
31,386,131,18,113,10,103,67,36
31,387,95,10,85,4,81,40,41
31,388,298,29,269,11,258,139,119
31,389,2965,316,2649,138,2511,1396,1115
31,390,2021,428,1593,110,1483,886,597
31,391,382,53,329,23,306,181,125
31,392,53,3,50,4,46,17,29
31,393,130,11,119,1,118,81,37
31,394,130,15,115,5,110,52,58
31,395,16102,3080,13022,817,12205,6600,5605
31,396,1772,267,1505,82,1423,848,575
31,397,48,11,37,4,33,17,16
31,398,69,12,57,8,49,40,9
31,399,1965,275,1690,116,1574,870,704
31,400,70,7,63,10,53,26,27
31,401,258,26,232,14,218,143,75
31,402,619,54,565,31,534,283,251
31,403,503,82,421,24,397,211,186
31,404,99,13,86,3,83,53,30
31,405,100,12,88,4,84,55,29
31,406,619,83,536,37,499,317,182
31,407,892,109,783,68,715,399,316
31,408,70,6,64,4,60,27,33
31,409,1480,174,1306,78,1228,760,468
31,410,2854,382,2472,143,2329,1326,1003
31,411,653,76,577,18,559,303,256
31,412,212,29,183,20,163,92,71
31,413,379,50,329,40,289,162,127
31,414,75,11,64,11,53,32,21
31,415,78,5,73,4,69,43,26
31,416,368,31,337,15,322,192,130
31,417,6508,1054,5454,248,5206,2827,2379
31,418,811,120,691,31,660,235,425
31,419,144,23,121,10,111,54,57
31,420,2016,266,1750,106,1644,904,740
31,421,3532,632,2900,184,2716,1716,1000
31,422,93,14,79,8,71,39,32
31,423,234,44,190,11,179,111,68
31,424,12220,1900,10320,593,9727,5807,3920
31,425,385,56,329,24,305,227,78
31,426,565,93,472,42,430,291,139
31,427,724,116,608,50,558,345,213
31,428,56,10,46,2,44,35,9
31,429,1452,188,1264,66,1198,702,496
31,430,506,76,430,54,376,258,118
31,431,85,0,85,20,65,40,25
31,432,36,4,32,1,31,21,10
31,433,6508,979,5529,301,5228,3101,2127
31,434,66,8,58,6,52,31,21
31,435,683,104,579,38,541,299,242
31,436,301,37,264,9,255,174,81
31,437,84,12,72,4,68,43,25
31,438,186,25,161,10,151,71,80
31,439,483,44,439,23,416,181,235
31,440,52,11,41,4,37,27,10
31,441,126,15,111,8,103,63,40
31,442,321,33,288,22,266,156,110
31,443,260,49,211,30,181,95,86
31,444,97,16,81,13,68,45,23
31,445,4013,409,3604,170,3434,1739,1695
31,446,9199,1736,7463,329,7134,4616,2518
31,447,60,6,54,8,46,29,17
31,448,362,19,343,12,331,186,145
31,449,123,19,104,5,99,69,30
31,450,340,27,313,15,298,176,122
31,451,7147,1105,6042,400,5642,3054,2588
31,452,41,6,35,0,35,26,9
31,453,110,9,101,4,97,54,43
31,454,2315,310,2005,152,1853,1002,851
31,455,1768,272,1496,108,1388,819,569
31,456,37,5,32,0,32,25,7
31,457,649,112,537,35,502,316,186
31,458,2813,516,2297,122,2175,1197,978
31,459,545,61,484,26,458,256,202
31,460,3116,378,2738,173,2565,1472,1093
31,461,232,38,194,17,177,124,53
31,462,1458,167,1291,59,1232,513,719
31,463,199,29,170,13,157,97,60
31,464,222,33,189,18,171,95,76
31,465,26,4,22,1,21,12,9
31,466,563,72,491,33,458,240,218
31,467,4351,728,3623,244,3379,1969,1410
31,468,169,22,147,24,123,45,78
31,469,147,17,130,5,125,87,38
31,470,98,23,75,4,71,45,26
31,471,312,61,251,12,239,150,89
31,472,239,30,209,6,203,129,74
31,473,263,22,241,28,213,120,93
31,474,248,31,217,20,197,104,93
31,475,843,93,750,50,700,393,307
31,476,575,82,493,22,471,277,194
31,477,46,10,36,2,34,26,8
31,478,1085,178,907,57,850,481,369
31,479,56,14,42,6,36,11,25
31,480,1570,173,1397,69,1328,805,523
31,481,1456,204,1252,117,1135,637,498
31,482,174,21,153,5,148,105,43
31,483,8282,1867,6415,409,6006,3242,2764
31,484,1627,188,1439,80,1359,730,629
31,485,82,15,67,2,65,39,26
31,486,732,75,657,57,600,359,241
31,487,196,25,171,12,159,94,65
31,488,7782,1272,6510,335,6175,3434,2741
31,489,270,34,236,12,224,121,103
31,490,3791,712,3079,198,2881,1458,1423
31,491,325,36,289,14,275,181,94
31,492,370,40,330,19,311,205,106
31,493,109,8,101,7,94,64,30
31,494,159,31,128,4,124,63,61
31,495,869,116,753,47,706,424,282
31,496,231,24,207,18,189,118,71
31,497,1356,128,1228,73,1155,604,551
31,498,35,6,29,1,28,13,15
31,499,5876,1026,4850,332,4518,2675,1843
31,500,473,75,398,32,366,185,181
31,501,372,37,335,29,306,118,188
31,502,329,48,281,19,262,168,94
31,503,684,114,570,42,528,326,202
31,504,184,31,153,10,143,94,49
31,505,280,51,229,16,213,122,91
31,506,8480,989,7491,424,7067,3945,3122
31,507,786,93,693,37,656,365,291
31,508,52,4,48,3,45,24,21
31,509,159,34,125,9,116,73,43
31,510,111,14,97,6,91,57,34
31,511,199,20,179,22,157,94,63
31,512,534,55,479,24,455,250,205
31,513,315,48,267,20,247,140,107
31,514,66,10,56,3,53,32,21
31,515,334,44,290,16,274,142,132
31,516,1237,126,1111,65,1046,526,520
31,517,1392,170,1222,82,1140,695,445
31,518,460,99,361,24,337,207,130
31,519,135,10,125,5,120,80,40
31,520,93,19,74,1,73,51,22
31,521,338,46,292,23,269,149,120
31,522,56,15,41,5,36,25,11
31,523,1382,337,1045,80,965,574,391
31,524,104,10,94,9,85,54,31
31,525,414,69,345,30,315,198,117
31,526,5324,775,4549,257,4292,2624,1668
31,527,106,8,98,6,92,65,27
31,528,123,10,113,7,106,77,29
31,529,93,9,84,6,78,44,34
31,530,160,12,148,13,135,80,55
31,531,68,7,61,5,56,33,23
31,532,66,14,52,2,50,41,9
31,533,1350,163,1187,61,1126,613,513
31,534,156,21,135,8,127,59,68
31,535,566,95,471,32,439,288,151
31,536,251,40,211,20,191,100,91
31,537,124,14,110,7,103,46,57
31,538,166,22,144,7,137,86,51
31,539,59,10,49,2,47,30,17
31,540,162,11,151,10,141,73,68
31,541,1864,257,1607,85,1522,738,784
31,542,185,31,154,12,142,77,65
31,543,88,13,75,5,70,45,25
31,544,204,27,177,10,167,102,65
31,545,187,24,163,17,146,95,51
31,546,91,15,76,8,68,37,31
31,547,4805,709,4096,253,3843,2179,1664
31,548,54,10,44,0,44,26,18
31,549,23,2,21,1,20,18,2
31,550,468,58,410,17,393,268,125
31,551,287,28,259,6,253,153,100
31,552,129,31,98,11,87,55,32
31,553,791,110,681,54,627,380,247
31,554,192,36,156,14,142,72,70
31,555,249571,57163,192408,8230,184178,115181,68997
31,556,323,46,277,20,257,143,114
31,557,19345,2988,16357,752,15605,8940,6665
31,558,166,15,151,11,140,92,48
31,559,18,3,15,2,13,8,5
31,560,327,37,290,12,278,170,108
31,561,10193,1512,8681,460,8221,4432,3789
31,562,124,22,102,15,87,63,24
31,563,950,118,832,40,792,425,367
31,564,148,20,128,11,117,49,68
31,565,659,97,562,37,525,352,173
31,566,373,26,347,34,313,190,123
31,567,292,27,265,15,250,126,124
31,568,195,19,176,16,160,86,74
31,569,298,35,263,14,249,122,127
31,570,238,27,211,11,200,92,108
31,571,180,13,167,16,151,86,65
31,572,1960,222,1738,109,1629,971,658
31,573,2358,293,2065,149,1916,1077,839
31,574,1640,200,1440,92,1348,832,516
31,575,924,91,833,23,810,299,511
31,576,208,31,177,12,165,105,60
31,577,114,16,98,2,96,70,26
31,578,858,109,749,26,723,320,403
31,579,562,68,494,22,472,258,214
31,580,640,72,568,44,524,303,221
31,581,1005,108,897,63,834,480,354
31,582,3080,467,2613,149,2464,1498,966
31,583,791,110,681,47,634,307,327
31,584,4219,840,3379,222,3157,1699,1458
31,585,1303,144,1159,71,1088,549,539
31,586,485,105,380,33,347,209,138
31,587,922,141,781,50,731,406,325
31,588,6546,960,5586,315,5271,2983,2288
31,589,948,117,831,61,770,455,315
31,590,45,4,41,4,37,25,12
31,591,83,12,71,1,70,42,28
31,592,1182,151,1031,64,967,507,460
31,593,75,13,62,4,58,41,17
32,1,597,91,506,34,472,281,191
32,2,86,7,79,3,76,41,35
32,3,56,6,50,4,46,23,23
32,4,115,13,102,7,95,56,39
32,5,244,28,216,22,194,109,85
32,7,162,29,133,15,118,81,37
32,8,70,11,59,10,49,33,16
32,9,61,5,56,6,50,19,31
32,10,76,5,71,3,68,43,25
32,12,856,111,745,43,702,416,286
32,13,15382,2913,12469,690,11779,7463,4316
32,14,89,6,83,2,81,52,29
32,15,82,9,73,6,67,38,29
32,16,498,63,435,24,411,228,183
32,17,107,9,98,8,90,41,49
32,18,146,21,125,9,116,87,29
32,19,442,38,404,22,382,229,153
32,20,184,18,166,10,156,67,89
32,21,43,2,41,2,39,22,17
32,22,124,12,112,6,106,53,53
32,23,63,5,58,1,57,27,30
32,24,133,14,119,12,107,43,64
32,25,122,28,94,8,86,50,36
32,26,102,15,87,10,77,41,36
32,27,1064,118,946,64,882,496,386
32,28,116,17,99,7,92,38,54
32,29,513,55,458,24,434,239,195
32,30,102,10,92,8,84,23,61
32,31,127,12,115,4,111,47,64
32,32,277,32,245,10,235,115,120
32,33,86,4,82,5,77,30,47
32,34,51,8,43,3,40,22,18
32,35,235,39,196,9,187,96,91
32,36,500,63,437,31,406,247,159
32,37,123,9,114,5,109,54,55
32,38,135,14,121,6,115,61,54
32,39,88,10,78,4,74,51,23
32,40,115,12,103,2,101,39,62
32,41,125,15,110,8,102,58,44
32,42,120,15,105,4,101,54,47
32,43,126,14,112,11,101,56,45
32,44,301,39,262,22,240,116,124
32,45,350,36,314,18,296,191,105
32,46,179,23,156,11,145,94,51
32,47,94,10,84,5,79,33,46
32,48,75,8,67,9,58,30,28
32,49,63,8,55,8,47,26,21
32,50,100,24,76,4,72,53,19
32,51,93,10,83,4,79,44,35
32,52,102,4,98,3,95,61,34
32,53,154,27,127,10,117,74,43
32,54,303,34,269,14,255,143,112
32,55,99,3,96,6,90,37,53
32,56,36,5,31,1,30,17,13
32,57,114,13,101,1,100,57,43
32,58,48,7,41,4,37,24,13
32,59,118,17,101,4,97,65,32
32,60,138,15,123,6,117,76,41
32,61,125,10,115,14,101,29,72
32,62,152,19,133,5,128,45,83
32,63,142,13,129,8,121,65,56
32,64,333,48,285,17,268,138,130
32,65,184,24,160,9,151,70,81
32,66,201,23,178,9,169,82,87
32,67,41,5,36,0,36,14,22
32,68,109,12,97,4,93,66,27
32,69,60,6,54,1,53,30,23
32,70,147,16,131,10,121,59,62
32,71,157,13,144,6,138,66,72
32,72,39,10,29,3,26,10,16
32,73,164,14,150,14,136,70,66
32,74,47,2,45,1,44,23,21
32,75,169,17,152,14,138,72,66
32,76,433,47,386,21,365,218,147
32,77,72,10,62,3,59,37,22
32,78,184,13,171,15,156,77,79
32,79,827,130,697,55,642,372,270
32,80,137,14,123,4,119,52,67
32,81,115,18,97,9,88,53,35
32,82,251,27,224,15,209,79,130
32,83,740,69,671,39,632,379,253
32,84,56,2,54,1,53,13,40
32,85,130,13,117,6,111,54,57
32,86,84,11,73,8,65,39,26
32,87,83,11,72,4,68,40,28
32,88,273,34,239,11,228,94,134
32,89,202,33,169,16,153,83,70
32,90,242,32,210,20,190,98,92
32,91,270,26,244,14,230,139,91
32,92,87,13,74,6,68,27,41
32,93,106,13,93,7,86,52,34
32,94,345,34,311,16,295,181,114
32,95,471,59,412,36,376,178,198
32,96,1309,208,1101,83,1018,554,464
32,97,88,10,78,4,74,55,19
32,98,180,14,166,9,157,93,64
32,99,71,18,53,6,47,34,13
32,100,109,5,104,11,93,42,51
32,101,141,18,123,10,113,54,59
32,102,142,25,117,8,109,65,44
32,103,129,16,113,13,100,77,23
32,104,143,18,125,7,118,73,45
32,105,188,19,169,14,155,76,79
32,106,523,78,445,28,417,226,191
32,107,4992,768,4224,264,3960,2155,1805
32,108,100,16,84,8,76,40,36
32,109,181,32,149,13,136,93,43
32,110,275,32,243,11,232,146,86
32,111,31,8,23,2,21,9,12
32,112,204,21,183,11,172,109,63
32,113,69,15,54,6,48,17,31
32,114,110,19,91,7,84,39,45
32,115,275,27,248,12,236,100,136
32,116,121,17,104,7,97,67,30
32,117,658,56,602,31,571,355,216
32,118,133,17,116,3,113,67,46
32,119,2929,478,2451,153,2298,1131,1167
32,120,304,41,263,16,247,165,82
32,121,444,71,373,26,347,185,162
32,122,247,24,223,23,200,110,90
32,123,445,56,389,35,354,194,160
32,124,150,13,137,7,130,52,78
32,125,93,17,76,3,73,40,33
32,126,143,21,122,4,118,59,59
32,127,568,89,479,43,436,257,179
32,128,167,20,147,10,137,79,58
32,129,125,13,112,16,96,49,47
32,130,162,23,139,8,131,103,28
32,131,108,10,98,8,90,54,36
32,132,4845,829,4016,236,3780,2175,1605
32,133,261,28,233,11,222,119,103
32,134,254,29,225,11,214,107,107
32,135,104,16,88,3,85,47,38
32,136,144,25,119,7,112,66,46
32,138,131,20,111,7,104,40,64
32,139,83,7,76,4,72,39,33
32,140,51,5,46,4,42,15,27
32,141,98,16,82,3,79,48,31
32,142,111,9,102,8,94,46,48
32,143,271,37,234,9,225,87,138
32,144,74,10,64,5,59,32,27
32,145,39,3,36,2,34,21,13
32,146,244,26,218,18,200,88,112
32,147,2277,461,1816,111,1705,924,781
32,148,69,11,58,7,51,22,29
32,149,886,104,782,45,737,406,331
32,150,167,31,136,12,124,72,52
32,151,60,6,54,0,54,29,25
32,152,250,33,217,17,200,127,73
32,153,95,4,91,5,86,53,33
32,154,93,17,76,10,66,24,42
32,155,868,128,740,48,692,425,267
32,156,161,17,144,7,137,91,46
32,157,113,13,100,4,96,70,26
32,158,185,18,167,7,160,93,67
32,159,451,71,380,29,351,167,184
32,160,5439,924,4515,291,4224,2346,1878
32,161,84,8,76,7,69,59,10
32,162,860,86,774,45,729,475,254
32,163,242,38,204,12,192,134,58
32,164,121,19,102,9,93,48,45
32,165,175,18,157,9,148,80,68
32,166,76,6,70,7,63,42,21
32,167,232,32,200,14,186,116,70
32,168,174,24,150,13,137,75,62
32,169,115,14,101,10,91,63,28
32,170,142,19,123,4,119,87,32
32,171,127,12,115,5,110,65,45
32,172,258,38,220,18,202,142,60
32,173,174,22,152,13,139,69,70
32,174,195,41,154,20,134,98,36
32,175,154,25,129,13,116,70,46
32,176,118,13,105,0,105,45,60
32,177,120,18,102,3,99,57,42
32,178,63,8,55,1,54,22,32
32,180,363,58,305,26,279,139,140
32,181,246,37,209,16,193,102,91
32,182,149,18,131,9,122,69,53
32,183,207,24,183,13,170,120,50
32,184,96,8,88,12,76,41,35
32,185,123,16,107,5,102,61,41
32,186,66,5,61,3,58,45,13
32,187,96,19,77,7,70,38,32
32,188,71,8,63,2,61,38,23
32,189,87,15,72,4,68,28,40
32,190,457,69,388,25,363,148,215
32,191,104,11,93,10,83,45,38
32,192,167,22,145,7,138,66,72
32,193,176,21,155,11,144,83,61
32,194,175,11,164,9,155,71,84
32,195,53,5,48,4,44,28,16
32,196,126,27,99,8,91,52,39
32,197,197,11,186,11,175,59,116
32,198,137,25,112,16,96,51,45
32,199,155,21,134,6,128,71,57
32,200,283,35,248,23,225,156,69
32,201,246,23,223,13,210,143,67
32,202,191,20,171,7,164,69,95
32,203,206,32,174,5,169,98,71
32,204,335,30,305,28,277,154,123
32,205,96,17,79,5,74,45,29
32,206,183,13,170,15,155,93,62
32,207,254,19,235,12,223,119,104
32,208,2800,458,2342,122,2220,1229,991
32,209,191,17,174,15,159,90,69
32,210,341,37,304,23,281,161,120
32,211,154,22,132,10,122,53,69
32,212,190,29,161,10,151,62,89
32,213,1372,169,1203,84,1119,650,469
32,214,117,13,104,4,100,52,48
32,215,154,19,135,10,125,57,68
32,216,107,10,97,0,97,68,29
32,217,47,9,38,1,37,19,18
32,218,62,13,49,2,47,36,11
32,219,253,18,235,14,221,111,110
32,220,116,22,94,5,89,51,38
32,221,206,18,188,19,169,98,71
32,222,182,25,157,12,145,75,70
32,223,52,1,51,1,50,36,14
32,224,180,21,159,13,146,80,66
32,225,77,6,71,1,70,63,7
32,226,77,10,67,4,63,30,33
32,227,629,105,524,38,486,296,190
32,228,81,11,70,9,61,42,19
32,229,61,5,56,2,54,24,30
32,230,58,8,50,7,43,22,21
32,231,346,35,311,26,285,152,133
32,232,42,3,39,1,38,17,21
32,233,919,113,806,53,753,461,292
32,234,179,18,161,8,153,70,83
32,235,156,13,143,9,134,67,67
32,236,55,4,51,3,48,27,21
32,237,399,58,341,25,316,143,173
32,238,72,8,64,3,61,27,34
32,239,374,50,324,23,301,178,123
32,240,45,4,41,4,37,28,9
32,241,138,7,131,9,122,73,49
32,242,1091,149,942,56,886,548,338
32,243,240,39,201,14,187,77,110
32,244,163,14,149,13,136,97,39
32,245,120,17,103,9,94,31,63
32,246,140,18,122,7,115,75,40
32,247,211,16,195,17,178,86,92
32,248,114,10,104,6,98,46,52
32,249,1570,212,1358,73,1285,755,530
32,250,75,7,68,4,64,24,40
32,251,51,4,47,3,44,27,17
32,252,928,166,762,46,716,435,281
32,253,393,50,343,21,322,167,155
32,254,283,33,250,23,227,129,98
32,255,124,20,104,3,101,57,44
32,256,2431,356,2075,139,1936,1024,912
32,257,65,10,55,0,55,25,30
32,258,179,16,163,12,151,74,77
32,260,70,8,62,14,48,17,31
32,261,265,21,244,10,234,162,72
32,262,250,30,220,8,212,107,105
32,263,100,10,90,4,86,53,33
32,264,146,23,123,7,116,58,58
32,265,110,19,91,2,89,34,55
32,266,116,16,100,10,90,65,25
32,267,106,15,91,8,83,56,27
32,268,533,55,478,33,445,259,186
32,269,349,44,305,18,287,146,141
32,270,66,8,58,4,54,25,29
32,271,233,22,211,15,196,103,93
32,272,141,23,118,4,114,57,57
32,273,146,21,125,6,119,86,33
32,274,164,30,134,12,122,76,46
32,275,30,2,28,0,28,23,5
32,276,68,2,66,4,62,32,30
32,277,118,14,104,12,92,50,42
32,278,108,15,93,3,90,43,47
32,279,540,57,483,28,455,280,175
32,280,90,15,75,15,60,36,24
32,281,75,9,66,7,59,29,30
32,282,363,21,342,11,331,216,115
32,283,256,42,214,9,205,136,69
32,284,66,8,58,7,51,30,21
32,285,410,43,367,29,338,224,114
32,286,492,74,418,27,391,212,179
32,287,51,5,46,2,44,24,20
32,288,133,9,124,11,113,50,63
32,289,186,10,176,20,156,78,78
32,290,878,97,781,54,727,332,395
32,291,114,20,94,6,88,45,43
32,292,313,28,285,28,257,138,119
32,293,68,4,64,4,60,39,21
32,294,77,8,69,6,63,31,32
32,295,109,9,100,9,91,45,46
32,296,1366,207,1159,56,1103,698,405
32,297,256,23,233,14,219,108,111
32,298,265,29,236,15,221,126,95
32,299,92,10,82,7,75,44,31
32,300,196,25,171,17,154,90,64
32,301,637,69,568,28,540,293,247
32,302,210,19,191,15,176,111,65
32,303,44,6,38,4,34,28,6
32,304,197,25,172,10,162,94,68
32,305,296,38,258,14,244,154,90
32,306,459,52,407,24,383,228,155
32,307,2027,212,1815,108,1707,1128,579
32,308,83,5,78,8,70,47,23
32,309,87,5,82,9,73,36,37
32,310,76,7,69,10,59,35,24
32,311,241,19,222,7,215,103,112
32,312,588,73,515,27,488,267,221
32,313,114,14,100,5,95,48,47
32,314,63,11,52,4,48,32,16
32,315,156,21,135,12,123,60,63
32,316,81,6,75,3,72,54,18
32,317,64,4,60,1,59,39,20
32,318,77,10,67,3,64,40,24
32,319,1165,186,979,56,923,570,353
32,320,126,11,115,10,105,47,58
32,321,177,13,164,18,146,74,72
32,322,155,16,139,3,136,71,65
32,323,98,9,89,4,85,47,38
32,324,90,7,83,1,82,44,38
32,325,108,13,95,10,85,53,32
32,326,133,30,103,9,94,42,52
32,327,70,6,64,1,63,34,29
32,328,116,12,104,8,96,33,63
32,329,145,18,127,13,114,73,41
32,330,164,20,144,15,129,98,31
32,331,854,75,779,55,724,467,257
32,332,111,12,99,9,90,24,66
32,333,118,14,104,12,92,45,47
32,334,1018,159,859,71,788,400,388
32,335,354,36,318,24,294,142,152
32,336,162,17,145,7,138,88,50
32,337,65,10,55,9,46,23,23
32,338,132,28,104,5,99,46,53
32,339,129,15,114,7,107,65,42
32,340,205,28,177,12,165,71,94
32,341,159,20,139,8,131,74,57
32,342,50,9,41,1,40,22,18
32,343,175,17,158,14,144,81,63
32,344,1280,176,1104,67,1037,566,471
32,345,419,64,355,25,330,152,178
32,346,160,17,143,11,132,57,75
32,347,228,30,198,12,186,117,69
32,348,475,55,420,41,379,214,165
32,349,100,18,82,1,81,44,37
32,350,41,2,39,0,39,33,6
32,351,98,12,86,8,78,28,50
32,352,94,12,82,6,76,37,39
32,353,131,24,107,14,93,58,35
32,354,117,9,108,8,100,55,45
32,355,63,5,58,12,46,33,13
32,356,91,9,82,7,75,33,42
32,357,88,11,77,7,70,41,29
32,358,152,16,136,6,130,62,68
32,359,125,9,116,5,111,70,41
32,360,97,14,83,10,73,47,26
32,361,112,9,103,14,89,40,49
32,362,129,16,113,2,111,47,64
32,363,100,15,85,7,78,52,26
32,364,75,4,71,1,70,24,46
32,365,181,30,151,17,134,49,85
32,366,80,11,69,2,67,36,31
32,367,73,12,61,6,55,38,17
32,368,428,47,381,35,346,200,146
32,369,283,38,245,8,237,119,118
32,370,715,68,647,32,615,343,272
32,371,79,6,73,2,71,42,29
32,372,188,18,170,16,154,78,76
32,373,195,37,158,21,137,84,53
32,374,132,15,117,8,109,59,50
32,375,90,16,74,5,69,45,24
32,376,110,10,100,5,95,38,57
32,377,146,22,124,13,111,70,41
32,378,304,43,261,19,242,155,87
32,379,150,18,132,15,117,61,56
32,380,105,12,93,6,87,57,30
32,381,336,37,299,20,279,153,126
32,382,257,28,229,15,214,101,113
32,383,111,17,94,7,87,57,30
32,384,161,7,154,12,142,78,64
32,385,143,19,124,10,114,55,59
32,386,104,4,100,6,94,40,54
32,387,78,6,72,3,69,50,19
32,388,287,34,253,12,241,106,135
32,389,344,44,300,27,273,166,107
32,390,185,23,162,15,147,88,59
32,391,110,15,95,7,88,44,44
32,392,72,12,60,3,57,21,36
32,393,97,12,85,3,82,35,47
32,394,275,25,250,11,239,151,88
32,395,165,16,149,14,135,68,67
32,396,168,20,148,10,138,63,75
32,397,229,35,194,9,185,127,58
32,398,221,17,204,11,193,132,61
32,399,63,11,52,3,49,19,30
32,400,129,9,120,2,118,77,41
32,401,82,9,73,8,65,37,28
32,402,91,14,77,4,73,24,49
32,403,64,7,57,6,51,22,29
32,404,455,55,400,26,374,196,178
32,405,144,12,132,7,125,53,72
32,406,281,25,256,18,238,133,105
32,407,118,15,103,5,98,56,42
32,408,87,19,68,5,63,23,40
32,409,75,9,66,4,62,34,28
32,410,1775,227,1548,78,1470,841,629
32,411,77,4,73,8,65,43,22
32,412,635,96,539,37,502,288,214
32,413,59,11,48,9,39,20,19
32,414,206,25,181,20,161,104,57
32,415,73,5,68,6,62,33,29
32,416,311,34,277,21,256,141,115
32,417,275,42,233,9,224,137,87
32,418,203,24,179,12,167,102,65
32,419,119,13,106,9,97,65,32
32,420,56,6,50,2,48,24,24
32,421,128,26,102,16,86,50,36
32,422,44,9,35,4,31,24,7
32,423,41,4,37,1,36,21,15
32,424,211,21,190,11,179,83,96
32,425,667,78,589,59,530,329,201
32,426,845,101,744,34,710,377,333
32,427,59,6,53,6,47,37,10
32,428,61,8,53,8,45,15,30
32,429,250,34,216,21,195,75,120
32,430,75,8,67,10,57,39,18
32,431,37,2,35,3,32,21,11
32,432,203,24,179,7,172,106,66
32,433,523,88,435,25,410,226,184
32,434,80,7,73,2,71,45,26
32,435,111,15,96,11,85,45,40
32,436,340,51,289,25,264,136,128
32,437,163,25,138,6,132,72,60
32,438,82,17,65,6,59,42,17
32,439,138,16,122,10,112,72,40
32,440,177,29,148,9,139,95,44
32,441,58,5,53,2,51,16,35
32,442,321,52,269,10,259,142,117
32,443,151,25,126,11,115,63,52
32,444,187,15,172,10,162,94,68
32,445,113,20,93,2,91,61,30
32,446,227,23,204,21,183,123,60
32,447,72,4,68,4,64,30,34
32,448,405,34,371,36,335,185,150
32,449,171,22,149,9,140,104,36
32,450,80,3,77,9,68,42,26
32,451,154,18,136,13,123,55,68
32,452,252,36,216,16,200,88,112
32,453,109,17,92,10,82,39,43
32,454,64,3,61,8,53,29,24
32,455,145,13,132,9,123,78,45
32,456,59,13,46,4,42,19,23
32,457,183,20,163,9,154,79,75
32,458,197,27,170,9,161,76,85
32,459,966,158,808,62,746,432,314
32,460,220,29,191,14,177,105,72
32,461,77,9,68,8,60,27,33
32,462,2665,318,2347,134,2213,1178,1035
32,463,416,51,365,17,348,195,153
32,464,583,70,513,33,480,344,136
32,465,117,24,93,11,82,65,17
32,466,91,7,84,10,74,42,32
32,467,102,14,88,5,83,54,29
32,468,52,5,47,1,46,25,21
33,1,1414,296,1118,77,1041,598,443
33,2,577,67,510,38,472,270,202
33,3,9122,1886,7236,463,6773,4139,2634
33,4,2019,410,1609,104,1505,1031,474
33,5,9672,1390,8282,465,7817,3491,4326
33,6,674,100,574,41,533,284,249
33,7,740,94,646,47,599,330,269
33,8,195,23,172,13,159,88,71
33,9,10332,1809,8523,354,8169,2639,5530
33,10,297,44,253,16,237,143,94
33,11,4783,760,4023,169,3854,1787,2067
33,12,2584,391,2193,131,2062,1143,919
33,13,5273,614,4659,279,4380,2586,1794
33,14,758,108,650,30,620,318,302
33,15,1448,209,1239,73,1166,538,628
33,16,363,53,310,23,287,181,106
33,17,218,29,189,13,176,108,68
33,18,835,128,707,49,658,381,277
33,19,4838,777,4061,257,3804,2019,1785
33,20,86,13,73,4,69,44,25
33,21,678,71,607,35,572,295,277
33,22,1633,239,1394,110,1284,752,532
33,23,783,84,699,52,647,384,263
33,24,183,22,161,12,149,77,72
33,25,254,30,224,15,209,108,101
33,26,339,38,301,16,285,184,101
33,27,208,29,179,19,160,118,42
33,28,761,101,660,49,611,390,221
33,29,3237,480,2757,159,2598,1408,1190
33,30,1560,259,1301,83,1218,698,520
33,31,79,9,70,6,64,48,16
33,32,4553,793,3760,238,3522,2391,1131
33,33,594,104,490,25,465,263,202
33,34,393,73,320,19,301,128,173
33,35,559,74,485,43,442,245,197
33,36,3275,487,2788,136,2652,1486,1166
33,37,1681,254,1427,90,1337,867,470
33,38,747,139,608,44,564,222,342
33,39,17005,3381,13624,719,12905,9327,3578
33,40,732,97,635,48,587,315,272
33,42,2978,482,2496,191,2305,1291,1014
33,43,178,28,150,8,142,88,54
33,44,207,29,178,7,171,81,90
33,45,256,36,220,17,203,96,107
33,46,863,111,752,42,710,437,273
33,47,1333,200,1133,83,1050,562,488
33,48,170,23,147,20,127,80,47
33,49,1527,198,1329,89,1240,682,558
33,50,370,46,324,16,308,198,110
33,51,7366,1352,6014,391,5623,3268,2355
33,52,748,92,656,47,609,328,281
33,53,181,18,163,8,155,81,74
33,54,226,18,208,16,192,111,81
33,55,182,46,136,11,125,43,82
33,56,10864,1629,9235,536,8699,5298,3401
33,57,635,91,544,42,502,309,193
33,58,3132,694,2438,166,2272,1314,958
33,59,213,31,182,11,171,124,47
33,60,344,56,288,23,265,135,130
33,61,660,96,564,37,527,262,265
33,62,600,82,518,50,468,264,204
33,63,136304,26665,109639,4532,105107,60100,45007
33,64,48,8,40,1,39,19,20
33,65,2412,330,2082,103,1979,888,1091
33,66,85,16,69,5,64,21,43
33,67,1429,277,1152,88,1064,583,481
33,68,93,14,79,3,76,28,48
33,69,16601,2899,13702,645,13057,6298,6759
33,70,315,34,281,18,263,135,128
33,71,826,144,682,56,626,333,293
33,72,147,13,134,8,126,66,60
33,73,1089,183,906,95,811,399,412
33,74,143,14,129,10,119,77,42
33,75,10159,1407,8752,461,8291,4470,3821
33,76,549,67,482,31,451,236,215
33,77,1402,200,1202,72,1130,685,445
33,78,274,25,249,24,225,142,83
33,79,242,18,224,22,202,107,95
33,80,3729,492,3237,190,3047,1849,1198
33,81,1400,230,1170,90,1080,640,440
33,82,748,93,655,29,626,338,288
33,83,751,130,621,34,587,326,261
33,84,962,138,824,44,780,466,314
33,85,2042,225,1817,93,1724,941,783
33,86,246,39,207,11,196,106,90
33,87,343,58,285,18,267,164,103
33,88,424,76,348,22,326,199,127
33,89,335,59,276,20,256,159,97
33,90,4000,452,3548,224,3324,2269,1055
33,91,851,139,712,50,662,376,286
33,92,164,17,147,8,139,58,81
33,93,498,55,443,29,414,244,170
33,94,172,15,157,17,140,53,87
33,95,1055,143,912,52,860,551,309
33,96,5281,856,4425,265,4160,2576,1584
33,97,2002,288,1714,104,1610,871,739
33,98,358,52,306,14,292,172,120
33,99,2752,373,2379,141,2238,1209,1029
33,100,963,155,808,55,753,420,333
33,101,757,107,650,56,594,329,265
33,102,332,63,269,26,243,134,109
33,103,46,3,43,0,43,32,11
33,104,2718,485,2233,144,2089,1259,830
33,105,146,23,123,5,118,52,66
33,106,835,137,698,54,644,369,275
33,107,228,25,203,10,193,101,92
33,108,2032,472,1560,110,1450,751,699
33,109,1410,215,1195,70,1125,723,402
33,111,678,103,575,34,541,313,228
33,112,108,13,95,3,92,59,33
33,113,119,7,112,10,102,46,56
33,114,956,142,814,63,751,364,387
33,115,212,31,181,14,167,90,77
33,116,240,24,216,8,208,113,95
33,117,161,19,142,9,133,74,59
33,118,1466,215,1251,66,1185,643,542
33,119,12834,3148,9686,536,9150,6607,2543
33,120,1326,193,1133,69,1064,678,386
33,121,170,30,140,16,124,77,47
33,122,13650,1499,12151,670,11481,6999,4482
33,123,1588,253,1335,125,1210,690,520
33,124,467,53,414,33,381,227,154
33,125,1251,184,1067,84,983,509,474
33,126,543,79,464,33,431,225,206
33,127,147,15,132,14,118,63,55
33,128,445,52,393,30,363,148,215
33,129,141,24,117,6,111,50,61
33,130,669,92,577,33,544,317,227
33,131,146,21,125,15,110,65,45
33,132,339,50,289,34,255,120,135
33,133,73,15,58,4,54,27,27
33,134,188,42,146,2,144,74,70
33,135,98,7,91,12,79,53,26
33,136,223,50,173,14,159,70,89
33,137,163,17,146,11,135,74,61
33,138,6065,1069,4996,318,4678,2646,2032
33,139,61,6,55,7,48,22,26
33,140,2870,481,2389,170,2219,1366,853
33,141,396,51,345,17,328,206,122
33,142,888,131,757,64,693,372,321
33,143,1586,268,1318,82,1236,770,466
33,144,568,63,505,35,470,280,190
33,145,389,34,355,17,338,195,143
33,146,1243,187,1056,74,982,531,451
33,147,344,46,298,26,272,161,111
33,148,73,9,64,5,59,33,26
33,149,110,7,103,5,98,36,62
33,150,208,31,177,10,167,84,83
33,151,691,114,577,46,531,293,238
33,152,118,18,100,8,92,44,48
33,153,230,43,187,11,176,82,94
33,154,1386,286,1100,74,1026,607,419
33,155,128,16,112,11,101,72,29
33,156,227,29,198,29,169,93,76
33,157,474,74,400,36,364,231,133
33,158,211,28,183,17,166,80,86
33,159,1104,241,863,66,797,470,327
33,160,428,73,355,20,335,215,120
33,161,541,92,449,29,420,194,226
33,162,13081,2042,11039,577,10462,6037,4425
33,163,330,49,281,20,261,133,128
33,164,1198,137,1061,74,987,637,350
33,165,1835,235,1600,89,1511,772,739
33,166,337,51,286,22,264,156,108
33,167,11058,2944,8114,494,7620,5423,2197
33,168,400,49,351,24,327,175,152
33,169,71,12,59,4,55,35,20
33,170,590,103,487,40,447,260,187
33,171,153,35,118,9,109,61,48
33,172,242,28,214,16,198,89,109
33,173,157,22,135,7,128,67,61
33,174,813,93,720,38,682,311,371
33,175,543,116,427,20,407,262,145
33,176,233,28,205,25,180,94,86
33,177,1655,311,1344,76,1268,593,675
33,178,304,33,271,15,256,138,118
33,179,2075,279,1796,111,1685,910,775
33,180,158,20,138,16,122,75,47
33,181,221,34,187,18,169,71,98
33,182,660,103,557,41,516,313,203
33,183,829,130,699,64,635,409,226
33,184,436,60,376,26,350,166,184
33,185,1331,185,1146,58,1088,559,529
33,186,634,96,538,30,508,257,251
33,187,804,97,707,54,653,361,292
33,188,158,13,145,14,131,63,68
33,189,301,44,257,14,243,113,130
33,190,77,15,62,3,59,28,31
33,191,354,60,294,21,273,148,125
33,192,15733,2274,13459,735,12724,7462,5262
33,193,997,123,874,62,812,446,366
33,194,515,91,424,26,398,201,197
33,195,793,94,699,61,638,356,282
33,196,143,26,117,10,107,48,59
33,197,333,60,273,12,261,176,85
33,198,1098,201,897,80,817,511,306
33,199,15391,2510,12881,692,12189,5472,6717
33,200,6915,964,5951,312,5639,3384,2255
33,201,596,80,516,38,478,294,184
33,202,880,128,752,54,698,377,321
33,203,2597,382,2215,152,2063,1051,1012
33,204,356,44,312,24,288,165,123
33,205,1040,137,903,68,835,436,399
33,206,394,55,339,26,313,231,82
33,207,3920,700,3220,202,3018,1795,1223
33,208,746,107,639,37,602,273,329
33,209,203,23,180,11,169,85,84
33,210,181,19,162,12,150,73,77
33,211,419,64,355,27,328,228,100
33,212,98,19,79,11,68,43,25
33,213,3139,409,2730,143,2587,1332,1255
33,214,4174,660,3514,187,3327,1675,1652
33,215,173,29,144,10,134,55,79
33,216,126,9,117,8,109,64,45
33,218,1124,216,908,89,819,380,439
33,219,1705,271,1434,116,1318,767,551
33,220,764,128,636,55,581,328,253
33,221,742,104,638,52,586,277,309
33,222,487,67,420,30,390,168,222
33,223,127,10,117,11,106,39,67
33,224,97,11,86,7,79,40,39
33,225,1449,203,1246,92,1154,706,448
33,226,1490,213,1277,82,1195,683,512
33,227,4724,789,3935,244,3691,2221,1470
33,228,520,71,449,28,421,231,190
33,229,5401,846,4555,279,4276,2014,2262
33,230,363,51,312,32,280,150,130
33,231,205,16,189,11,178,85,93
33,232,54,3,51,4,47,14,33
33,233,1725,375,1350,98,1252,636,616
33,234,2658,334,2324,99,2225,1079,1146
33,235,152,18,134,8,126,59,67
33,236,7834,1122,6712,332,6380,2255,4125
33,237,541,53,488,40,448,256,192
33,238,7663,1112,6551,343,6208,3666,2542
33,239,389,55,334,25,309,144,165
33,240,3785,880,2905,175,2730,1359,1371
33,241,362,40,322,14,308,192,116
33,242,453,51,402,33,369,179,190
33,243,15978,3165,12813,790,12023,6707,5316
33,244,227,18,209,17,192,111,81
33,245,606,73,533,17,516,276,240
33,246,143,13,130,15,115,46,69
33,247,122,26,96,12,84,35,49
33,248,1689,272,1417,111,1306,727,579
33,249,10768,2485,8283,402,7881,5492,2389
33,250,262,38,224,8,216,108,108
33,251,497,81,416,26,390,263,127
33,252,444,44,400,23,377,194,183
33,253,777,94,683,40,643,378,265
33,254,296,34,262,12,250,128,122
33,255,211,17,194,11,183,148,35
33,256,3070,421,2649,172,2477,1486,991
33,257,309,29,280,19,261,148,113
33,258,244,34,210,10,200,116,84
33,259,799,139,660,36,624,335,289
33,260,590,63,527,47,480,226,254
33,261,841,126,715,42,673,302,371
33,262,2395,358,2037,150,1887,1120,767
33,263,160,21,139,11,128,71,57
33,264,752,130,622,53,569,336,233
33,266,557,50,507,36,471,287,184
33,267,910,187,723,52,671,291,380
33,268,976,197,779,42,737,408,329
33,269,285,36,249,21,228,106,122
33,270,129,10,119,12,107,59,48
33,271,157,21,136,9,127,71,56
33,272,769,127,642,43,599,373,226
33,273,5338,786,4552,247,4305,2321,1984
33,274,1783,174,1609,96,1513,866,647
33,275,128,14,114,7,107,53,54
33,276,105,11,94,10,84,46,38
33,277,203,39,164,8,156,79,77
33,278,195,22,173,12,161,87,74
33,279,500,63,437,23,414,248,166
33,280,345,48,297,25,272,114,158
33,281,44764,7837,36927,1884,35043,21113,13930
33,282,260,40,220,15,205,108,97
33,283,131,32,99,8,91,54,37
33,284,5169,708,4461,297,4164,2368,1796
33,285,318,39,279,24,255,139,116
33,287,428,63,365,27,338,186,152
33,288,220,34,186,13,173,85,88
33,289,1044,138,906,45,861,554,307
33,290,1073,180,893,55,838,340,498
33,291,153,10,143,5,138,82,56
33,292,113,9,104,2,102,57,45
33,293,2064,300,1764,112,1652,870,782
33,294,415,71,344,19,325,151,174
33,295,84,9,75,5,70,45,25
33,296,768,106,662,58,604,320,284
33,297,1201,186,1015,87,928,555,373
33,298,746,79,667,45,622,383,239
33,299,301,51,250,21,229,109,120
33,300,782,130,652,44,608,306,302
33,301,434,32,402,28,374,187,187
33,302,280,34,246,18,228,112,116
33,303,701,111,590,46,544,309,235
33,304,127,17,110,8,102,66,36
33,305,335,35,300,22,278,158,120
33,306,308,44,264,29,235,135,100
33,307,1065,154,911,59,852,499,353
33,308,194,23,171,9,162,101,61
33,309,385,68,317,11,306,166,140
33,310,160,27,133,4,129,84,45
33,311,799,105,694,47,647,424,223
33,312,5736,883,4853,283,4570,2783,1787
33,314,3403,864,2539,188,2351,1231,1120
33,315,1105,157,948,73,875,517,358
33,316,789,182,607,46,561,250,311
33,317,809,132,677,53,624,353,271
33,318,39247,6882,32365,1543,30822,19258,11564
33,319,343,59,284,25,259,126,133
33,320,471,65,406,31,375,198,177
33,321,1267,135,1132,82,1050,661,389
33,322,4533,597,3936,224,3712,2122,1590
33,323,564,70,494,29,465,252,213
33,324,2953,442,2511,200,2311,1100,1211
33,325,624,70,554,34,520,275,245
33,326,167,22,145,11,134,60,74
33,327,1863,336,1527,113,1414,876,538
33,328,525,88,437,23,414,201,213
33,329,198,19,179,9,170,130,40
33,330,2206,269,1937,94,1843,1017,826
33,331,338,29,309,31,278,171,107
33,332,666,92,574,52,522,286,236
33,333,1887,242,1645,127,1518,850,668
33,334,1740,273,1467,98,1369,811,558
33,335,376,40,336,20,316,174,142
33,336,793,72,721,51,670,393,277
33,337,1559,282,1277,72,1205,679,526
33,338,166,33,133,10,123,50,73
33,339,1027,157,870,59,811,536,275
33,341,1473,222,1251,106,1145,633,512
33,342,642,80,562,34,528,214,314
33,343,545,57,488,30,458,280,178
33,344,455,56,399,18,381,174,207
33,345,249,25,224,18,206,103,103
33,346,283,34,249,17,232,112,120
33,347,251,35,216,16,200,116,84
33,348,1089,168,921,59,862,451,411
33,349,1513,150,1363,68,1295,747,548
33,350,894,131,763,49,714,420,294
33,351,1136,225,911,62,849,416,433
33,352,2896,753,2143,150,1993,1122,871
33,353,171,22,149,7,142,68,74
33,354,152,23,129,14,115,61,54
33,355,1086,128,958,70,888,552,336
33,356,279,38,241,12,229,105,124
33,357,975,81,894,56,838,488,350
33,358,262,32,230,11,219,129,90
33,359,176,29,147,10,137,58,79
33,360,249,28,221,13,208,96,112
33,361,403,38,365,31,334,195,139
33,362,945,174,771,58,713,401,312
33,363,2718,394,2324,137,2187,1217,970
33,364,278,33,245,15,230,101,129
33,365,171,17,154,11,143,54,89
33,366,6387,1107,5280,362,4918,2887,2031
33,367,338,41,297,11,286,170,116
33,369,540,81,459,28,431,190,241
33,370,464,75,389,35,354,208,146
33,371,277,45,232,10,222,140,82
33,372,61,8,53,4,49,23,26
33,373,441,71,370,22,348,186,162
33,374,559,80,479,27,452,251,201
33,375,296,30,266,21,245,127,118
33,376,4768,520,4248,217,4031,1960,2071
33,377,62,8,54,4,50,30,20
33,378,1088,154,934,77,857,475,382
33,379,220,40,180,16,164,103,61
33,380,389,42,347,22,325,180,145
33,381,2220,337,1883,122,1761,1078,683
33,382,1290,238,1052,79,973,485,488
33,383,255,49,206,9,197,83,114
33,384,388,49,339,22,317,113,204
33,385,536,132,404,27,377,210,167
33,386,173,23,150,15,135,59,76
33,387,986,228,758,53,705,394,311
33,388,563,88,475,43,432,280,152
33,389,2338,408,1930,182,1748,936,812
33,390,347,70,277,25,252,105,147
33,391,250,30,220,15,205,134,71
33,392,634,97,537,44,493,317,176
33,393,3584,596,2988,188,2800,1513,1287
33,394,1542,221,1321,80,1241,446,795
33,395,1067,195,872,62,810,396,414
33,396,207,39,168,3,165,60,105
33,397,2994,441,2553,155,2398,1407,991
33,398,123,24,99,11,88,64,24
33,399,240,43,197,10,187,94,93
33,400,243,28,215,17,198,95,103
33,401,111,11,100,8,92,32,60
33,402,1533,436,1097,52,1045,582,463
33,403,95,9,86,12,74,42,32
33,404,199,30,169,6,163,86,77
33,405,370,52,318,28,290,152,138
33,406,303,47,256,17,239,97,142
33,407,541,96,445,40,405,210,195
33,408,251,20,231,18,213,99,114
33,409,80,11,69,5,64,29,35
33,411,107,10,97,3,94,33,61
33,412,1036,214,822,58,764,382,382
33,413,1611,221,1390,74,1316,695,621
33,414,259,32,227,7,220,94,126
33,415,1188,145,1043,62,981,554,427
33,416,676,109,567,43,524,295,229
33,417,1790,253,1537,128,1409,807,602
33,418,268,38,230,14,216,128,88
33,419,64,9,55,2,53,16,37
33,420,127,21,106,3,103,39,64
33,421,334,76,258,21,237,95,142
33,422,5065,621,4444,241,4203,2147,2056
33,423,411,74,337,23,314,145,169
33,424,3035,497,2538,176,2362,1345,1017
33,425,1060,198,862,73,789,409,380
33,426,204,24,180,19,161,53,108
33,427,171,21,150,11,139,73,66
33,428,79,7,72,2,70,26,44
33,429,245,39,206,23,183,118,65
33,431,226,28,198,22,176,103,73
33,432,148,21,127,4,123,72,51
33,433,6260,1077,5183,331,4852,2854,1998
33,434,1367,180,1187,72,1115,759,356
33,435,1274,292,982,66,916,548,368
33,436,723,100,623,41,582,340,242
33,437,1319,203,1116,82,1034,484,550
33,438,1168,146,1022,71,951,630,321
33,439,1005,174,831,59,772,435,337
33,440,184,22,162,7,155,99,56
33,441,821,149,672,46,626,363,263
33,442,341,50,291,12,279,151,128
33,443,115,17,98,11,87,41,46
33,444,362,37,325,24,301,151,150
33,445,596,104,492,32,460,240,220
33,446,154,15,139,7,132,76,56
33,447,1688,369,1319,83,1236,648,588
33,448,2039,294,1745,108,1637,1016,621
33,449,21288,2610,18678,1096,17582,10060,7522
33,450,189,20,169,7,162,111,51
33,451,379,38,341,34,307,155,152
33,452,416,38,378,28,350,189,161
33,453,176,26,150,14,136,67,69
33,454,1141,134,1007,62,945,518,427
33,456,387,55,332,32,300,125,175
33,457,428,57,371,24,347,181,166
33,458,655,92,563,41,522,276,246
33,459,192,24,168,12,156,59,97
33,460,498,63,435,29,406,196,210
33,461,314,46,268,14,254,92,162
33,462,384,52,332,23,309,166,143
33,463,1025,146,879,48,831,594,237
33,464,250,32,218,15,203,132,71
33,465,821,103,718,58,660,409,251
33,466,1272,216,1056,74,982,561,421
33,467,211,30,181,10,171,81,90
33,468,336,44,292,24,268,145,123
33,470,630,84,546,36,510,273,237
33,471,945,142,803,55,748,385,363
33,472,287,38,249,7,242,152,90
33,473,1851,341,1510,111,1399,772,627
33,474,1751,264,1487,86,1401,763,638
33,475,302,47,255,14,241,130,111
33,476,554,102,452,27,425,188,237
33,477,519,100,419,36,383,221,162
33,478,2187,428,1759,129,1630,946,684
33,479,167,17,150,12,138,69,69
33,480,1229,233,996,68,928,470,458
33,481,170,25,145,10,135,68,67
33,482,203,38,165,23,142,66,76
33,483,3267,440,2827,148,2679,1349,1330
33,484,1303,221,1082,91,991,633,358
33,485,1287,167,1120,88,1032,491,541
33,486,256,44,212,18,194,113,81
33,487,715,135,580,36,544,309,235
33,488,328,62,266,17,249,124,125
33,489,284,52,232,22,210,91,119
33,490,1329,195,1134,90,1044,552,492
33,491,265,44,221,25,196,98,98
33,492,1364,273,1091,76,1015,622,393
33,493,338,31,307,37,270,147,123
33,494,568,49,519,47,472,229,243
33,495,1085,120,965,89,876,552,324
33,496,1648,179,1469,79,1390,775,615
33,498,4411,582,3829,261,3568,2043,1525
33,499,254,44,210,11,199,83,116
33,500,338,59,279,16,263,156,107
33,501,1699,227,1472,88,1384,771,613
33,502,278,57,221,14,207,107,100
33,503,369,33,336,22,314,173,141
33,504,485,52,433,29,404,222,182
33,505,926,125,801,50,751,455,296
33,506,1411,224,1187,72,1115,601,514
33,507,233,25,208,11,197,129,68
33,508,422,39,383,33,350,186,164
33,509,422,44,378,27,351,205,146
33,510,147,19,128,13,115,69,46
33,511,262,28,234,18,216,140,76
33,512,251,31,220,19,201,120,81
33,513,85,7,78,3,75,42,33
33,514,2604,473,2131,138,1993,848,1145
33,515,331,58,273,15,258,133,125
33,516,125,11,114,4,110,50,60
33,517,1086,177,909,53,856,480,376
33,518,802,87,715,44,671,381,290
33,519,7004,941,6063,329,5734,3237,2497
33,520,207,29,178,20,158,78,80
33,521,526,92,434,41,393,182,211
33,522,21880,3576,18304,893,17411,11138,6273
33,523,1245,172,1073,79,994,527,467
33,524,207,24,183,10,173,107,66
33,525,1056,180,876,78,798,472,326
33,526,120,16,104,11,93,40,53
33,527,4842,746,4096,239,3857,2161,1696
33,528,387,43,344,15,329,140,189
33,529,19070,3075,15995,885,15110,6247,8863
33,530,599,76,523,38,485,241,244
33,531,226,26,200,9,191,107,84
33,532,374,48,326,38,288,170,118
33,533,1584,273,1311,109,1202,766,436
33,534,556,95,461,32,429,272,157
33,535,3236,360,2876,138,2738,1614,1124
33,536,190,29,161,10,151,84,67
33,537,361,39,322,11,311,211,100
33,538,361,65,296,27,269,116,153
33,539,2406,382,2024,146,1878,962,916
33,540,2006,309,1697,93,1604,790,814
33,541,743,132,611,44,567,285,282
33,542,548,72,476,25,451,246,205
33,543,645,124,521,36,485,281,204
33,544,1286,216,1070,54,1016,543,473
33,545,879,178,701,58,643,336,307
33,546,355,48,307,26,281,111,170
33,547,740,128,612,40,572,324,248
33,548,847,106,741,47,694,380,314
33,549,255,26,229,15,214,133,81
33,550,20437,3390,17047,978,16069,10270,5799
33,551,296,39,257,19,238,138,100
33,552,724,87,637,45,592,372,220
33,553,805,182,623,49,574,349,225
33,554,1858,243,1615,100,1515,776,739
33,555,3138,457,2681,179,2502,1501,1001
34,1,1108,166,942,72,870,398,472
34,2,768,112,656,44,612,345,267
34,3,21435,4085,17350,1083,16267,6684,9583
34,4,169,18,151,10,141,79,62
34,5,212,17,195,8,187,105,82
34,6,168,25,143,13,130,60,70
34,7,327,50,277,25,252,139,113
34,8,468,80,388,31,357,200,157
34,9,1223,162,1061,73,988,519,469
34,10,2297,372,1925,136,1789,1042,747
34,11,70,13,57,2,55,36,19
34,12,689,86,603,50,553,281,272
34,13,1101,187,914,53,861,464,397
34,14,1275,130,1145,52,1093,546,547
34,15,132,24,108,10,98,56,42
34,16,430,56,374,22,352,198,154
34,17,362,45,317,25,292,119,173
34,18,651,117,534,46,488,258,230
34,19,294,43,251,15,236,122,114
34,20,307,61,246,12,234,119,115
34,21,245,32,213,22,191,99,92
34,22,4874,741,4133,229,3904,1749,2155
34,23,5764,856,4908,335,4573,2073,2500
34,24,1852,288,1564,115,1449,654,795
34,25,1362,181,1181,74,1107,469,638
34,26,135,20,115,7,108,60,48
34,27,1263,179,1084,82,1002,479,523
34,28,4784,1225,3559,224,3335,2108,1227
34,29,367,68,299,19,280,176,104
34,30,173,24,149,13,136,79,57
34,31,3412,646,2766,210,2556,1232,1324
34,32,45538,9581,35957,2109,33848,15852,17996
34,33,1289,190,1099,73,1026,474,552
34,34,48,8,40,2,38,26,12
34,35,704,98,606,44,562,318,244
34,36,1055,175,880,58,822,419,403
34,37,2274,260,2014,119,1895,849,1046
34,38,1196,190,1006,63,943,595,348
34,39,1381,191,1190,67,1123,385,738
34,40,48,6,42,1,41,24,17
34,41,527,55,472,24,448,256,192
34,42,509,68,441,25,416,243,173
34,43,222,33,189,10,179,85,94
34,44,263,35,228,15,213,103,110
34,45,361,52,309,17,292,182,110
34,46,94,17,77,5,72,39,33
34,47,450,92,358,21,337,180,157
34,48,221,32,189,10,179,80,99
34,49,203,19,184,11,173,129,44
34,50,969,127,842,58,784,317,467
34,51,2402,361,2041,153,1888,986,902
34,52,2323,425,1898,142,1756,977,779
34,53,82,11,71,7,64,28,36
34,54,81,23,58,7,51,37,14
34,55,157,22,135,14,121,82,39
34,56,920,151,769,37,732,377,355
34,57,12907,2338,10569,549,10020,4695,5325
34,58,4468,663,3805,210,3595,1593,2002
34,59,251,34,217,14,203,140,63
34,60,345,49,296,9,287,172,115
34,61,459,75,384,28,356,207,149
34,62,109,19,90,3,87,20,67
34,63,1866,257,1609,92,1517,718,799
34,64,381,44,337,26,311,178,133
34,65,386,50,336,31,305,161,144
34,66,201,37,164,10,154,56,98
34,67,1017,124,893,77,816,362,454
34,68,255,29,226,12,214,120,94
34,69,3139,490,2649,207,2442,1330,1112
34,70,391,69,322,15,307,181,126
34,71,266,41,225,18,207,106,101
34,72,22,2,20,1,19,18,1
34,73,1819,339,1480,110,1370,637,733
34,74,1581,228,1353,100,1253,694,559
34,75,291,43,248,23,225,106,119
34,76,857,113,744,48,696,391,305
34,77,3853,387,3466,200,3266,1958,1308
34,78,1093,146,947,57,890,576,314
34,79,5713,1224,4489,266,4223,2425,1798
34,80,387,69,318,22,296,203,93
34,81,1830,297,1533,106,1427,642,785
34,82,1264,160,1104,70,1034,531,503
34,83,172,29,143,3,140,94,46
34,84,1227,141,1086,74,1012,507,505
34,85,266,32,234,25,209,91,118
34,86,513,61,452,40,412,225,187
34,87,1836,215,1621,100,1521,792,729
34,88,4377,760,3617,268,3349,1744,1605
34,89,934,103,831,49,782,419,363
34,90,6508,1121,5387,294,5093,2484,2609
34,91,81,9,72,1,71,33,38
34,92,727,86,641,40,601,336,265
34,93,171,32,139,7,132,75,57
34,94,745,97,648,50,598,254,344
34,95,5258,872,4386,312,4074,1829,2245
34,96,383,49,334,24,310,174,136
34,97,367,47,320,34,286,200,86
34,98,136,27,109,8,101,80,21
34,99,62,9,53,6,47,29,18
34,100,80,11,69,10,59,20,39
34,101,3561,566,2995,211,2784,1408,1376
34,102,271,52,219,10,209,98,111
34,103,767,154,613,40,573,306,267
34,104,89,12,77,6,71,48,23
34,105,201,37,164,13,151,91,60
34,106,165,26,139,5,134,83,51
34,107,299,47,252,10,242,138,104
34,108,17557,3521,14036,1022,13014,6509,6505
34,109,644,95,549,37,512,248,264
34,110,462,53,409,35,374,175,199
34,111,3041,617,2424,196,2228,1309,919
34,112,133,21,112,5,107,54,53
34,113,4038,798,3240,231,3009,1545,1464
34,114,3991,658,3333,192,3141,1792,1349
34,115,139,16,123,6,117,73,44
34,116,4330,619,3711,183,3528,1847,1681
34,117,490,63,427,28,399,279,120
34,118,394,49,345,20,325,141,184
34,119,1144,137,1007,90,917,486,431
34,120,4140,434,3706,212,3494,2057,1437
34,121,239,41,198,19,179,115,64
34,122,332,32,300,23,277,159,118
34,123,5792,925,4867,297,4570,2040,2530
34,124,217,22,195,22,173,88,85
34,125,119,8,111,12,99,50,49
34,126,1792,356,1436,100,1336,673,663
34,127,2205,280,1925,118,1807,907,900
34,128,1193,210,983,60,923,456,467
34,129,12630,2084,10546,624,9922,4058,5864
34,130,1033,172,861,76,785,374,411
34,131,423,41,382,26,356,230,126
34,132,207,35,172,16,156,101,55
34,133,54,6,48,2,46,13,33
34,134,2069,230,1839,129,1710,882,828
34,135,2511,525,1986,156,1830,957,873
34,136,1017,132,885,56,829,449,380
34,137,142,25,117,7,110,39,71
34,138,212,21,191,14,177,108,69
34,139,1043,157,886,80,806,358,448
34,140,2318,347,1971,153,1818,774,1044
34,141,396,67,329,25,304,171,133
34,142,5325,1157,4168,273,3895,2164,1731
34,143,1683,268,1415,114,1301,608,693
34,144,553,108,445,32,413,265,148
34,145,16631,3227,13404,898,12506,6256,6250
34,146,2569,352,2217,158,2059,987,1072
34,147,2152,382,1770,129,1641,815,826
34,148,2906,462,2444,181,2263,987,1276
34,149,435,70,365,19,346,144,202
34,150,6262,1161,5101,304,4797,2070,2727
34,151,4520,819,3701,259,3442,1631,1811
34,152,346,31,315,15,300,155,145
34,153,1375,186,1189,77,1112,625,487
34,154,13648,2235,11413,664,10749,4743,6006
34,155,1487,240,1247,72,1175,510,665
34,156,56,2,54,3,51,29,22
34,157,8606,1604,7002,494,6508,2909,3599
34,158,120,10,110,7,103,56,47
34,159,2558,401,2157,145,2012,932,1080
34,160,471,75,396,33,363,226,137
34,161,2946,517,2429,218,2211,1011,1200
34,162,2871,565,2306,121,2185,1168,1017
34,163,2246,444,1802,116,1686,841,845
34,164,715,112,603,36,567,317,250
34,165,2201,405,1796,116,1680,891,789
34,166,1992,309,1683,89,1594,772,822
34,167,191,40,151,14,137,80,57
34,168,57,9,48,6,42,23,19
34,169,3115,411,2704,122,2582,1083,1499
34,170,178,20,158,8,150,99,51
34,171,138,19,119,4,115,88,27
34,172,141542,30658,110884,5026,105858,66034,39824
34,173,1065,150,915,54,861,480,381
34,174,633,103,530,41,489,186,303
34,175,136,17,119,6,113,67,46
34,176,1859,249,1610,92,1518,758,760
34,177,255,25,230,14,216,113,103
34,178,2104,326,1778,137,1641,815,826
34,179,1339,134,1205,78,1127,715,412
34,180,1057,188,869,51,818,481,337
34,181,705,105,600,36,564,336,228
34,182,1123,135,988,60,928,437,491
34,183,2822,459,2363,143,2220,1139,1081
34,184,472,73,399,31,368,199,169
34,185,390,32,358,17,341,189,152
34,186,362,46,316,20,296,188,108
34,187,433,55,378,25,353,226,127
34,188,105,14,91,4,87,58,29
34,189,1212,249,963,71,892,463,429
34,190,225,50,175,13,162,101,61
34,191,398,62,336,21,315,146,169
34,192,5464,983,4481,313,4168,1479,2689
34,193,145,24,121,4,117,84,33
34,194,2607,507,2100,125,1975,1141,834
34,195,60,5,55,3,52,33,19
34,196,176,18,158,8,150,96,54
34,197,706,101,605,34,571,324,247
34,198,7171,1154,6017,347,5670,2214,3456
34,199,5919,954,4965,270,4695,2503,2192
34,200,187,22,165,9,156,105,51
34,201,229,34,195,11,184,96,88
34,202,5101,768,4333,285,4048,2075,1973
34,203,981,140,841,53,788,353,435
34,204,744,111,633,32,601,307,294
34,205,236,44,192,19,173,77,96
34,206,424,63,361,22,339,158,181
34,207,1682,315,1367,99,1268,554,714
34,208,273,38,235,24,211,104,107
34,209,2528,433,2095,94,2001,864,1137
34,210,1462,277,1185,104,1081,593,488
34,211,797,111,686,49,637,442,195
34,212,127,13,114,10,104,46,58
34,213,4397,1007,3390,229,3161,1606,1555
34,214,819,120,699,58,641,319,322
34,215,689,120,569,53,516,264,252
34,216,212,27,185,9,176,94,82
34,217,3736,587,3149,183,2966,1784,1182
34,218,205,27,178,13,165,84,81
34,219,393,56,337,27,310,182,128
34,220,172,21,151,9,142,62,80
34,221,389,48,341,23,318,220,98
34,222,262,26,236,8,228,125,103
34,223,811,127,684,43,641,312,329
34,224,885,111,774,46,728,356,372
34,225,2182,359,1823,138,1685,845,840
34,226,1257,240,1017,62,955,474,481
34,227,1184,166,1018,53,965,472,493
34,228,79,7,72,3,69,39,30
34,229,614,99,515,34,481,329,152
34,230,117,16,101,1,100,41,59
34,231,20,4,16,0,16,6,10
34,232,481,91,390,24,366,227,139
34,233,116,17,99,3,96,50,46
34,234,98,25,73,5,68,29,39
34,235,275,41,234,21,213,138,75
34,236,60,13,47,3,44,26,18
34,237,1554,267,1287,97,1190,640,550
34,238,69,6,63,4,59,25,34
34,239,3900,666,3234,222,3012,1570,1442
34,240,2409,370,2039,119,1920,815,1105
34,241,687,102,585,29,556,301,255
34,242,728,102,626,33,593,352,241
34,243,1300,191,1109,91,1018,546,472
34,244,1971,274,1697,116,1581,797,784
34,245,1427,238,1189,73,1116,590,526
34,246,1114,121,993,61,932,459,473
34,247,3560,346,3214,117,3097,1232,1865
34,248,464,46,418,28,390,217,173
34,249,1692,231,1461,75,1386,691,695
34,250,233,40,193,13,180,109,71
34,251,346,36,310,11,299,200,99
34,252,242,64,178,14,164,106,58
34,253,40,4,36,3,33,10,23
34,254,818,98,720,62,658,344,314
34,255,7658,1018,6640,323,6317,3036,3281
34,256,1435,173,1262,52,1210,609,601
34,257,134,4,130,5,125,99,26
34,258,1035,151,884,54,830,394,436
34,259,4239,758,3481,166,3315,1629,1686
34,260,697,130,567,27,540,358,182
34,261,253,28,225,15,210,125,85
34,262,164,21,143,17,126,80,46
34,263,263,32,231,21,210,106,104
34,264,176,23,153,6,147,86,61
34,265,490,54,436,31,405,193,212
34,266,352,40,312,27,285,140,145
34,267,1220,175,1045,74,971,534,437
34,268,429,74,355,25,330,189,141
34,269,109,23,86,10,76,41,35
34,270,7154,1043,6111,314,5797,2672,3125
34,271,204,31,173,17,156,97,59
34,272,2172,376,1796,120,1676,695,981
34,273,127,31,96,7,89,65,24
34,274,1838,295,1543,109,1434,718,716
34,276,3315,417,2898,200,2698,1652,1046
34,277,176,22,154,6,148,100,48
34,278,65,10,55,3,52,18,34
34,279,279,42,237,14,223,134,89
34,280,434,38,396,27,369,141,228
34,281,1632,311,1321,75,1246,687,559
34,282,785,126,659,37,622,324,298
34,283,99,13,86,8,78,32,46
34,284,1508,326,1182,83,1099,645,454
34,285,472,74,398,25,373,183,190
34,286,326,54,272,30,242,123,119
34,287,208,32,176,17,159,88,71
34,288,592,48,544,26,518,280,238
34,289,1723,326,1397,102,1295,553,742
34,290,563,67,496,26,470,262,208
34,291,313,51,262,15,247,173,74
34,292,218,33,185,9,176,103,73
34,293,982,152,830,77,753,373,380
34,294,634,96,538,33,505,249,256
34,295,1130,129,1001,52,949,524,425
34,296,684,91,593,39,554,284,270
34,297,285,43,242,15,227,120,107
34,298,3260,416,2844,196,2648,1213,1435
34,299,5670,999,4671,294,4377,1958,2419
34,300,3213,549,2664,177,2487,1153,1334
34,301,31139,5433,25706,1489,24217,11827,12390
34,302,538,101,437,30,407,235,172
34,303,71,5,66,5,61,37,24
34,304,643,80,563,39,524,319,205
34,305,152,17,135,12,123,51,72
34,306,147,32,115,11,104,62,42
34,307,1985,263,1722,98,1624,802,822
34,308,318,36,282,19,263,135,128
34,309,3884,490,3394,195,3199,1528,1671
34,310,1947,267,1680,132,1548,731,817
34,311,1183,133,1050,69,981,510,471
34,312,997,145,852,63,789,496,293
34,313,411,47,364,19,345,245,100
34,314,306,32,274,14,260,136,124
34,315,259,55,204,6,198,91,107
34,316,113,18,95,6,89,52,37
34,317,165,25,140,5,135,84,51
34,318,313,35,278,8,270,148,122
34,319,121,16,105,10,95,59,36
34,320,1833,213,1620,106,1514,772,742
34,321,1484,192,1292,99,1193,555,638
34,322,566,65,501,21,480,278,202
34,323,54,7,47,7,40,26,14
34,324,4009,799,3210,213,2997,1120,1877
34,325,1078,142,936,46,890,460,430
34,326,63,10,53,4,49,36,13
34,327,4738,740,3998,257,3741,1766,1975
34,328,814,101,713,72,641,375,266
34,329,1832,297,1535,110,1425,666,759
34,330,488,81,407,34,373,177,196
34,331,109,22,87,4,83,64,19
34,332,4237,707,3530,248,3282,1438,1844
34,333,2388,481,1907,123,1784,868,916
34,334,239,32,207,10,197,151,46
34,335,367,36,331,28,303,191,112
34,336,2859,566,2293,210,2083,958,1125
34,337,6454,998,5456,372,5084,2602,2482
34,338,51,5,46,5,41,30,11
34,339,134,11,123,11,112,64,48
34,340,1062,157,905,66,839,285,554
34,341,2366,371,1995,125,1870,832,1038
34,342,160,17,143,1,142,76,66
34,343,810,107,703,55,648,389,259
34,344,7763,1271,6492,370,6122,1819,4303
35,1,4678,527,4151,173,3978,2525,1453
35,2,1192,138,1054,63,991,504,487
35,3,515,71,444,29,415,238,177
35,4,1053,206,847,53,794,390,404
35,5,199,20,179,5,174,66,108
35,6,3258,499,2759,163,2596,1107,1489
35,7,279,24,255,17,238,153,85
35,8,405,60,345,19,326,131,195
35,9,1157,176,981,60,921,457,464
35,10,972,99,873,41,832,471,361
35,11,219,23,196,8,188,120,68
35,12,5001,853,4148,241,3907,2037,1870
35,13,2676,426,2250,138,2112,1238,874
35,14,1556,267,1289,80,1209,422,787
35,15,1671,249,1422,106,1316,506,810
35,16,1396,216,1180,72,1108,655,453
35,17,457,64,393,28,365,220,145
35,18,827,108,719,60,659,216,443
35,19,1364,190,1174,54,1120,542,578
35,21,987,102,885,50,835,403,432
35,22,474,66,408,16,392,207,185
35,23,2999,404,2595,130,2465,1328,1137
35,24,8018,999,7019,319,6700,4265,2435
35,25,770,115,655,62,593,262,331
35,26,85,11,74,6,68,31,37
35,27,1142,163,979,64,915,501,414
35,28,421,55,366,23,343,159,184
35,29,994,131,863,37,826,452,374
35,30,417,50,367,30,337,180,157
35,31,2708,381,2327,132,2195,1245,950
35,32,2511,333,2178,133,2045,1238,807
35,33,1907,225,1682,93,1589,969,620
35,34,852,125,727,43,684,351,333
35,35,379,54,325,22,303,171,132
35,37,3706,468,3238,174,3064,1644,1420
35,38,453,85,368,40,328,157,171
35,39,1388,197,1191,56,1135,665,470
35,40,2519,284,2235,132,2103,1369,734
35,41,608,68,540,32,508,266,242
35,42,469,52,417,29,388,139,249
35,44,268,24,244,11,233,115,118
35,45,695,110,585,26,559,223,336
35,46,368,49,319,21,298,129,169
35,47,11307,1605,9702,452,9250,5200,4050
35,48,408,60,348,24,324,181,143
35,49,4783,962,3821,191,3630,1546,2084
35,50,402,31,371,22,349,213,136
35,51,12634,1789,10845,443,10402,5523,4879
35,52,394,72,322,23,299,134,165
35,53,201,15,186,14,172,65,107
35,54,1102,127,975,40,935,564,371
35,55,6809,1023,5786,275,5511,3541,1970
35,56,529,54,475,24,451,281,170
35,57,803,95,708,35,673,385,288
35,58,828,97,731,47,684,379,305
35,59,3133,395,2738,151,2587,1602,985
35,60,495,67,428,31,397,214,183
35,61,481,69,412,25,387,157,230
35,62,1066,116,950,60,890,348,542
35,63,298,44,254,22,232,90,142
35,64,801,159,642,36,606,364,242
35,65,1546,165,1381,67,1314,863,451
35,66,5772,1031,4741,261,4480,2754,1726
35,67,989,95,894,44,850,586,264
35,68,4322,575,3747,200,3547,2009,1538
35,69,5201,755,4446,220,4226,2307,1919
35,70,762,101,661,50,611,310,301
35,71,314,38,276,11,265,90,175
35,72,1232,184,1048,66,982,402,580
35,75,555,65,490,31,459,245,214
35,76,2956,445,2511,119,2392,1439,953
35,77,216,33,183,9,174,50,124
35,78,891,116,775,43,732,344,388
35,79,1421,137,1284,58,1226,760,466
35,80,1514,185,1329,68,1261,805,456
35,81,474,51,423,14,409,262,147
35,82,904,130,774,36,738,357,381
35,83,478,64,414,28,386,205,181
35,84,465,53,412,27,385,147,238
35,85,4372,710,3662,190,3472,1823,1649
35,86,445,60,385,34,351,157,194
35,87,618,86,532,26,506,221,285
35,88,2237,304,1933,123,1810,1141,669
35,89,333,43,290,15,275,147,128
35,90,1625,180,1445,91,1354,784,570
35,91,387,64,323,27,296,167,129
35,92,570,66,504,38,466,275,191
35,93,8530,1337,7193,357,6836,3025,3811
35,94,1173,139,1034,49,985,604,381
35,95,3913,809,3104,186,2918,1588,1330
35,96,1572,228,1344,75,1269,605,664
35,97,1267,181,1086,88,998,360,638
35,98,878,111,767,34,733,383,350
35,99,1988,207,1781,73,1708,977,731
35,100,383,39,344,21,323,161,162
35,101,663,65,598,36,562,329,233
35,102,364,54,310,10,300,85,215
35,103,288,31,257,18,239,76,163
35,104,1001,114,887,51,836,396,440
35,105,1370,223,1147,79,1068,399,669
35,106,1047,171,876,43,833,444,389
35,107,1239,150,1089,58,1031,656,375
35,108,792,126,666,48,618,267,351
35,109,1754,221,1533,87,1446,635,811
35,110,666,102,564,51,513,343,170
35,111,498,57,441,26,415,149,266
35,112,812,103,709,53,656,249,407
35,113,421,45,376,21,355,182,173
35,114,204,36,168,7,161,76,85
35,115,14986,3457,11529,596,10933,6078,4855
35,116,1627,222,1405,96,1309,643,666
35,117,1203,203,1000,61,939,427,512
35,118,960,117,843,55,788,469,319
35,119,598,90,508,27,481,189,292
35,120,3181,426,2755,117,2638,1485,1153
35,121,1255,122,1133,86,1047,555,492
35,122,1156,126,1030,67,963,503,460
35,123,3216,510,2706,140,2566,1533,1033
35,124,1638,274,1364,60,1304,609,695
35,125,2940,546,2394,116,2278,806,1472
35,126,5579,794,4785,298,4487,2778,1709
35,127,2351,306,2045,106,1939,1171,768
35,128,1182,157,1025,78,947,536,411
35,129,2589,396,2193,139,2054,1096,958
35,130,1350,155,1195,76,1119,653,466
35,131,2859,406,2453,149,2304,1449,855
35,132,1062,144,918,45,873,435,438
35,133,3026,417,2609,159,2450,1340,1110
35,134,205,22,183,14,169,78,91
35,135,1470,216,1254,67,1187,648,539
35,136,5559,771,4788,269,4519,2187,2332
35,137,1405,146,1259,77,1182,606,576
35,138,784,97,687,53,634,268,366
35,139,3377,468,2909,176,2733,1634,1099
35,140,422,57,365,20,345,183,162
35,141,449,48,401,37,364,141,223
35,142,966,115,851,54,797,287,510
35,143,671,87,584,38,546,273,273
35,144,712,117,595,31,564,334,230
35,145,1050,158,892,49,843,480,363
35,146,410,41,369,21,348,199,149
35,147,596,82,514,27,487,242,245
35,148,106,8,98,3,95,44,51
35,149,1005,131,874,52,822,497,325
35,150,2637,326,2311,156,2155,1049,1106
35,151,544,83,461,25,436,256,180
35,152,5234,649,4585,228,4357,2610,1747
35,153,212,26,186,16,170,84,86
35,154,1090,177,913,69,844,427,417
35,155,508,65,443,24,419,231,188
35,156,407,50,357,12,345,189,156
35,157,426,45,381,26,355,111,244
35,158,89,23,66,5,61,29,32
35,159,238,37,201,10,191,74,117
35,160,182,20,162,3,159,70,89
35,161,1267,221,1046,64,982,414,568
35,162,2883,497,2386,152,2234,878,1356
35,163,993,98,895,63,832,272,560
35,164,541,85,456,29,427,209,218
35,165,643,123,520,32,488,183,305
35,166,755,109,646,49,597,295,302
35,167,2019,363,1656,78,1578,587,991
35,168,2410,427,1983,129,1854,965,889
35,169,960,152,808,35,773,423,350
35,170,440,71,369,31,338,147,191
35,171,1262,147,1115,67,1048,575,473
35,172,1209,140,1069,56,1013,604,409
35,173,4236,530,3706,180,3526,1957,1569
35,174,471,64,407,28,379,161,218
35,175,690,83,607,29,578,290,288
35,176,2184,315,1869,123,1746,969,777
35,177,3039,387,2652,152,2500,1485,1015
35,178,1002,104,898,46,852,442,410
35,179,2538,390,2148,123,2025,1063,962
35,180,515,77,438,23,415,210,205
35,181,1185,148,1037,44,993,487,506
35,183,560,67,493,41,452,195,257
35,184,3691,603,3088,148,2940,1591,1349
35,185,200,23,177,8,169,59,110
35,186,906,123,783,53,730,382,348
35,187,926,118,808,37,771,461,310
35,188,4608,612,3996,206,3790,2249,1541
35,189,2282,237,2045,84,1961,1171,790
35,190,185,31,154,20,134,63,71
35,191,719,77,642,43,599,317,282
35,192,164,24,140,6,134,58,76
35,193,1379,183,1196,62,1134,693,441
35,194,885,122,763,43,720,346,374
35,195,1466,212,1254,59,1195,800,395
35,196,5625,747,4878,253,4625,2623,2002
35,197,840,84,756,43,713,479,234
35,198,512,64,448,17,431,212,219
35,199,187,27,160,17,143,37,106
35,200,616,84,532,32,500,170,330
35,201,573,76,497,32,465,234,231
35,202,728,110,618,45,573,252,321
35,203,231,28,203,11,192,119,73
35,204,2189,338,1851,86,1765,998,767
35,205,297,37,260,18,242,113,129
35,206,4741,617,4124,183,3941,2394,1547
35,207,3965,456,3509,162,3347,1849,1498
35,208,2729,286,2443,129,2314,1335,979
35,209,830,120,710,34,676,305,371
35,210,7353,739,6614,303,6311,3303,3008
35,211,1231,155,1076,60,1016,608,408
35,212,821,89,732,44,688,347,341
35,214,470,60,410,26,384,118,266
35,215,927,107,820,55,765,317,448
35,216,938,129,809,48,761,463,298
35,217,1080,166,914,52,862,277,585
35,218,537,67,470,37,433,252,181
35,219,2444,400,2044,123,1921,960,961
35,220,1593,209,1384,81,1303,593,710
35,221,1872,264,1608,112,1496,816,680
35,222,1352,192,1160,79,1081,570,511
35,223,2630,369,2261,137,2124,1037,1087
35,224,1860,292,1568,112,1456,691,765
35,225,508,50,458,25,433,262,171
35,226,1235,174,1061,53,1008,619,389
35,227,2066,260,1806,98,1708,963,745
35,228,4650,780,3870,225,3645,1828,1817
35,229,867,92,775,57,718,322,396
35,230,309,55,254,17,237,72,165
35,231,771,103,668,40,628,358,270
35,232,258,22,236,19,217,81,136
35,233,1059,120,939,48,891,527,364
35,234,861,108,753,32,721,330,391
35,235,862,127,735,48,687,248,439
35,236,6724,1471,5253,243,5010,3007,2003
35,237,640,88,552,29,523,263,260
35,238,117027,22825,94202,3563,90639,60810,29829
35,239,2847,438,2409,134,2275,1087,1188
35,240,5374,727,4647,202,4445,2744,1701
35,241,1941,258,1683,91,1592,855,737
35,242,281,38,243,10,233,137,96
35,243,1665,206,1459,86,1373,578,795
35,244,202,20,182,4,178,85,93
35,245,2601,350,2251,121,2130,1246,884
35,246,949,121,828,54,774,404,370
35,247,735,102,633,38,595,294,301
35,248,401,72,329,16,313,175,138
35,249,689,102,587,38,549,257,292
35,250,1227,120,1107,47,1060,655,405
35,251,2403,384,2019,115,1904,1109,795
35,252,667,67,600,38,562,204,358
35,253,2159,312,1847,100,1747,940,807
35,254,522,34,488,28,460,273,187
35,255,808,96,712,33,679,363,316
35,256,2251,347,1904,72,1832,745,1087
35,257,2009,247,1762,102,1660,895,765
35,258,239,17,222,6,216,123,93
35,259,778,111,667,32,635,314,321
35,260,412,40,372,23,349,148,201
35,261,159,20,139,14,125,74,51
35,262,208,24,184,8,176,66,110
35,263,2172,306,1866,90,1776,787,989
35,264,1313,179,1134,57,1077,480,597
35,265,1575,153,1422,73,1349,803,546
35,266,1853,207,1646,102,1544,872,672
35,267,1292,195,1097,62,1035,541,494
35,268,338,53,285,18,267,151,116
35,269,433,50,383,21,362,148,214
35,270,307,30,277,13,264,115,149
35,271,1054,170,884,52,832,277,555
35,272,662,103,559,45,514,176,338
35,273,1551,202,1349,76,1273,547,726
35,274,626,81,545,26,519,355,164
35,275,2807,297,2510,130,2380,1358,1022
35,276,392,60,332,18,314,196,118
35,277,267,32,235,9,226,133,93
35,278,7101,938,6163,240,5923,2935,2988
35,279,710,72,638,40,598,334,264
35,280,702,101,601,35,566,294,272
35,281,6547,1224,5323,273,5050,3430,1620
35,282,765,105,660,47,613,276,337
35,283,800,101,699,47,652,273,379
35,284,2271,310,1961,97,1864,963,901
35,285,872,151,721,37,684,399,285
35,286,188,21,167,11,156,91,65
35,287,2022,283,1739,85,1654,776,878
35,288,37208,8081,29127,1428,27699,14243,13456
35,289,645,71,574,30,544,301,243
35,290,422,67,355,25,330,168,162
35,291,330,37,293,21,272,139,133
35,292,987,115,872,66,806,444,362
35,293,396,50,346,27,319,160,159
35,294,1631,271,1360,78,1282,745,537
35,295,369,55,314,20,294,158,136
35,296,979,137,842,41,801,518,283
35,297,2957,498,2459,154,2305,1110,1195
35,299,2902,462,2440,137,2303,1069,1234
35,300,1019,135,884,66,818,268,550
35,301,307,24,283,14,269,151,118
35,302,826,92,734,50,684,331,353
35,303,601,74,527,18,509,214,295
35,304,928,157,771,45,726,392,334
35,305,285,46,239,17,222,116,106
35,306,1730,261,1469,88,1381,704,677
35,307,650,59,591,29,562,335,227
35,308,1932,257,1675,119,1556,822,734
35,309,569,99,470,37,433,250,183
35,310,940,139,801,41,760,351,409
35,311,368,54,314,9,305,143,162
35,312,1234,158,1076,66,1010,663,347
35,314,814,83,731,30,701,376,325
35,315,1047,117,930,46,884,606,278
35,316,493,70,423,22,401,181,220
35,317,384,36,348,12,336,183,153
35,318,544,69,475,30,445,263,182
35,319,1342,148,1194,85,1109,619,490
35,320,375,40,335,10,325,171,154
35,321,472,49,423,21,402,241,161
35,322,602,75,527,32,495,291,204
35,323,412,46,366,27,339,145,194
35,324,387,34,353,21,332,118,214
35,325,121,8,113,6,107,39,68
35,326,1542,237,1305,84,1221,592,629
35,327,2655,371,2284,135,2149,1192,957
35,328,1582,249,1333,75,1258,624,634
35,329,444,60,384,32,352,163,189
35,330,647,71,576,39,537,250,287
35,331,1817,215,1602,86,1516,902,614
35,332,739,104,635,52,583,324,259
35,333,1088,143,945,70,875,415,460
35,334,5624,621,5003,213,4790,2995,1795
35,335,529,69,460,46,414,204,210
35,336,144,17,127,9,118,70,48
35,337,2309,293,2016,101,1915,1058,857
35,338,785,84,701,49,652,249,403
35,339,434,64,370,21,349,180,169
35,340,834,122,712,55,657,350,307
35,341,1062,120,942,70,872,467,405
35,342,239,20,219,11,208,132,76
35,343,863,113,750,44,706,402,304
35,344,261,35,226,13,213,127,86
35,345,621,70,551,32,519,329,190
35,346,134,19,115,10,105,63,42
35,347,1739,191,1548,131,1417,578,839
35,348,293,47,246,21,225,81,144
35,350,541,49,492,40,452,171,281
35,351,1035,123,912,68,844,500,344
35,352,6354,921,5433,285,5148,3209,1939
35,353,3125,390,2735,116,2619,1568,1051
35,354,243,25,218,15,203,100,103
35,355,832,146,686,47,639,398,241
35,356,1121,134,987,53,934,535,399
35,357,258,36,222,18,204,95,109
35,358,731,114,617,33,584,302,282
35,359,614,114,500,34,466,184,282
35,360,12506,2340,10166,574,9592,4460,5132
35,361,860,141,719,41,678,287,391
35,362,670,78,592,49,543,317,226
35,363,2822,408,2414,109,2305,1481,824
36,1,1269,216,1053,78,975,538,437
36,2,116,11,105,13,92,50,42
36,3,568,63,505,47,458,273,185
36,4,276,39,237,29,208,110,98
36,5,2804,424,2380,169,2211,1186,1025
36,6,3713,631,3082,181,2901,1733,1168
36,7,501,75,426,25,401,204,197
36,8,212,29,183,13,170,56,114
36,9,855,112,743,63,680,387,293
36,10,742,134,608,46,562,293,269
36,11,150,24,126,11,115,50,65
36,12,278,36,242,14,228,156,72
36,13,391,76,315,35,280,151,129
36,14,203,33,170,14,156,100,56
36,15,55,10,45,3,42,17,25
36,16,866,149,717,44,673,344,329
36,17,361,54,307,29,278,97,181
36,18,4867,1038,3829,250,3579,1952,1627
36,19,220,21,199,9,190,93,97
36,20,70,12,58,5,53,35,18
36,21,681,100,581,52,529,376,153
36,22,341,52,289,18,271,138,133
36,23,228,36,192,12,180,86,94
36,24,94,5,89,9,80,30,50
36,25,477,76,401,33,368,204,164
36,26,350,69,281,17,264,132,132
36,27,197,29,168,14,154,73,81
36,28,92,11,81,2,79,51,28
36,29,187,25,162,17,145,80,65
36,30,165,20,145,9,136,73,63
36,31,3499,655,2844,232,2612,1337,1275
36,32,617,75,542,43,499,309,190
36,33,288,35,253,21,232,135,97
36,34,2150,409,1741,128,1613,825,788
36,35,906,188,718,50,668,360,308
36,36,150,29,121,10,111,63,48
36,37,248,41,207,10,197,96,101
36,38,134,15,119,6,113,63,50
36,40,95,5,90,12,78,37,41
36,41,125,22,103,17,86,40,46
36,42,488,55,433,39,394,226,168
36,43,471,100,371,28,343,201,142
36,44,31127,7135,23992,1488,22504,13363,9141
36,45,2043,334,1709,75,1634,879,755
36,46,2974,519,2455,157,2298,1170,1128
36,47,463,61,402,27,375,238,137
36,48,245,44,201,14,187,107,80
36,49,105,16,89,8,81,54,27
36,50,328,51,277,19,258,143,115
36,51,145,19,126,6,120,59,61
36,52,123,13,110,14,96,35,61
36,53,426,70,356,20,336,167,169
36,54,249,21,228,14,214,94,120
36,55,815,127,688,56,632,346,286
36,56,759,125,634,55,579,331,248
36,57,690,88,602,65,537,277,260
36,58,505,105,400,35,365,213,152
36,59,196,11,185,16,169,80,89
36,60,598,131,467,33,434,246,188
36,61,331,63,268,33,235,122,113
36,62,406,44,362,21,341,207,134
36,63,6490,1451,5039,415,4624,2653,1971
36,64,555,75,480,43,437,230,207
36,65,216,32,184,13,171,90,81
36,66,373,48,325,26,299,117,182
36,67,79,6,73,4,69,45,24
36,68,359,47,312,23,289,135,154
36,69,1079,163,916,59,857,453,404
36,70,1082,153,929,61,868,508,360
36,71,692,82,610,43,567,309,258
36,72,312,57,255,10,245,112,133
36,73,174,33,141,13,128,75,53
36,74,441,57,384,27,357,181,176
36,75,82,6,76,5,71,34,37
36,76,242,35,207,21,186,73,113
36,77,187,23,164,7,157,77,80
36,78,260,46,214,24,190,108,82
36,79,65,12,53,6,47,27,20
36,80,60,17,43,3,40,16,24
36,81,271,44,227,17,210,138,72
36,82,223,41,182,13,169,82,87
36,83,108,15,93,2,91,33,58
36,84,238,60,178,11,167,87,80
36,85,188,26,162,12,150,62,88
36,86,335,28,307,20,287,123,164
36,87,275,38,237,16,221,108,113
36,88,9320,2133,7187,471,6716,4367,2349
36,89,273,55,218,15,203,102,101
36,90,114,6,108,8,100,54,46
36,91,537,76,461,27,434,246,188
36,92,231,45,186,11,175,78,97
36,93,2131,337,1794,166,1628,839,789
36,94,397,58,339,32,307,153,154
36,95,100,12,88,9,79,48,31
36,96,190,36,154,15,139,66,73
36,97,259,31,228,12,216,123,93
36,98,93,11,82,4,78,17,61
36,99,293,63,230,18,212,127,85
36,100,246,32,214,25,189,89,100
36,101,1225,189,1036,101,935,519,416
36,102,111,26,85,8,77,27,50
36,103,1156,173,983,76,907,436,471
36,104,233,37,196,12,184,95,89
36,105,171,31,140,12,128,69,59
36,106,126,25,101,11,90,59,31
36,107,663,116,547,52,495,251,244
36,108,208,24,184,13,171,99,72
36,109,811,105,706,48,658,398,260
36,110,197,32,165,14,151,71,80
36,111,158,29,129,16,113,77,36
36,112,565,91,474,40,434,251,183
36,113,884,162,722,55,667,309,358
36,114,284,34,250,12,238,142,96
36,115,112,17,95,10,85,42,43
36,116,111,11,100,5,95,39,56
36,117,361,44,317,24,293,197,96
36,118,256,30,226,15,211,119,92
36,119,415,59,356,26,330,157,173
36,120,441,65,376,24,352,183,169
36,121,134,13,121,12,109,37,72
36,122,173,32,141,12,129,76,53
36,123,816,106,710,59,651,379,272
36,124,225,37,188,19,169,59,110
36,125,97,16,81,12,69,38,31
36,126,454,84,370,35,335,192,143
36,127,1435,234,1201,108,1093,653,440
36,128,1360,252,1108,81,1027,574,453
36,129,459,71,388,33,355,215,140
36,130,97,3,94,10,84,35,49
36,131,383,62,321,26,295,170,125
36,132,35,3,32,6,26,4,22
36,133,225,35,190,15,175,109,66
36,134,388,74,314,31,283,174,109
36,135,262,29,233,20,213,95,118
36,136,102,5,97,6,91,33,58
36,137,297,38,259,15,244,131,113
36,138,186,25,161,14,147,70,77
36,139,495,58,437,34,403,240,163
36,140,898,103,795,60,735,388,347
36,141,1286,225,1061,76,985,511,474
36,142,1258,157,1101,85,1016,553,463
36,143,369,62,307,40,267,165,102
36,144,255,35,220,22,198,112,86
36,145,189,21,168,3,165,101,64
36,146,668,119,549,59,490,240,250
36,147,116,11,105,8,97,66,31
36,148,332,39,293,25,268,140,128
36,149,584,89,495,42,453,177,276
36,150,437,97,340,22,318,203,115
36,151,191,34,157,15,142,74,68
36,152,359,67,292,17,275,169,106
36,153,306,50,256,25,231,127,104
36,154,1498,225,1273,86,1187,764,423
36,155,594,75,519,29,490,224,266
36,156,313,60,253,18,235,149,86
36,157,313,42,271,16,255,142,113
36,158,528,74,454,40,414,250,164
36,159,4619,584,4035,293,3742,2118,1624
36,160,219,34,185,14,171,102,69
36,161,711,122,589,38,551,364,187
36,162,775,123,652,41,611,307,304
36,163,479,108,371,34,337,208,129
36,164,191,37,154,16,138,73,65
36,165,899,138,761,47,714,373,341
36,166,156,17,139,10,129,46,83
36,167,130,14,116,8,108,46,62
36,168,593,102,491,23,468,247,221
36,169,428,82,346,33,313,161,152
36,170,86,10,76,4,72,30,42
36,171,1498,242,1256,92,1164,687,477
36,172,484,67,417,19,398,218,180
36,173,433,56,377,28,349,164,185
36,174,298,42,256,12,244,131,113
36,175,301,50,251,23,228,129,99
36,176,484,53,431,26,405,227,178
36,177,271,55,216,9,207,99,108
36,178,243,30,213,21,192,100,92
36,179,140,15,125,8,117,55,62
36,180,680,98,582,48,534,264,270
36,181,153,12,141,9,132,76,56
36,182,530,80,450,26,424,244,180
36,183,80,11,69,4,65,18,47
36,184,436,62,374,47,327,170,157
36,185,283,40,243,20,223,121,102
36,186,197,37,160,11,149,68,81
36,187,138,20,118,9,109,59,50
36,188,146,21,125,8,117,71,46
36,189,789,140,649,61,588,280,308
36,190,232,21,211,16,195,92,103
36,191,432,84,348,31,317,184,133
36,192,1297,225,1072,65,1007,623,384
36,193,224,30,194,14,180,95,85
36,194,748,128,620,57,563,293,270
36,195,418,43,375,25,350,220,130
36,196,86,5,81,4,77,47,30
36,197,280,54,226,21,205,96,109
36,198,321,41,280,17,263,135,128
36,199,970,139,831,68,763,436,327
36,200,1364,245,1119,54,1065,671,394
36,201,135,19,116,7,109,47,62
36,202,2151,405,1746,137,1609,764,845
36,203,50,15,35,3,32,10,22
36,204,269,29,240,17,223,100,123
36,205,113,14,99,9,90,43,47
36,206,33,7,26,2,24,8,16
36,207,464,83,381,26,355,241,114
36,208,650,132,518,33,485,271,214
36,209,238,35,203,23,180,87,93
36,210,270,40,230,23,207,114,93
36,211,389,59,330,38,292,130,162
36,212,139,19,120,3,117,67,50
36,213,211,23,188,13,175,84,91
36,214,283,63,220,23,197,108,89
36,215,356,47,309,21,288,161,127
36,216,59,8,51,5,46,19,27
36,217,93,9,84,7,77,40,37
36,218,149,33,116,7,109,47,62
36,219,422,73,349,29,320,158,162
36,220,669,129,540,34,506,323,183
36,221,342,49,293,30,263,116,147
36,222,205,19,186,15,171,92,79
36,223,147,28,119,8,111,59,52
36,224,958,177,781,52,729,383,346
36,225,141,17,124,15,109,54,55
36,226,294,46,248,15,233,147,86
36,227,198,46,152,21,131,66,65
36,228,1939,256,1683,146,1537,844,693
36,229,536,99,437,30,407,219,188
36,230,1455,275,1180,74,1106,618,488
36,231,693,84,609,35,574,322,252
36,232,861,140,721,44,677,370,307
36,233,556,116,440,42,398,206,192
36,234,272,46,226,16,210,108,102
36,235,325,61,264,36,228,122,106
36,236,307,57,250,23,227,110,117
36,237,642,136,506,48,458,220,238
36,238,101,28,73,8,65,40,25
36,239,383,72,311,20,291,196,95
36,240,272,36,236,17,219,119,100
36,241,1957,335,1622,141,1481,813,668
36,242,107,15,92,3,89,41,48
36,243,309,56,253,25,228,100,128
36,244,497,98,399,37,362,179,183
36,245,299,35,264,33,231,120,111
36,246,161,14,147,13,134,55,79
36,247,1030,177,853,79,774,382,392
36,248,197,25,172,13,159,90,69
37,1,864,124,740,64,676,324,352
37,2,1148,144,1004,75,929,404,525
37,3,8186,1461,6725,390,6335,3096,3239
37,4,305,45,260,15,245,110,135
37,5,406,76,330,21,309,187,122
37,6,1941,279,1662,103,1559,766,793
37,7,143,23,120,5,115,38,77
37,8,1888,234,1654,121,1533,692,841
37,9,291,40,251,26,225,98,127
37,10,1298,199,1099,90,1009,458,551
37,11,1313,225,1088,73,1015,580,435
37,12,425,72,353,29,324,163,161
37,13,354,58,296,19,277,125,152
37,14,2591,477,2114,104,2010,971,1039
37,15,2375,382,1993,84,1909,971,938
37,16,315,33,282,14,268,147,121
37,18,6137,902,5235,298,4937,2353,2584
37,19,369,30,339,23,316,156,160
37,20,1461,284,1177,83,1094,592,502
37,21,845,120,725,48,677,333,344
37,22,2335,415,1920,126,1794,1108,686
37,23,242,28,214,14,200,81,119
37,24,744,98,646,56,590,306,284
37,25,583,90,493,29,464,230,234
37,26,493,76,417,25,392,166,226
37,27,3517,560,2957,189,2768,1300,1468
37,28,631,64,567,28,539,257,282
37,29,266,37,229,11,218,94,124
37,30,537,69,468,29,439,232,207
37,31,3012,562,2450,144,2306,1191,1115
37,32,200,28,172,14,158,69,89
37,33,220,32,188,7,181,94,87
37,34,264,40,224,13,211,91,120
37,35,264,42,222,18,204,101,103
37,36,175,32,143,9,134,50,84
37,37,201,40,161,10,151,55,96
37,38,595,74,521,43,478,266,212
37,39,362,57,305,27,278,133,145
37,40,241,25,216,16,200,75,125
37,41,256,52,204,14,190,93,97
37,42,213,26,187,14,173,86,87
37,43,779,127,652,49,603,264,339
37,44,240,40,200,11,189,80,109
37,45,845,134,711,34,677,349,328
37,46,350,39,311,23,288,118,170
37,47,881,108,773,42,731,317,414
37,48,251,31,220,14,206,104,102
37,49,1021,178,843,65,778,409,369
37,50,7378,1317,6061,312,5749,2732,3017
37,51,670,90,580,28,552,248,304
37,52,802,110,692,53,639,281,358
37,53,133,25,108,5,103,30,73
37,54,2669,417,2252,166,2086,954,1132
37,55,537,88,449,32,417,174,243
37,56,434,57,377,28,349,196,153
37,57,502,75,427,22,405,189,216
37,58,1190,220,970,54,916,434,482
37,59,873,108,765,42,723,345,378
37,60,960,147,813,45,768,385,383
37,61,411,35,376,37,339,159,180
37,62,1215,231,984,42,942,406,536
37,63,3581,831,2750,205,2545,1387,1158
37,64,204,28,176,5,171,94,77
37,65,505,77,428,23,405,199,206
37,66,444,77,367,23,344,159,185
37,67,1168,150,1018,58,960,492,468
37,68,521,80,441,32,409,170,239
37,69,204,28,176,13,163,68,95
37,70,272,47,225,12,213,70,143
37,71,114,15,99,9,90,35,55
37,72,6089,1216,4873,267,4606,2611,1995
37,73,490,76,414,28,386,153,233
37,74,1463,284,1179,62,1117,529,588
37,75,249,35,214,13,201,74,127
37,76,320,41,279,7,272,163,109
37,77,2311,331,1980,124,1856,940,916
37,78,294,35,259,27,232,120,112
37,79,1473,235,1238,78,1160,586,574
37,80,175,28,147,11,136,71,65
37,81,955,106,849,54,795,382,413
37,82,349,57,292,18,274,125,149
37,83,1094,163,931,59,872,421,451
37,84,434,89,345,18,327,122,205
37,85,678,85,593,33,560,297,263
37,86,317,53,264,11,253,109,144
37,87,183,26,157,11,146,59,87
37,88,103,19,84,9,75,28,47
37,89,613,88,525,33,492,210,282
37,90,99,12,87,5,82,33,49
37,91,1712,262,1450,92,1358,710,648
37,92,505,84,421,23,398,199,199
37,93,438,59,379,27,352,157,195
37,94,453,50,403,26,377,165,212
37,95,243,42,201,16,185,102,83
37,96,414,72,342,26,316,151,165
37,97,455,64,391,26,365,192,173
37,98,533,75,458,27,431,226,205
37,99,595,90,505,36,469,209,260
37,100,302,46,256,25,231,113,118
37,101,139,30,109,9,100,33,67
37,102,126,25,101,9,92,44,48
37,103,123,20,103,11,92,46,46
37,104,3597,509,3088,199,2889,1486,1403
37,105,242,37,205,10,195,95,100
37,106,225,24,201,18,183,97,86
37,107,237,38,199,11,188,86,102
37,108,555,57,498,39,459,235,224
37,109,8114,1242,6872,368,6504,2921,3583
37,110,1085,189,896,71,825,392,433
37,111,1204,168,1036,66,970,500,470
37,112,339,63,276,10,266,120,146
37,113,746,114,632,34,598,279,319
37,114,170,23,147,16,131,69,62
37,115,2870,454,2416,155,2261,1222,1039
37,116,410,56,354,22,332,121,211
37,117,619,125,494,33,461,202,259
37,118,1175,170,1005,61,944,555,389
37,119,1335,244,1091,81,1010,464,546
37,120,390,63,327,20,307,148,159
37,121,212,32,180,8,172,78,94
37,122,24271,4770,19501,1044,18457,10266,8191
37,123,2764,436,2328,184,2144,1172,972
37,124,1830,202,1628,100,1528,781,747
37,125,339,43,296,28,268,135,133
37,126,244,29,215,12,203,99,104
37,127,219,38,181,21,160,88,72
37,128,886,106,780,53,727,340,387
37,129,807,84,723,38,685,326,359
37,130,1606,204,1402,80,1322,728,594
37,131,918,152,766,46,720,330,390
37,132,4791,1011,3780,198,3582,1792,1790
37,133,409,81,328,17,311,122,189
37,134,471,58,413,27,386,159,227
37,135,207,24,183,11,172,79,93
37,136,355,34,321,24,297,153,144
37,137,117,17,100,4,96,46,50
37,138,598,101,497,42,455,219,236
37,139,3622,537,3085,180,2905,1351,1554
37,140,195,34,161,26,135,68,67
37,141,661,110,551,40,511,198,313
37,142,485,87,398,27,371,161,210
37,143,949,147,802,48,754,364,390
37,144,399,42,357,19,338,116,222
37,145,189,25,164,21,143,64,79
37,146,202,31,171,12,159,98,61
37,147,430,66,364,19,345,160,185
37,148,472,84,388,26,362,143,219
37,149,325,46,279,7,272,134,138
37,150,906,123,783,49,734,371,363
37,151,2231,347,1884,96,1788,826,962
37,152,1737,276,1461,71,1390,675,715
37,153,2799,425,2374,159,2215,1019,1196
37,154,2961,426,2535,140,2395,1168,1227
37,155,449,60,389,27,362,145,217
37,156,7986,1381,6605,346,6259,3609,2650
37,157,286,36,250,17,233,117,116
37,158,571,107,464,39,425,207,218
37,159,5647,992,4655,288,4367,2325,2042
37,160,240,35,205,9,196,77,119
37,161,607,106,501,39,462,213,249
37,162,370,41,329,20,309,185,124
37,163,3048,630,2418,193,2225,1173,1052
37,165,324,43,281,17,264,139,125
37,166,492,56,436,37,399,170,229
37,167,1392,268,1124,65,1059,462,597
37,168,264,45,219,13,206,91,115
37,169,634,79,555,38,517,249,268
37,170,792,105,687,50,637,244,393
37,171,916,161,755,55,700,311,389
37,172,3137,478,2659,129,2530,1382,1148
37,173,619,90,529,31,498,257,241
37,174,614,93,521,21,500,242,258
37,175,920,97,823,46,777,387,390
37,176,698,80,618,52,566,242,324
37,177,548,80,468,29,439,210,229
37,178,470,57,413,32,381,179,202
37,179,1855,264,1591,96,1495,637,858
37,180,521,80,441,30,411,210,201
37,181,188,28,160,6,154,73,81
37,182,747,93,654,44,610,298,312
37,183,1082,161,921,63,858,380,478
37,184,315,52,263,14,249,114,135
37,185,1103,177,926,67,859,428,431
37,186,617,86,531,36,495,271,224
37,187,260,25,235,15,220,116,104
37,188,586,86,500,37,463,204,259
37,189,793,126,667,49,618,352,266
37,190,153,23,130,7,123,54,69
37,191,174,26,148,10,138,69,69
37,192,873,94,779,44,735,343,392
37,193,1035,153,882,54,828,346,482
37,194,1147,174,973,62,911,425,486
37,195,6260,1433,4827,273,4554,2719,1835
37,196,1400,252,1148,69,1079,509,570
37,197,344,53,291,19,272,141,131
37,198,238,35,203,10,193,93,100
37,199,371,46,325,16,309,146,163
37,200,662,90,572,41,531,286,245
37,201,577,92,485,32,453,220,233
37,202,409,58,351,24,327,158,169
37,203,2428,299,2129,91,2038,890,1148
37,204,916,155,761,45,716,341,375
37,205,867,92,775,47,728,335,393
37,206,1145,164,981,38,943,449,494
37,207,254,44,210,9,201,92,109
37,208,11571,1685,9886,462,9424,4582,4842
37,209,166,20,146,10,136,61,75
37,210,477,61,416,24,392,224,168
37,211,1972,356,1616,99,1517,713,804
37,212,521,73,448,30,418,183,235
37,213,690,101,589,39,550,223,327
37,214,12482,1889,10593,417,10176,4418,5758
37,216,1218,176,1042,71,971,449,522
37,217,1062,148,914,50,864,486,378
37,218,465,64,401,28,373,140,233
37,219,717,87,630,46,584,292,292
37,220,310,46,264,21,243,134,109
37,221,567,116,451,21,430,224,206
37,222,536,60,476,30,446,201,245
37,223,227,31,196,11,185,80,105
37,224,652,85,567,31,536,211,325
37,225,2114,337,1777,114,1663,847,816
37,226,2995,530,2465,151,2314,1098,1216
37,227,507,85,422,41,381,196,185
37,228,932,135,797,45,752,307,445
37,229,191,40,151,7,144,60,84
37,230,716,93,623,44,579,287,292
37,231,1240,199,1041,66,975,388,587
37,232,520,70,450,31,419,211,208
37,233,10599,2442,8157,441,7716,5659,2057
37,234,385,51,334,27,307,134,173
37,236,350,39,311,16,295,162,133
37,237,915,122,793,47,746,370,376
37,238,351,36,315,20,295,145,150
37,240,466,56,410,22,388,171,217
37,241,1031,164,867,77,790,358,432
37,242,1072,185,887,69,818,451,367
37,243,2152,256,1896,87,1809,858,951
37,244,234,30,204,16,188,77,111
37,245,1517,247,1270,65,1205,586,619
37,246,195,24,171,9,162,59,103
37,247,481,71,410,35,375,164,211
37,248,270,49,221,14,207,119,88
37,249,1014,178,836,63,773,354,419
37,250,1577,197,1380,88,1292,603,689
37,251,592,94,498,44,454,201,253
37,252,280,41,239,8,231,125,106
37,253,155,32,123,5,118,46,72
37,254,915,140,775,53,722,340,382
37,255,204,25,179,14,165,85,80
37,256,287,39,248,13,235,107,128
37,257,1121,194,927,60,867,407,460
37,258,240,39,201,14,187,107,80
37,259,406,49,357,29,328,162,166
37,260,418,57,361,19,342,170,172
37,261,76322,16120,60202,2943,57259,32393,24866
37,262,268,45,223,13,210,93,117
37,263,1492,188,1304,52,1252,665,587
37,264,802,99,703,59,644,273,371
37,265,159,23,136,5,131,94,37
37,266,4548,561,3987,227,3760,1764,1996
37,267,2989,390,2599,142,2457,1345,1112
37,268,110,14,96,7,89,38,51
37,269,401,53,348,24,324,141,183
37,270,1883,253,1630,99,1531,653,878
37,271,711,101,610,40,570,323,247
37,272,746,93,653,54,599,271,328
37,273,3533,510,3023,192,2831,1596,1235
37,274,223,36,187,8,179,78,101
37,275,98,9,89,4,85,40,45
37,276,957,117,840,44,796,379,417
37,277,485,70,415,29,386,160,226
37,278,661,93,568,27,541,286,255
37,279,532,88,444,35,409,196,213
37,280,187,24,163,23,140,63,77
37,281,2420,367,2053,96,1957,871,1086
37,282,1182,150,1032,47,985,530,455
38,1,2150,490,1660,112,1548,684,864
38,2,721,108,613,33,580,334,246
38,3,736,96,640,41,599,270,329
38,4,800,160,640,49,591,311,280
38,5,860,182,678,48,630,316,314
38,6,2818,554,2264,131,2133,1188,945
38,8,40,7,33,2,31,20,11
38,9,732,118,614,44,570,272,298
38,10,448,73,375,19,356,141,215
38,11,758,123,635,33,602,221,381
38,12,1554,328,1226,84,1142,497,645
38,13,2312,361,1951,96,1855,952,903
38,14,373,71,302,26,276,133,143
38,15,1207,194,1013,75,938,393,545
38,16,170,26,144,13,131,53,78
38,17,929,137,792,65,727,370,357
38,18,286,41,245,23,222,100,122
38,19,1051,229,822,54,768,376,392
38,20,274,66,208,6,202,85,117
38,21,1373,183,1190,52,1138,655,483
38,22,3887,886,3001,225,2776,1219,1557
38,23,199,29,170,4,166,47,119
38,24,432,67,365,22,343,127,216
38,25,329,48,281,19,262,119,143
38,26,633,120,513,33,480,211,269
38,27,1382,188,1194,55,1139,562,577
38,28,693,113,580,49,531,189,342
38,29,1182,214,968,82,886,396,490
38,30,1113,201,912,57,855,441,414
38,31,35,2,33,6,27,17,10
38,32,431,59,372,36,336,122,214
38,33,485,75,410,39,371,158,213
38,34,2952,638,2314,147,2167,1081,1086
38,35,765,117,648,43,605,263,342
38,36,77,4,73,10,63,29,34
38,37,764,130,634,36,598,303,295
38,38,308,60,248,12,236,90,146
38,39,2438,304,2134,100,2034,1050,984
38,40,175,29,146,9,137,55,82
38,41,101,10,91,5,86,39,47
38,42,702,89,613,34,579,301,278
38,43,999,144,855,57,798,442,356
38,44,1084,169,915,57,858,330,528
38,45,2065,233,1832,73,1759,719,1040
38,46,666,95,571,50,521,213,308
38,47,114,14,100,4,96,30,66
38,48,866,128,738,67,671,334,337
38,49,247,38,209,21,188,70,118
38,50,424,68,356,30,326,126,200
38,51,866,113,753,54,699,268,431
38,52,2422,555,1867,106,1761,751,1010
38,53,15499,3538,11961,613,11348,5983,5365
38,54,972,186,786,61,725,372,353
38,55,427,74,353,25,328,131,197
38,56,69,5,64,8,56,25,31
38,57,568,55,513,24,489,229,260
38,58,1260,256,1004,61,943,415,528
38,59,1814,219,1595,68,1527,598,929
38,60,112,14,98,1,97,34,63
38,61,2115,288,1827,138,1689,849,840
38,62,491,58,433,24,409,201,208
38,63,339,59,280,16,264,111,153
38,64,1862,341,1521,89,1432,561,871
38,65,1300,196,1104,81,1023,493,530
38,66,134,14,120,12,108,39,69
38,67,1037,122,915,50,865,328,537
38,68,914,113,801,34,767,367,400
38,69,871,148,723,44,679,294,385
38,70,953,141,812,52,760,407,353
38,71,2348,394,1954,130,1824,1094,730
38,72,1618,323,1295,84,1211,476,735
38,73,110,22,88,5,83,39,44
38,74,230,24,206,11,195,85,110
38,75,1987,279,1708,84,1624,770,854
38,76,1230,156,1074,76,998,412,586
38,77,501,50,451,22,429,196,233
38,78,427,64,363,22,341,220,121
38,80,564,84,480,32,448,175,273
38,81,1298,172,1126,72,1054,421,633
38,82,1372,290,1082,69,1013,482,531
38,83,298,44,254,22,232,96,136
38,84,1168,194,974,53,921,441,480
38,85,5616,1493,4123,224,3899,1800,2099
38,86,318,49,269,15,254,112,142
38,87,3177,527,2650,162,2488,1284,1204
38,89,178,33,145,5,140,64,76
38,90,273,50,223,9,214,120,94
38,91,488,57,431,31,400,171,229
38,92,84,11,73,5,68,28,40
38,93,314,43,271,20,251,129,122
38,94,1300,245,1055,76,979,370,609
38,95,2019,368,1651,116,1535,654,881
38,97,2704,526,2178,108,2070,923,1147
38,98,502,71,431,28,403,187,216
38,99,570,74,496,36,460,199,261
38,100,1834,347,1487,94,1393,856,537
38,101,757,146,611,38,573,284,289
38,102,383,51,332,13,319,126,193
38,103,285,36,249,16,233,121,112
38,104,1019,193,826,63,763,337,426
38,105,1725,292,1433,73,1360,696,664
38,106,268,37,231,23,208,103,105
38,107,1223,166,1057,87,970,411,559
38,108,118,17,101,6,95,47,48
38,109,711,90,621,37,584,212,372
38,110,1602,216,1386,86,1300,511,789
38,111,6275,896,5379,244,5135,2511,2624
38,112,151,22,129,8,121,60,61
38,113,453,57,396,24,372,161,211
38,114,1121,175,946,73,873,471,402
38,115,476,62,414,19,395,219,176
38,116,46,9,37,6,31,25,6
38,117,470,58,412,32,380,216,164
38,118,1128,154,974,77,897,452,445
38,120,564,81,483,44,439,240,199
38,121,608,109,499,44,455,228,227
38,124,1667,293,1374,102,1272,519,753
38,125,203,38,165,8,157,84,73
38,126,3374,562,2812,93,2719,1118,1601
38,127,150,17,133,4,129,77,52
38,128,408,49,359,10,349,158,191
38,129,345,44,301,16,285,91,194
38,130,2973,594,2379,124,2255,1112,1143
38,131,1516,191,1325,83,1242,523,719
38,132,108,7,101,5,96,42,54
38,133,3464,577,2887,168,2719,1363,1356
38,134,633,105,528,35,493,229,264
38,135,840,107,733,49,684,258,426
38,136,379,51,328,31,297,110,187
38,137,322,33,289,26,263,152,111
38,138,1991,340,1651,80,1571,728,843
38,139,1048,163,885,65,820,315,505
38,140,6143,756,5387,246,5141,3079,2062
38,141,472,74,398,23,375,122,253
38,144,1909,327,1582,92,1490,655,835
38,145,111,16,95,7,88,47,41
38,146,553,90,463,20,443,184,259
38,147,585,92,493,30,463,172,291
38,148,2329,386,1943,145,1798,746,1052
38,149,1081,156,925,44,881,395,486
38,150,4671,790,3881,251,3630,2036,1594
38,151,20610,3904,16706,821,15885,10067,5818
38,152,543,115,428,18,410,184,226
38,153,381,32,349,23,326,208,118
38,154,234,39,195,14,181,102,79
38,155,1227,232,995,84,911,415,496
38,156,723,160,563,54,509,223,286
38,157,2470,314,2156,164,1992,895,1097
38,158,6465,967,5498,231,5267,3066,2201
38,159,326,39,287,22,265,105,160
38,160,1640,260,1380,84,1296,570,726
38,161,683,112,571,31,540,211,329
38,162,989,157,832,73,759,392,367
38,163,237,30,207,11,196,97,99
38,165,1278,227,1051,73,978,444,534
38,166,328,29,299,22,277,155,122
38,167,351,45,306,30,276,107,169
38,169,13253,2789,10464,520,9944,6449,3495
38,170,2326,429,1897,99,1798,813,985
38,171,252,30,222,8,214,102,112
38,172,811,95,716,46,670,308,362
38,173,218,33,185,17,168,101,67
38,174,783,119,664,53,611,274,337
38,175,2508,480,2028,116,1912,1093,819
38,176,1519,206,1313,72,1241,495,746
38,177,121,20,101,9,92,31,61
38,179,3959,695,3264,157,3107,1715,1392
38,180,726,76,650,58,592,265,327
38,181,1711,293,1418,84,1334,715,619
38,182,1878,290,1588,105,1483,835,648
38,183,294,31,263,12,251,124,127
38,184,957,148,809,38,771,278,493
38,185,84648,17921,66727,2510,64217,41288,22929
38,186,357,55,302,16,286,130,156
38,187,1444,254,1190,63,1127,629,498
38,188,1067,122,945,36,909,446,463
38,189,3485,664,2821,203,2618,1099,1519
38,190,754,148,606,33,573,268,305
38,191,1171,233,938,32,906,243,663
38,192,137,25,112,6,106,60,46
38,193,8795,2435,6360,375,5985,3309,2676
38,194,1464,267,1197,69,1128,587,541
38,195,546,79,467,38,429,208,221
38,197,1035,195,840,46,794,290,504
38,198,758,124,634,52,582,284,298
38,199,1693,209,1484,81,1403,587,816
38,200,3036,531,2505,149,2356,1247,1109
38,203,344,63,281,14,267,104,163
38,204,193,19,174,9,165,94,71
38,205,2099,313,1786,65,1721,981,740
38,206,799,125,674,39,635,368,267
38,207,173,16,157,8,149,80,69
38,208,134,10,124,9,115,64,51
38,209,164,25,139,14,125,64,61
38,210,550,97,453,25,428,171,257
38,211,221,29,192,15,177,78,99
38,212,865,185,680,45,635,412,223
38,213,441,71,370,28,342,160,182
38,214,1564,210,1354,68,1286,628,658
38,215,1685,265,1420,107,1313,536,777
38,216,72,8,64,2,62,39,23
38,217,85,12,73,5,68,25,43
38,218,653,90,563,46,517,248,269
38,219,474,96,378,34,344,182,162
38,221,126,21,105,12,93,43,50
38,222,563,74,489,31,458,247,211
38,223,1301,202,1099,56,1043,409,634
38,224,98,11,87,10,77,41,36
38,225,1053,136,917,42,875,415,460
38,226,1143,180,963,36,927,522,405
38,228,398,61,337,26,311,139,172
38,229,13889,2067,11822,500,11322,5338,5984
38,230,883,141,742,48,694,309,385
38,231,590,62,528,51,477,169,308
38,232,487,82,405,22,383,162,221
38,235,252,25,227,8,219,118,101
38,236,1457,277,1180,75,1105,537,568
38,237,187,31,156,10,146,95,51
38,238,1379,222,1157,82,1075,414,661
38,239,5511,1070,4441,246,4195,2315,1880
38,240,544,93,451,32,419,208,211
38,241,31,1,30,3,27,10,17
38,242,809,102,707,47,660,303,357
38,243,229,29,200,11,189,119,70
38,244,563,93,470,31,439,232,207
38,245,213,34,179,10,169,71,98
38,246,703,89,614,39,575,207,368
38,247,1836,428,1408,91,1317,639,678
38,248,427,64,363,21,342,174,168
38,249,3541,414,3127,149,2978,1328,1650
38,250,344,33,311,15,296,136,160
38,252,269,29,240,9,231,143,88
38,253,923,258,665,35,630,229,401
38,254,429,77,352,35,317,167,150
38,255,98,6,92,11,81,44,37
38,256,1097,156,941,54,887,423,464
38,257,339,49,290,31,259,107,152
38,258,107,24,83,4,79,62,17
38,259,683,117,566,49,517,243,274
38,260,400,81,319,19,300,121,179
38,261,2449,429,2020,118,1902,801,1101
38,262,324,48,276,15,261,149,112
38,263,320,43,277,21,256,146,110
38,264,186,41,145,6,139,71,68
38,265,1298,248,1050,73,977,574,403
38,266,347,52,295,28,267,172,95
38,267,520,90,430,28,402,163,239
38,268,178,24,154,10,144,78,66
38,269,3443,775,2668,175,2493,1402,1091
38,270,1376,172,1204,64,1140,557,583
38,271,674,106,568,45,523,251,272
38,272,313,53,260,18,242,118,124
38,273,407,46,361,26,335,204,131
38,274,347,54,293,25,268,117,151
38,275,233,49,184,20,164,60,104
38,276,1622,254,1368,88,1280,571,709
38,277,350,48,302,19,283,141,142
38,278,342,52,290,18,272,158,114
38,279,889,110,779,45,734,408,326
38,280,489,70,419,19,400,268,132
38,281,1717,335,1382,80,1302,657,645
38,282,550,77,473,31,442,159,283
38,283,120,28,92,3,89,68,21
38,284,283,19,264,12,252,117,135
38,285,163,20,143,3,140,101,39
38,286,40,9,31,1,30,13,17
38,287,721,108,613,46,567,300,267
38,288,1211,242,969,74,895,378,517
38,289,284,60,224,10,214,112,102
38,290,587,106,481,43,438,187,251
38,291,689,105,584,51,533,185,348
38,292,883,183,700,45,655,315,340
38,293,312,36,276,22,254,111,143
38,294,423,73,350,17,333,128,205
38,295,461,61,400,23,377,189,188
38,296,595,59,536,26,510,193,317
38,297,705,101,604,39,565,203,362
38,298,4024,1012,3012,156,2856,1707,1149
38,299,196,33,163,14,149,80,69
38,300,275,49,226,13,213,67,146
38,301,129,15,114,7,107,69,38
38,302,153,25,128,6,122,62,60
38,303,316,39,277,15,262,148,114
38,304,1015,169,846,54,792,511,281
38,305,974,112,862,66,796,374,422
38,306,185,27,158,7,151,108,43
38,307,426,82,344,29,315,160,155
38,308,175,15,160,19,141,67,74
38,309,1504,171,1333,56,1277,826,451
38,310,839,150,689,76,613,297,316
38,311,578,109,469,34,435,171,264
38,312,542,70,472,25,447,237,210
38,313,242,32,210,15,195,112,83
38,314,4744,878,3866,227,3639,2086,1553
38,315,2064,344,1720,96,1624,759,865
38,316,2935,853,2082,86,1996,1035,961
38,317,6587,1539,5048,282,4766,2853,1913
38,318,3285,795,2490,142,2348,1311,1037
38,319,630,124,506,22,484,292,192
38,320,1159,221,938,79,859,390,469
38,321,171,32,139,5,134,68,66
38,322,82,10,72,4,68,39,29
38,323,813,129,684,42,642,271,371
38,324,587,94,493,43,450,196,254
38,325,433,65,368,24,344,205,139
38,326,278,38,240,16,224,160,64
38,328,717,94,623,32,591,326,265
38,329,71,10,61,3,58,24,34
38,330,90,19,71,9,62,19,43
38,331,743,96,647,41,606,342,264
38,332,2344,397,1947,136,1811,1093,718
38,333,276,35,241,17,224,120,104
38,334,1077,132,945,52,893,527,366
38,335,746,115,631,44,587,292,295
38,336,1420,202,1218,74,1144,508,636
38,337,3778,722,3056,126,2930,1591,1339
38,338,494,82,412,26,386,207,179
38,339,1458,208,1250,79,1171,418,753
38,340,1301,251,1050,62,988,513,475
38,341,844,132,712,44,668,287,381
38,342,203,17,186,14,172,94,78
38,343,1238,204,1034,60,974,375,599
38,344,5537,1266,4271,262,4009,2310,1699
38,345,458,97,361,29,332,163,169
38,346,279,42,237,32,205,89,116
38,347,883,131,752,41,711,365,346
38,348,3583,610,2973,171,2802,1133,1669
38,349,1249,214,1035,67,968,482,486
38,350,408,35,373,19,354,181,173
38,351,658,109,549,47,502,195,307
38,352,1455,183,1272,63,1209,516,693
38,353,610,100,510,40,470,240,230
38,354,288,41,247,21,226,109,117
38,355,118,16,102,4,98,69,29
38,356,313,33,280,8,272,146,126
38,357,1787,324,1463,111,1352,672,680
38,358,466,68,398,23,375,129,246
38,359,829,107,722,35,687,360,327
38,360,308,26,282,19,263,101,162
38,361,73,5,68,3,65,41,24
38,362,850,104,746,54,692,334,358
38,363,692,148,544,46,498,264,234
38,364,355,40,315,15,300,170,130
38,365,580,106,474,36,438,175,263
38,366,254,27,227,16,211,111,100
38,367,505,64,441,27,414,284,130
38,368,712,107,605,31,574,283,291
38,369,735,109,626,57,569,235,334
38,370,516,83,433,36,397,193,204
38,372,484,66,418,30,388,198,190
38,373,855,118,737,41,696,268,428
38,374,2441,459,1982,117,1865,724,1141
38,375,134,28,106,10,96,57,39
38,376,611,85,526,36,490,245,245
38,377,2147,426,1721,104,1617,765,852
38,378,3027,749,2278,165,2113,1020,1093
38,379,224,41,183,22,161,63,98
38,380,194,36,158,3,155,69,86
38,381,1317,234,1083,73,1010,407,603
38,382,11782,2209,9573,492,9081,5426,3655
38,383,2157,333,1824,126,1698,937,761
38,384,1979,343,1636,124,1512,704,808
38,386,1498,243,1255,83,1172,549,623
38,387,360,59,301,26,275,121,154
38,388,1591,279,1312,82,1230,639,591
38,389,2437,400,2037,147,1890,767,1123
38,390,400,64,336,29,307,152,155
38,391,217,24,193,11,182,82,100
38,392,427,71,356,33,323,142,181
38,393,1073,175,898,54,844,449,395
38,394,1556,285,1271,84,1187,568,619
38,395,887,123,764,33,731,525,206
38,396,630,83,547,30,517,300,217
38,397,5377,665,4712,195,4517,1817,2700
38,398,611,97,514,37,477,216,261
38,399,3073,445,2628,192,2436,1073,1363
38,400,2351,378,1973,107,1866,1000,866
38,401,966,137,829,57,772,354,418
38,402,459,74,385,22,363,244,119
38,403,283,28,255,19,236,145,91
38,404,193,26,167,6,161,72,89
38,405,949,174,775,56,719,371,348
38,406,110,20,90,7,83,36,47
38,407,361,44,317,29,288,171,117
38,408,1943,322,1621,89,1532,563,969
38,409,862,202,660,68,592,295,297
38,410,908,122,786,46,740,328,412
38,412,2997,511,2486,171,2315,1170,1145
38,413,378,44,334,19,315,174,141
38,414,40,9,31,6,25,20,5
38,415,1021,113,908,55,853,393,460
38,416,5203,961,4242,244,3998,2017,1981
38,417,378,38,340,15,325,198,127
38,418,156,11,145,9,136,81,55
38,419,158,20,138,10,128,62,66
38,420,223,34,189,13,176,94,82
38,421,18122,3805,14317,664,13653,9049,4604
38,422,4163,581,3582,160,3422,1790,1632
38,423,3486,739,2747,122,2625,1593,1032
38,424,130,22,108,6,102,35,67
38,425,3939,945,2994,194,2800,1660,1140
38,426,572,77,495,34,461,243,218
38,427,222,38,184,15,169,90,79
38,428,64,9,55,4,51,24,27
38,429,215,26,189,20,169,94,75
38,430,252,41,211,16,195,111,84
38,431,2205,262,1943,68,1875,858,1017
38,432,757,96,661,42,619,336,283
38,433,810,93,717,46,671,418,253
38,434,442,54,388,21,367,167,200
38,435,334,37,297,20,277,194,83
38,436,1754,220,1534,72,1462,704,758
38,437,277,65,212,21,191,116,75
38,438,220,28,192,7,185,105,80
38,439,1933,316,1617,91,1526,925,601
38,440,575,85,490,24,466,222,244
38,442,866,128,738,53,685,364,321
38,443,396,66,330,28,302,189,113
38,444,120,21,99,7,92,43,49
38,445,548,66,482,30,452,257,195
38,446,522,69,453,31,422,159,263
38,448,948,169,779,60,719,279,440
38,449,3519,669,2850,158,2692,1410,1282
38,450,925,127,798,65,733,335,398
38,451,2227,345,1882,117,1765,680,1085
38,452,286,30,256,16,240,110,130
38,453,1215,173,1042,60,982,444,538
38,454,1195,162,1033,84,949,440,509
38,455,2808,453,2355,144,2211,885,1326
38,456,225,31,194,13,181,137,44
38,457,2013,413,1600,99,1501,801,700
38,458,420,66,354,29,325,116,209
38,459,643,78,565,36,529,190,339
38,460,355,45,310,16,294,111,183
38,462,365,69,296,20,276,143,133
38,463,1386,215,1171,90,1081,504,577
38,464,1447,259,1188,88,1100,487,613
38,465,846,165,681,44,637,267,370
38,466,1133,153,980,53,927,484,443
38,467,921,178,743,44,699,305,394
38,468,3151,605,2546,208,2338,1327,1011
38,469,97,10,87,3,84,43,41
38,470,339,50,289,27,262,138,124
38,471,801,97,704,38,666,403,263
38,472,161,18,143,5,138,91,47
38,473,647,73,574,46,528,234,294
38,474,7815,1278,6537,364,6173,3325,2848
38,475,1586,239,1347,98,1249,467,782
38,476,616,138,478,39,439,178,261
38,478,690,133,557,36,521,346,175
38,479,266,46,220,20,200,77,123
38,480,1353,203,1150,84,1066,414,652
38,481,638,90,548,28,520,217,303
38,483,1119,166,953,62,891,365,526
38,484,1145,141,1004,63,941,444,497
38,485,8682,1672,7010,396,6614,3668,2946
38,486,5281,641,4640,194,4446,2289,2157
38,487,1539,224,1315,85,1230,515,715
38,488,463,91,372,25,347,137,210
38,489,108,8,100,3,97,62,35
38,490,1380,227,1153,73,1080,510,570
38,492,471,53,418,16,402,261,141
38,494,527,99,428,32,396,150,246
38,495,456,98,358,22,336,161,175
38,496,989,168,821,61,760,303,457
38,497,144,13,131,12,119,58,61
38,498,535,75,460,16,444,180,264
38,499,814,185,629,44,585,392,193
38,500,428,59,369,36,333,139,194
38,501,1006,169,837,64,773,408,365
38,503,1619,170,1449,70,1379,805,574
38,504,1611,217,1394,59,1335,697,638
38,505,534,88,446,28,418,211,207
38,507,4140,756,3384,177,3207,1449,1758
38,508,446,48,398,39,359,187,172
38,509,4721,1120,3601,213,3388,1780,1608
38,511,2292,387,1905,84,1821,983,838
38,512,425,73,352,29,323,136,187
38,513,169,18,151,1,150,74,76
38,514,214,34,180,17,163,83,80
38,515,1294,192,1102,79,1023,378,645
38,516,3810,557,3253,129,3124,1520,1604
38,517,5281,1059,4222,278,3944,2200,1744
38,518,526,78,448,36,412,227,185
38,519,1821,289,1532,92,1440,500,940
38,520,449,69,380,26,354,133,221
38,521,62,10,52,3,49,36,13
38,522,210,30,180,11,169,107,62
38,523,672,89,583,37,546,241,305
38,524,4432,644,3788,203,3585,1656,1929
38,525,305,52,253,22,231,80,151
38,526,286,39,247,18,229,107,122
38,527,400,74,326,20,306,139,167
38,528,895,136,759,48,711,340,371
38,529,2792,528,2264,101,2163,1064,1099
38,530,1699,309,1390,81,1309,571,738
38,531,411,78,333,30,303,152,151
38,532,447,74,373,31,342,140,202
38,533,587,47,540,15,525,290,235
38,534,730,187,543,11,532,189,343
38,535,189,31,158,8,150,67,83
38,536,898,129,769,47,722,360,362
38,537,3783,706,3077,146,2931,1434,1497
38,538,3066,411,2655,140,2515,1426,1089
38,539,432,55,377,21,356,167,189
38,540,1046,159,887,46,841,421,420
38,541,1385,250,1135,65,1070,440,630
38,542,275,43,232,14,218,90,128
38,543,1512,359,1153,60,1093,429,664
38,544,18292,3417,14875,721,14154,7595,6559
38,545,5952,1084,4868,247,4621,2307,2314
38,546,691,94,597,54,543,212,331
38,547,5283,1104,4179,218,3961,2423,1538
38,548,3655,539,3116,139,2977,1342,1635
38,549,38,3,35,1,34,18,16
38,550,83,13,70,7,63,33,30
38,551,45,11,34,5,29,17,12
38,552,315,37,278,21,257,147,110
38,553,10503,2560,7943,426,7517,4661,2856
38,554,1247,132,1115,80,1035,411,624
38,555,811,149,662,54,608,262,346
38,556,930,144,786,58,728,330,398
38,557,3226,536,2690,160,2530,834,1696
38,558,1225,168,1057,70,987,407,580
38,559,2757,561,2196,164,2032,947,1085
38,560,765,129,636,35,601,306,295
38,561,1098,164,934,49,885,442,443
38,562,4856,1063,3793,242,3551,2088,1463
38,563,14114,3042,11072,658,10414,5522,4892
38,564,194,31,163,15,148,62,86
38,565,6961,1069,5892,340,5552,2853,2699
38,566,1290,186,1104,66,1038,529,509
38,567,428,105,323,11,312,125,187
39,1,601,87,514,45,469,218,251
39,2,48,17,31,1,30,17,13
39,3,36,4,32,2,30,13,17
39,4,49,10,39,1,38,9,29
39,6,315,32,283,22,261,152,109
39,7,136,22,114,12,102,43,59
39,8,250,29,221,21,200,92,108
39,9,421,61,360,16,344,168,176
39,10,72,11,61,7,54,29,25
39,11,318,50,268,20,248,89,159
39,13,2530,402,2128,126,2002,1121,881
39,14,196,23,173,12,161,89,72
39,15,98,13,85,4,81,35,46
39,16,762,118,644,40,604,294,310
39,17,622,100,522,45,477,211,266
39,18,318,63,255,27,228,78,150
39,19,187,28,159,6,153,67,86
39,20,83,15,68,7,61,19,42
39,21,125,14,111,10,101,60,41
39,22,522,60,462,51,411,181,230
39,23,114,10,104,4,100,48,52
39,24,171,21,150,6,144,79,65
39,25,220,30,190,21,169,97,72
39,26,125,16,109,7,102,53,49
39,27,162,23,139,7,132,62,70
39,28,326,40,286,22,264,152,112
39,29,263,34,229,28,201,98,103
39,30,590,66,524,48,476,232,244
39,31,159,15,144,16,128,61,67
39,32,309,43,266,13,253,94,159
39,34,216,25,191,22,169,82,87
39,35,233,44,189,21,168,84,84
39,36,43,6,37,3,34,22,12
39,37,146,17,129,14,115,65,50
39,38,123,20,103,11,92,48,44
39,39,161,17,144,10,134,54,80
39,40,161,18,143,11,132,42,90
39,41,209,33,176,13,163,73,90
39,42,340,34,306,21,285,132,153
39,43,822,166,656,65,591,302,289
39,45,56,8,48,8,40,16,24
39,46,84,17,67,3,64,21,43
39,47,425,60,365,30,335,122,213
39,48,208,22,186,11,175,106,69
39,49,294,42,252,29,223,117,106
39,50,146,15,131,8,123,71,52
39,51,279,27,252,18,234,123,111
39,52,62,10,52,4,48,19,29
39,53,122,16,106,6,100,29,71
39,54,69,13,56,3,53,28,25
39,55,32,3,29,2,27,8,19
39,56,943,152,791,41,750,343,407
39,57,97,19,78,3,75,43,32
39,58,125,8,117,5,112,48,64
39,59,1222,223,999,81,918,315,603
39,60,48,14,34,2,32,17,15
39,61,92,7,85,8,77,25,52
39,62,48,6,42,7,35,20,15
39,63,202,28,174,8,166,68,98
39,64,37,6,31,2,29,17,12
39,65,83,17,66,7,59,42,17
39,66,146,11,135,7,128,55,73
39,68,242,27,215,15,200,106,94
39,69,106,19,87,12,75,49,26
39,70,83,11,72,6,66,20,46
39,72,245,29,216,12,204,97,107
39,73,139,16,123,9,114,56,58
39,74,180,34,146,7,139,51,88
39,75,180,20,160,10,150,74,76
39,76,142,14,128,13,115,56,59
39,77,38,6,32,4,28,8,20
39,78,507,52,455,34,421,224,197
39,79,161,7,154,10,144,70,74
39,80,43,4,39,2,37,19,18
39,81,286,47,239,30,209,101,108
39,83,242,29,213,15,198,72,126
39,84,110,9,101,10,91,36,55
39,85,64,7,57,3,54,15,39
39,86,203,41,162,12,150,69,81
39,88,298,50,248,13,235,122,113
39,89,53,8,45,2,43,16,27
39,90,120,19,101,7,94,49,45
39,91,79,6,73,1,72,25,47
39,92,134,15,119,17,102,29,73
39,93,313,45,268,27,241,115,126
39,94,127,21,106,6,100,50,50
39,95,97,4,93,2,91,51,40
39,96,252,31,221,13,208,86,122
39,97,5791,1069,4722,372,4350,2166,2184
39,99,318,37,281,9,272,116,156
39,100,94,14,80,7,73,37,36
39,101,1035,129,906,74,832,461,371
39,102,164,23,141,11,130,41,89
39,103,257,34,223,9,214,126,88
39,104,476,91,385,48,337,163,174
39,105,178,19,159,8,151,75,76
39,106,209,30,179,15,164,56,108
39,107,106,9,97,15,82,26,56
39,108,45,5,40,6,34,14,20
39,109,129,20,109,11,98,46,52
39,110,47,10,37,5,32,9,23
39,111,53,4,49,1,48,18,30
39,112,93,15,78,9,69,35,34
39,113,291,49,242,14,228,114,114
39,114,169,23,146,11,135,54,81
39,115,134,19,115,3,112,26,86
39,116,122,11,111,5,106,70,36
39,117,77,8,69,2,67,37,30
39,118,53,13,40,1,39,19,20
39,119,78,18,60,4,56,32,24
39,120,125,18,107,6,101,59,42
39,121,265,26,239,22,217,110,107
39,122,108,28,80,10,70,34,36
39,123,55,8,47,4,43,18,25
39,124,358,54,304,21,283,164,119
39,126,268,41,227,18,209,80,129
39,127,87,15,72,2,70,34,36
39,128,1077,126,951,66,885,364,521
39,129,272,40,232,19,213,98,115
39,130,131,11,120,8,112,54,58
39,131,375,61,314,24,290,114,176
39,132,33,6,27,0,27,17,10
39,133,57,5,52,1,51,20,31
39,134,152,18,134,9,125,48,77
39,135,103,10,93,10,83,49,34
39,136,31,2,29,2,27,17,10
39,137,95,8,87,5,82,36,46
39,138,249,38,211,13,198,91,107
39,139,63,3,60,3,57,28,29
39,140,37,1,36,2,34,12,22
39,141,195,21,174,11,163,99,64
39,142,128,19,109,7,102,42,60
39,143,32,5,27,2,25,12,13
39,145,261,15,246,19,227,93,134
39,146,397,53,344,18,326,204,122
39,147,84,8,76,5,71,30,41
39,148,60,12,48,5,43,25,18
39,149,257,27,230,14,216,119,97
39,150,744,115,629,34,595,292,303
39,151,118,17,101,9,92,56,36
39,153,646,69,577,50,527,261,266
39,154,1021,148,873,54,819,403,416
39,155,71,10,61,6,55,17,38
39,156,211,36,175,9,166,70,96
39,157,42,4,38,1,37,24,13
39,158,133,10,123,7,116,27,89
39,159,205,42,163,22,141,67,74
39,160,612,89,523,42,481,253,228
39,161,53,7,46,1,45,18,27
39,162,184,25,159,11,148,59,89
39,163,81,10,71,8,63,31,32
39,164,609,103,506,34,472,260,212
39,165,55,3,52,2,50,25,25
39,166,196,31,165,16,149,74,75
39,167,258,35,223,15,208,93,115
39,168,43,9,34,2,32,12,20
39,169,493,53,440,20,420,229,191
39,170,691,126,565,48,517,264,253
39,171,726,94,632,52,580,288,292
39,172,160,33,127,8,119,77,42
39,173,869,172,697,31,666,334,332
39,174,72,10,62,1,61,28,33
39,175,67,6,61,8,53,16,37
39,176,379,46,333,18,315,173,142
39,177,450,63,387,31,356,192,164
39,178,73,7,66,7,59,18,41
39,179,199,26,173,15,158,77,81
39,180,224,30,194,17,177,83,94
39,182,494,45,449,37,412,231,181
39,183,500,59,441,31,410,210,200
39,184,183,26,157,10,147,68,79
39,185,324,47,277,27,250,112,138
39,186,265,33,232,26,206,88,118
39,187,166,14,152,7,145,38,107
39,188,235,36,199,12,187,83,104
39,189,2164,470,1694,123,1571,929,642
39,190,813,132,681,53,628,304,324
39,191,80,4,76,4,72,31,41
39,192,63,9,54,3,51,28,23
39,193,691,94,597,47,550,257,293
39,194,372,51,321,17,304,146,158
39,195,60,7,53,3,50,9,41
39,196,95,5,90,11,79,50,29
39,197,303,41,262,34,228,104,124
39,198,15607,3122,12485,800,11685,6504,5181
39,199,725,101,624,39,585,264,321
39,200,166,14,152,11,141,62,79
39,201,228,32,196,16,180,85,95
39,202,92,15,77,3,74,24,50
39,203,66,5,61,1,60,25,35
39,204,35,2,33,1,32,10,22
39,205,297,55,242,17,225,122,103
39,206,146,10,136,6,130,34,96
39,207,62,4,58,5,53,20,33
39,208,119,15,104,4,100,48,52
39,209,132,25,107,12,95,46,49
39,210,415,52,363,38,325,150,175
39,211,214,23,191,21,170,81,89
39,213,17,0,17,2,15,8,7
39,214,84,6,78,8,70,27,43
39,215,57,9,48,7,41,22,19
39,216,235,52,183,8,175,104,71
39,217,493,60,433,20,413,234,179
39,218,316,43,273,20,253,146,107
39,219,445,56,389,33,356,167,189
39,220,294,22,272,17,255,120,135
39,221,25,6,19,3,16,3,13
39,222,70,3,67,1,66,30,36
39,223,147,16,131,7,124,55,69
39,224,84,13,71,4,67,46,21
39,225,171,32,139,11,128,57,71
39,226,28,1,27,6,21,15,6
39,227,190,32,158,9,149,61,88
39,228,830,149,681,42,639,245,394
39,229,159,17,142,8,134,85,49
39,230,57,4,53,4,49,12,37
39,232,325,54,271,23,248,104,144
39,233,1396,201,1195,85,1110,647,463
39,234,68,11,57,6,51,27,24
39,235,754,160,594,65,529,301,228
39,236,29,4,25,1,24,11,13
39,237,39,9,30,8,22,6,16
39,238,100,11,89,7,82,49,33
39,239,36,3,33,2,31,14,17
39,240,132,19,113,12,101,43,58
39,241,283,25,258,16,242,120,122
39,243,70,11,59,7,52,26,26
39,244,144,19,125,14,111,62,49
39,245,248,35,213,19,194,96,98
39,246,258,29,229,22,207,101,106
39,247,56,10,46,3,43,9,34
39,248,34,3,31,7,24,15,9
39,249,61,11,50,6,44,19,25
39,250,120,22,98,8,90,48,42
39,251,310,48,262,21,241,125,116
39,252,468,57,411,28,383,195,188
39,253,242,29,213,12,201,90,111
39,254,97,10,87,8,79,33,46
39,255,160,34,126,7,119,52,67
39,258,371,54,317,26,291,111,180
39,259,36,7,29,4,25,16,9
39,260,105,12,93,6,87,47,40
39,261,130,14,116,9,107,56,51
39,262,106,17,89,4,85,30,55
39,263,323,63,260,24,236,126,110
39,264,168,24,144,12,132,62,70
39,265,162,16,146,7,139,72,67
39,266,229,32,197,17,180,87,93
39,267,68,3,65,4,61,17,44
39,268,54,7,47,3,44,24,20
39,269,206,31,175,25,150,62,88
39,270,388,35,353,26,327,186,141
39,271,272,43,229,14,215,101,114
39,272,53,8,45,4,41,13,28
39,273,65,16,49,4,45,24,21
39,274,196,15,181,9,172,110,62
39,275,443,67,376,27,349,207,142
39,277,59,9,50,2,48,23,25
39,278,134,16,118,9,109,41,68
39,279,439,67,372,26,346,176,170
39,280,108,19,89,4,85,55,30
39,281,61,7,54,4,50,26,24
39,282,73,5,68,3,65,35,30
39,283,454,56,398,24,374,149,225
39,284,101,15,86,9,77,36,41
39,285,212,35,177,9,168,81,87
39,286,1204,192,1012,72,940,476,464
39,287,105,26,79,9,70,21,49
39,288,290,37,253,16,237,123,114
39,289,248,41,207,14,193,83,110
39,290,165,22,143,9,134,56,78
39,291,188,31,157,10,147,65,82
39,292,111,6,105,11,94,47,47
39,293,155,19,136,20,116,56,60
39,294,160,31,129,11,118,50,68
39,295,145,16,129,12,117,54,63
39,296,153,29,124,6,118,61,57
39,297,932,143,789,50,739,333,406
39,298,47,6,41,2,39,12,27
39,299,398,60,338,23,315,146,169
39,300,11991,3129,8862,488,8374,4622,3752
39,301,130,8,122,5,117,41,76
39,302,88,15,73,10,63,26,37
39,303,108,24,84,8,76,34,42
39,304,237,26,211,8,203,107,96
39,305,462,46,416,18,398,149,249
39,306,794,99,695,42,653,338,315
39,307,218,22,196,22,174,60,114
39,308,143,11,132,19,113,41,72
39,309,57,1,56,0,56,30,26
39,310,360,61,299,33,266,122,144
39,312,93,11,82,10,72,23,49
39,313,148,15,133,7,126,39,87
39,314,69,2,67,3,64,17,47
39,315,277,24,253,16,237,108,129
39,317,254,32,222,19,203,90,113
39,318,151,14,137,14,123,31,92
39,319,102,15,87,11,76,47,29
39,320,264,27,237,22,215,115,100
39,321,137,18,119,11,108,50,58
39,322,53,6,47,4,43,23,20
39,323,221,18,203,13,190,111,79
39,324,23,5,18,0,18,7,11
39,325,433,59,374,25,349,225,124
39,326,146,21,125,9,116,51,65
39,327,622,94,528,48,480,283,197
39,328,312,57,255,11,244,95,149
39,329,71,4,67,9,58,18,40
39,330,112,14,98,4,94,37,57
39,331,513,63,450,22,428,143,285
39,332,170,12,158,17,141,49,92
39,333,1303,213,1090,47,1043,517,526
39,334,106,14,92,15,77,34,43
39,335,392,68,324,23,301,163,138
39,336,90,3,87,2,85,26,59
39,337,70,15,55,2,53,22,31
39,338,406,51,355,34,321,178,143
39,339,446,85,361,28,333,149,184
39,340,24,4,20,0,20,2,18
39,341,107,17,90,4,86,45,41
39,342,116,21,95,5,90,54,36
39,343,25,5,20,0,20,12,8
39,344,257,27,230,22,208,99,109
39,345,347,37,310,21,289,155,134
39,346,101,17,84,6,78,37,41
39,347,87,12,75,10,65,28,37
39,348,362,27,335,25,310,159,151
39,349,373,29,344,21,323,189,134
39,350,227,28,199,15,184,111,73
39,351,142,7,135,7,128,62,66
39,352,112,13,99,13,86,34,52
39,353,163,27,136,9,127,83,44
39,354,257,42,215,21,194,78,116
39,355,243,30,213,13,200,76,124
39,356,144,15,129,12,117,48,69
39,359,21,0,21,3,18,1,17
39,360,151,29,122,5,117,78,39
39,361,145,15,130,8,122,77,45
39,362,2156,322,1834,118,1716,923,793
39,363,105,19,86,7,79,33,46
39,364,337,32,305,17,288,92,196
39,365,860,101,759,36,723,328,395
39,366,176,26,150,12,138,48,90
39,367,1798,351,1447,95,1352,539,813
39,368,2335,579,1756,113,1643,815,828
39,370,751,146,605,41,564,304,260
39,371,249,32,217,26,191,62,129
39,372,71,7,64,1,63,24,39
39,373,145,17,128,7,121,36,85
39,375,74,9,65,5,60,30,30
39,376,48,5,43,4,39,16,23
39,377,134,21,113,7,106,43,63
39,378,249,31,218,15,203,84,119
39,379,424,60,364,34,330,174,156
39,380,45,10,35,2,33,8,25
39,381,82,13,69,2,67,23,44
39,382,60,13,47,1,46,23,23
39,385,353,55,298,29,269,139,130
39,386,58,13,45,5,40,26,14
39,387,172,28,144,11,133,67,66
39,388,199,23,176,7,169,61,108
39,389,460,69,391,25,366,138,228
39,390,186,19,167,18,149,78,71
39,391,246,31,215,17,198,78,120
39,392,155,23,132,12,120,54,66
39,393,50,9,41,1,40,8,32
39,394,68,5,63,6,57,27,30
39,395,161,25,136,8,128,66,62
39,396,699,113,586,37,549,290,259
39,397,1119,164,955,60,895,401,494
39,398,245,35,210,20,190,94,96
39,399,249,40,209,16,193,85,108
39,400,120,14,106,8,98,40,58
39,401,186,25,161,14,147,73,74
39,402,249,39,210,19,191,91,100
39,403,186,23,163,16,147,93,54
39,404,386,53,333,21,312,174,138
39,405,746,108,638,65,573,279,294
39,406,197,22,175,12,163,66,97
39,407,276,27,249,17,232,118,114
39,408,115,20,95,9,86,22,64
39,409,116,19,97,0,97,50,47
39,411,1166,163,1003,72,931,492,439
39,412,224,34,190,17,173,78,95
39,413,256,38,218,13,205,118,87
39,414,87,10,77,6,71,42,29
39,415,890,208,682,53,629,310,319
39,417,129,16,113,10,103,37,66
39,418,75,6,69,4,65,22,43
39,419,48,2,46,2,44,19,25
39,420,158,24,134,12,122,50,72
39,421,245,27,218,15,203,96,107
39,422,467,65,402,32,370,202,168
39,423,101,11,90,9,81,41,40
39,424,143,22,121,15,106,64,42
39,425,80,7,73,7,66,38,28
39,426,228,36,192,13,179,80,99
39,427,53,4,49,3,46,18,28
39,428,22,3,19,2,17,9,8
39,429,322,68,254,24,230,111,119
39,430,76,7,69,3,66,32,34
39,431,226,29,197,19,178,73,105
39,432,80,13,67,2,65,32,33
39,434,2755,541,2214,144,2070,1116,954
39,435,475,65,410,27,383,172,211
39,436,135,14,121,2,119,55,64
39,437,177,26,151,7,144,72,72
39,438,69,8,61,5,56,23,33
39,439,382,50,332,20,312,140,172
39,440,322,52,270,14,256,171,85
39,441,748,124,624,61,563,211,352
39,442,221,22,199,16,183,106,77
39,443,97,20,77,13,64,21,43
39,444,52,5,47,3,44,28,16
39,445,239,33,206,20,186,102,84
39,446,193,18,175,9,166,84,82
39,447,188,21,167,12,155,99,56
39,448,442,60,382,23,359,175,184
39,449,173,16,157,17,140,71,69
39,451,302,34,268,26,242,125,117
39,452,300,48,252,18,234,112,122
39,453,329,34,295,16,279,155,124
39,454,76,13,63,3,60,27,33
39,455,49,4,45,12,33,22,11
39,456,246,43,203,15,188,78,110
39,457,33,3,30,2,28,8,20
39,458,220,36,184,15,169,95,74
39,460,162,21,141,23,118,49,69
39,461,81,7,74,4,70,26,44
39,462,469,66,403,32,371,195,176
39,463,192,18,174,19,155,65,90
39,464,162,20,142,6,136,80,56
39,465,151,30,121,19,102,60,42
39,466,135,23,112,10,102,57,45
39,467,143,21,122,15,107,53,54
39,468,110,17,93,12,81,42,39
39,469,78,7,71,7,64,27,37
39,470,2172,385,1787,111,1676,557,1119
39,471,551,71,480,34,446,215,231
39,472,156,18,138,18,120,59,61
39,473,87,6,81,8,73,17,56
39,474,246,34,212,19,193,85,108
39,475,1596,310,1286,73,1213,645,568
39,476,1249,144,1105,74,1031,525,506
39,477,177,19,158,8,150,65,85
39,478,6112,1347,4765,271,4494,2484,2010
39,479,174,11,163,8,155,77,78
39,480,221,25,196,17,179,105,74
39,481,307,39,268,28,240,86,154
39,482,405,57,348,21,327,132,195
39,483,78,7,71,6,65,27,38
39,484,134,12,122,8,114,55,59
39,485,306,31,275,17,258,107,151
39,486,113,17,96,4,92,53,39
39,487,1198,206,992,78,914,438,476
39,488,259,39,220,20,200,95,105
39,489,381,64,317,13,304,164,140
39,490,218,21,197,20,177,62,115
39,491,1537,293,1244,89,1155,629,526
39,492,173,19,154,13,141,73,68
39,493,202,36,166,12,154,77,77
39,494,259,40,219,11,208,67,141
39,495,58,14,44,2,42,25,17
39,497,93,11,82,5,77,36,41
39,498,437,69,368,30,338,165,173
39,499,147,20,127,6,121,64,57
39,500,1977,448,1529,89,1440,782,658
39,501,595,76,519,25,494,273,221
39,502,243,29,214,15,199,87,112
39,503,252,23,229,14,215,106,109
39,504,180,17,163,16,147,53,94
39,505,49,8,41,4,37,9,28
39,506,105,15,90,2,88,34,54
39,507,76,5,71,4,67,26,41
39,508,555,107,448,56,392,196,196
39,509,38,9,29,2,27,11,16
39,510,532,92,440,36,404,224,180
39,511,48,7,41,2,39,26,13
39,512,45,4,41,2,39,22,17
39,513,183,22,161,9,152,75,77
39,514,135,21,114,9,105,63,42
39,517,414,48,366,27,339,166,173
39,518,57,9,48,4,44,26,18
39,519,124,16,108,8,100,50,50
39,520,385,55,330,24,306,123,183
39,522,88,10,78,4,74,39,35
39,523,156,9,147,13,134,66,68
39,525,264,49,215,22,193,93,100
39,526,3168,594,2574,164,2410,1238,1172
39,527,96,15,81,12,69,34,35
39,528,302,42,260,16,244,102,142
39,529,54,12,42,2,40,3,37
39,530,485,92,393,28,365,146,219
39,531,165,22,143,12,131,58,73
39,532,44,8,36,2,34,14,20
39,533,178,21,157,12,145,82,63
39,534,175,17,158,13,145,65,80
39,535,359,49,310,20,290,137,153
39,537,335,55,280,22,258,134,124
39,538,48,3,45,1,44,16,28
39,539,217,20,197,12,185,74,111
39,540,150,16,134,12,122,34,88
39,542,63,9,54,5,49,22,27
39,543,168,13,155,15,140,49,91
39,544,39,0,39,0,39,22,17
39,545,137,11,126,9,117,57,60
39,546,248,32,216,12,204,105,99
39,547,528,82,446,45,401,151,250
39,548,74,11,63,3,60,25,35
39,549,212,34,178,13,165,87,78
39,550,150,20,130,5,125,68,57
39,551,112,17,95,7,88,38,50
39,552,251,36,215,18,197,109,88
39,553,222,21,201,6,195,74,121
39,554,166,27,139,10,129,54,75
39,555,175,21,154,18,136,59,77
39,556,65,6,59,6,53,33,20
39,557,195,31,164,12,152,67,85
39,558,199,35,164,13,151,75,76
39,559,311,43,268,19,249,155,94
39,560,485,76,409,25,384,199,185
39,561,307,59,248,12,236,92,144
39,562,151,18,133,11,122,67,55
39,564,118,22,96,3,93,49,44
39,565,64,8,56,4,52,23,29
39,566,75,10,65,6,59,20,39
39,567,226,14,212,14,198,94,104
39,568,43,7,36,2,34,15,19
39,569,381,51,330,14,316,131,185
39,570,176,34,142,10,132,70,62
39,571,163,20,143,8,135,67,68
39,572,280,35,245,19,226,123,103
39,573,584,80,504,44,460,255,205
39,574,589,63,526,40,486,224,262
39,575,67,14,53,5,48,33,15
39,576,302,44,258,19,239,137,102
39,577,247,24,223,21,202,101,101
39,579,761,123,638,35,603,156,447
39,581,205,29,176,9,167,83,84
39,582,635,80,555,25,530,224,306
39,583,102,16,86,11,75,33,42
39,584,124,14,110,3,107,52,55
39,585,32,5,27,1,26,12,14
39,586,41,10,31,2,29,11,18
40,1,4576,686,3890,272,3618,2052,1566
40,2,1174,146,1028,58,970,552,418
40,3,214,27,187,15,172,117,55
40,4,1262,188,1074,61,1013,521,492
40,5,155,12,143,11,132,67,65
40,6,597,71,526,31,495,314,181
40,7,150,17,133,9,124,76,48
40,8,72,7,65,5,60,32,28
40,9,151,15,136,5,131,97,34
40,11,285,29,256,18,238,144,94
40,12,186,13,173,15,158,85,73
40,13,96,14,82,6,76,31,45
40,14,281,38,243,20,223,163,60
40,15,67,6,61,2,59,32,27
40,16,217,18,199,12,187,134,53
40,17,319,43,276,21,255,153,102
40,18,271,30,241,11,230,139,91
40,19,710,64,646,46,600,358,242
40,20,519,60,459,36,423,249,174
40,21,531,54,477,28,449,257,192
40,22,298,42,256,21,235,94,141
40,23,278,42,236,10,226,144,82
40,24,208,17,191,11,180,112,68
40,25,708,89,619,44,575,312,263
40,26,263,17,246,17,229,131,98
40,27,102,3,99,12,87,43,44
40,28,226,27,199,7,192,132,60
40,29,221,25,196,20,176,99,77
40,30,49,7,42,2,40,13,27
40,31,885,127,758,53,705,473,232
40,32,140,14,126,8,118,59,59
40,33,114,16,98,7,91,37,54
40,34,450,61,389,27,362,198,164
40,35,421,47,374,18,356,225,131
40,36,1911,336,1575,116,1459,760,699
40,37,1250,194,1056,70,986,466,520
40,38,91,5,86,5,81,57,24
40,39,109,19,90,5,85,52,33
40,40,288,44,244,12,232,121,111
40,41,93,10,83,5,78,43,35
40,42,206,17,189,15,174,138,36
40,43,487,44,443,32,411,257,154
40,44,637,65,572,37,535,339,196
40,46,10869,2074,8795,520,8275,3742,4533
40,47,238,17,221,14,207,135,72
40,48,244,20,224,23,201,128,73
40,49,279,29,250,22,228,138,90
40,50,136,16,120,7,113,72,41
40,51,549,60,489,30,459,276,183
40,52,172,9,163,12,151,69,82
40,53,282,43,239,28,211,109,102
40,54,241,24,217,14,203,137,66
40,55,937,101,836,62,774,436,338
40,56,619,78,541,22,519,298,221
40,57,217,29,188,13,175,110,65
40,58,199,41,158,15,143,90,53
40,59,515,71,444,24,420,265,155
40,60,148,21,127,18,109,55,54
40,61,748,101,647,34,613,363,250
40,62,244,27,217,19,198,104,94
40,63,603,94,509,25,484,277,207
40,64,141,27,114,10,104,71,33
40,65,6966,1270,5696,270,5426,2703,2723
40,66,419,45,374,26,348,237,111
40,67,541,71,470,25,445,328,117
40,68,388,51,337,21,316,204,112
40,69,279,37,242,11,231,145,86
40,70,322,24,298,14,284,165,119
40,71,457,62,395,23,372,249,123
40,72,166,29,137,9,128,60,68
40,73,104,11,93,15,78,50,28
40,74,377,48,329,23,306,202,104
40,75,1528,258,1270,71,1199,692,507
40,76,312,39,273,35,238,139,99
40,77,521,49,472,24,448,315,133
40,78,333,44,289,21,268,177,91
40,79,122,14,108,3,105,41,64
40,80,791,114,677,45,632,319,313
40,81,299,35,264,23,241,129,112
40,82,184,21,163,9,154,66,88
40,83,113,7,106,3,103,56,47
40,84,608,67,541,37,504,239,265
40,85,352,60,292,15,277,194,83
40,86,327,53,274,16,258,166,92
40,87,270,36,234,27,207,119,88
40,88,14315,2883,11432,612,10820,5558,5262
40,89,688,77,611,29,582,360,222
40,90,357,38,319,19,300,173,127
40,91,533,60,473,18,455,284,171
40,92,195,17,178,6,172,110,62
40,93,224,27,197,19,178,109,69
40,94,472,50,422,20,402,240,162
40,95,481,47,434,27,407,256,151
40,96,76,17,59,1,58,25,33
40,97,384,39,345,11,334,159,175
40,98,315,39,276,20,256,160,96
40,99,253,25,228,14,214,132,82
40,100,304,41,263,16,247,163,84
40,101,363,30,333,28,305,191,114
40,102,949,114,835,61,774,402,372
40,103,447,62,385,21,364,234,130
40,104,825,113,712,48,664,417,247
40,105,286,30,256,13,243,137,106
40,106,159,14,145,5,140,85,55
40,107,266,31,235,17,218,155,63
40,108,503,62,441,37,404,201,203
40,109,372,36,336,24,312,180,132
40,110,516,85,431,26,405,221,184
40,111,574,84,490,15,475,265,210
40,112,88,8,80,3,77,50,27
40,113,436,53,383,30,353,205,148
40,114,286,27,259,15,244,139,105
40,115,193,14,179,13,166,111,55
40,116,216,16,200,21,179,116,63
40,117,1933,371,1562,118,1444,696,748
40,118,1118,143,975,44,931,545,386
40,119,3664,457,3207,184,3023,1790,1233
40,120,434,43,391,26,365,196,169
40,121,188,14,174,15,159,115,44
40,122,730,79,651,44,607,351,256
40,123,834,83,751,53,698,402,296
40,124,105,15,90,7,83,35,48
40,125,1052,106,946,44,902,568,334
40,126,1297,140,1157,61,1096,611,485
40,127,478,52,426,43,383,212,171
40,128,544,48,496,21,475,293,182
40,129,615,88,527,51,476,276,200
40,130,112,12,100,10,90,53,37
40,131,555,85,470,27,443,216,227
40,132,992,151,841,38,803,518,285
40,133,3489,485,3004,175,2829,1560,1269
40,134,1834,328,1506,99,1407,851,556
40,135,583,105,478,33,445,252,193
40,136,115,14,101,8,93,44,49
40,137,195,18,177,10,167,93,74
40,138,201,25,176,12,164,99,65
40,139,454,40,414,24,390,208,182
40,140,165,18,147,19,128,72,56
40,141,239,24,215,13,202,131,71
40,142,651,122,529,50,479,299,180
40,143,254,29,225,14,211,134,77
40,144,205,18,187,14,173,131,42
40,145,487,62,425,25,400,166,234
40,146,144,20,124,7,117,42,75
40,147,293,30,263,23,240,172,68
40,148,66,10,56,4,52,18,34
40,149,344,40,304,20,284,164,120
40,150,1590,218,1372,73,1299,737,562
40,151,267,25,242,23,219,141,78
40,152,808,105,703,49,654,439,215
40,153,193,23,170,12,158,77,81
40,154,255,26,229,11,218,119,99
40,155,1004,94,910,54,856,533,323
40,156,342,60,282,21,261,141,120
40,157,1382,190,1192,68,1124,576,548
40,158,209,15,194,7,187,112,75
40,159,221,20,201,13,188,125,63
40,160,167,21,146,7,139,103,36
40,161,88,11,77,7,70,31,39
40,162,375,41,334,33,301,166,135
40,163,394,59,335,20,315,177,138
40,164,272,33,239,17,222,105,117
40,165,266,38,228,8,220,143,77
40,166,74,4,70,7,63,37,26
40,167,504,65,439,23,416,263,153
40,168,1382,155,1227,73,1154,704,450
40,169,100,11,89,9,80,44,36
40,170,180,10,170,7,163,108,55
40,171,104,12,92,9,83,58,25
40,172,239,36,203,7,196,87,109
40,173,104,9,95,7,88,57,31
40,174,64,9,55,5,50,17,33
40,175,348,30,318,30,288,150,138
40,176,78,7,71,4,67,47,20
40,177,278,30,248,13,235,125,110
40,178,586,85,501,34,467,243,224
40,179,1374,172,1202,81,1121,647,474
40,180,862,121,741,66,675,329,346
40,181,796,113,683,39,644,376,268
40,182,713,110,603,31,572,336,236
40,183,825,101,724,36,688,435,253
40,184,5539,884,4655,292,4363,2610,1753
40,185,318,46,272,11,261,98,163
40,186,578,91,487,38,449,301,148
40,187,783,88,695,35,660,341,319
40,188,322,21,301,26,275,145,130
40,189,70,4,66,1,65,44,21
40,190,304,34,270,14,256,166,90
40,191,505,46,459,16,443,267,176
40,192,21696,4912,16784,1046,15738,8826,6912
40,193,55,7,48,3,45,27,18
40,194,861,112,749,41,708,426,282
40,195,440,55,385,25,360,194,166
40,196,473,72,401,14,387,194,193
40,197,3433,547,2886,126,2760,1985,775
40,198,138,14,124,1,123,87,36
40,199,197,24,173,8,165,120,45
40,200,472,93,379,38,341,211,130
40,201,1028,135,893,43,850,604,246
40,202,2279,315,1964,127,1837,1025,812
40,203,271,23,248,13,235,149,86
40,204,216,23,193,10,183,143,40
40,205,204,32,172,13,159,101,58
40,206,255,36,219,11,208,119,89
40,207,1010,117,893,63,830,447,383
40,208,283,34,249,11,238,154,84
40,209,3486,465,3021,172,2849,1697,1152
40,210,775,117,658,24,634,375,259
40,211,499,55,444,20,424,252,172
40,212,737,146,591,44,547,361,186
40,213,427,54,373,18,355,205,150
40,214,388,53,335,25,310,196,114
40,215,210,15,195,13,182,126,56
40,216,164,14,150,12,138,66,72
40,217,4040,620,3420,225,3195,1759,1436
40,218,372,32,340,28,312,181,131
40,219,81,7,74,8,66,36,30
40,220,148,29,119,7,112,63,49
40,221,273,25,248,15,233,166,67
40,222,541,81,460,34,426,267,159
40,223,184,27,157,10,147,106,41
40,224,2530,492,2038,139,1899,1051,848
40,225,181,26,155,11,144,70,74
40,226,183,26,157,10,147,81,66
40,227,1095,165,930,40,890,546,344
40,228,1142,127,1015,65,950,565,385
40,229,1090,183,907,54,853,511,342
40,230,1895,258,1637,114,1523,1036,487
40,231,645,66,579,22,557,305,252
40,232,179,12,167,19,148,84,64
40,233,2370,347,2023,116,1907,1069,838
40,234,620,97,523,34,489,272,217
40,235,464,61,403,18,385,279,106
40,236,644,62,582,30,552,358,194
40,237,524,99,425,24,401,288,113
40,238,487,71,416,27,389,205,184
40,239,90,10,80,3,77,31,46
40,240,425,67,358,18,340,201,139
40,242,71,4,67,3,64,42,22
40,243,1867,263,1604,104,1500,1013,487
40,244,848,110,738,37,701,443,258
40,245,1451,206,1245,62,1183,690,493
40,246,863,120,743,33,710,505,205
40,247,161,20,141,6,135,48,87
40,248,1179,152,1027,50,977,586,391
40,249,427,36,391,11,380,308,72
40,250,449,52,397,26,371,185,186
40,251,257,25,232,19,213,129,84
40,252,514,73,441,27,414,255,159
40,253,471,44,427,14,413,264,149
40,254,291,41,250,12,238,129,109
40,255,335,35,300,18,282,125,157
40,256,498,55,443,34,409,250,159
40,257,916,142,774,52,722,417,305
40,258,187,17,170,13,157,89,68
40,259,331,39,292,27,265,117,148
40,260,270,24,246,22,224,157,67
40,261,1705,257,1448,99,1349,764,585
40,262,254,32,222,9,213,131,82
40,263,289,33,256,13,243,178,65
40,264,995,138,857,45,812,486,326
40,265,105,10,95,1,94,57,37
40,266,1215,126,1089,47,1042,619,423
40,267,816,130,686,64,622,314,308
40,268,426,49,377,30,347,188,159
40,269,905,107,798,44,754,434,320
40,270,356,44,312,27,285,94,191
40,271,796,110,686,55,631,400,231
40,272,925,117,808,39,769,481,288
40,273,3746,513,3233,161,3072,1759,1313
40,274,925,130,795,63,732,388,344
40,275,473,53,420,27,393,197,196
40,276,245,31,214,13,201,100,101
40,277,572,65,507,19,488,247,241
40,278,668,73,595,37,558,337,221
40,279,8942,1303,7639,428,7211,4274,2937
40,280,1171,203,968,55,913,518,395
40,281,6685,1130,5555,366,5189,2843,2346
40,282,3738,559,3179,202,2977,1551,1426
40,283,2116,288,1828,105,1723,1055,668
40,284,5486,795,4691,233,4458,2519,1939
40,285,484,67,417,38,379,237,142
40,286,868,130,738,50,688,371,317
40,287,2802,458,2344,146,2198,1005,1193
40,288,831,99,732,48,684,448,236
40,289,156,16,140,8,132,70,62
40,290,88,16,72,7,65,38,27
40,291,1068,153,915,53,862,435,427
40,292,1030,122,908,57,851,511,340
40,293,639,67,572,37,535,319,216
40,294,1207,109,1098,58,1040,572,468
40,295,619,102,517,26,491,258,233
40,296,2775,443,2332,115,2217,1028,1189
40,297,169,24,145,8,137,98,39
40,298,316,26,290,20,270,136,134
40,299,163,12,151,5,146,112,34
40,300,639,92,547,26,521,333,188
40,301,84,11,73,3,70,54,16
40,302,150,19,131,3,128,87,41
40,303,232,41,191,11,180,105,75
40,304,3597,581,3016,116,2900,1031,1869
40,305,133,23,110,1,109,46,63
40,306,516,61,455,28,427,283,144
40,307,743,75,668,49,619,383,236
40,308,698,75,623,28,595,325,270
40,309,857,115,742,62,680,466,214
40,310,5913,883,5030,289,4741,2722,2019
40,311,400,37,363,26,337,209,128
40,312,9546,1660,7886,445,7441,4929,2512
40,313,2339,388,1951,112,1839,1163,676
40,314,905,117,788,49,739,361,378
40,315,529,78,451,28,423,265,158
40,316,610,66,544,35,509,319,190
40,317,1926,313,1613,78,1535,783,752
40,318,224,20,204,15,189,121,68
40,319,232,35,197,10,187,103,84
40,320,435,58,377,33,344,184,160
40,321,211,31,180,9,171,78,93
40,322,126,12,114,9,105,64,41
40,323,189,23,166,11,155,84,71
40,324,199,25,174,15,159,112,47
40,325,248,36,212,10,202,117,85
40,326,1060,115,945,41,904,551,353
40,327,201,29,172,8,164,110,54
40,328,1506,225,1281,70,1211,593,618
40,329,384,39,345,21,324,162,162
40,330,222,26,196,16,180,101,79
40,331,1775,317,1458,104,1354,779,575
40,332,1480,224,1256,82,1174,598,576
40,333,982,160,822,61,761,486,275
40,334,336,52,284,15,269,162,107
41,1,142,23,119,16,103,33,70
41,2,674,122,552,42,510,209,301
41,3,457,56,401,24,377,193,184
41,4,222,23,199,14,185,61,124
41,5,97,13,84,3,81,16,65
41,6,313,43,270,20,250,119,131
41,7,519,92,427,28,399,180,219
41,8,501,59,442,30,412,186,226
41,9,542,81,461,29,432,196,236
41,10,737,67,670,58,612,342,270
41,11,35,5,30,2,28,17,11
41,12,214,26,188,19,169,72,97
41,13,238,34,204,23,181,64,117
41,14,142,26,116,8,108,52,56
41,15,53,12,41,1,40,12,28
41,16,699,130,569,58,511,211,300
41,17,523,66,457,34,423,137,286
41,18,29190,7188,22002,1157,20845,11817,9028
41,19,79,10,69,4,65,19,46
41,20,418,73,345,28,317,187,130
41,22,155,24,131,11,120,37,83
41,23,525,107,418,21,397,159,238
41,24,193,24,169,10,159,79,80
41,25,960,140,820,63,757,317,440
41,26,127,13,114,9,105,24,81
41,27,99,8,91,5,86,37,49
41,28,297,28,269,20,249,116,133
41,29,1085,133,952,76,876,447,429
41,30,213,30,183,16,167,92,75
41,31,1858,217,1641,109,1532,661,871
41,32,1745,216,1529,86,1443,738,705
41,33,665,78,587,36,551,282,269
41,34,118,11,107,11,96,41,55
41,35,458,66,392,28,364,170,194
41,36,355,44,311,27,284,107,177
41,37,136,30,106,5,101,38,63
41,38,324,60,264,23,241,111,130
41,39,505,64,441,39,402,162,240
41,40,541,73,468,36,432,196,236
41,41,157,14,143,7,136,44,92
41,42,430,64,366,24,342,174,168
41,43,1242,137,1105,90,1015,505,510
41,44,844,146,698,54,644,354,290
41,45,821,128,693,45,648,333,315
41,46,884,124,760,52,708,257,451
41,47,3290,487,2803,172,2631,1270,1361
41,48,182,23,159,21,138,62,76
41,49,768,148,620,38,582,191,391
41,50,765,96,669,40,629,248,381
41,51,807,135,672,40,632,331,301
41,52,787,127,660,46,614,270,344
41,53,439,70,369,25,344,103,241
41,54,226,30,196,22,174,81,93
41,55,1574,230,1344,84,1260,679,581
41,56,145,29,116,12,104,36,68
41,57,140,28,112,6,106,32,74
41,58,121,18,103,5,98,51,47
41,59,2581,532,2049,137,1912,896,1016
41,60,498,82,416,29,387,185,202
41,61,1013,147,866,70,796,400,396
41,62,441,75,366,13,353,158,195
41,63,469,84,385,30,355,179,176
41,64,259,36,223,16,207,83,124
41,65,410,49,361,32,329,154,175
41,66,342,56,286,26,260,137,123
41,67,2095,298,1797,82,1715,668,1047
41,68,361,72,289,20,269,93,176
41,69,279,46,233,12,221,115,106
41,70,363,47,316,19,297,131,166
41,71,377,52,325,22,303,148,155
41,72,330,55,275,19,256,132,124
41,73,511,86,425,24,401,204,197
41,74,963,152,811,55,756,313,443
41,75,740,111,629,52,577,229,348
41,77,98,21,77,3,74,41,33
41,78,499,83,416,37,379,168,211
41,79,86,9,77,7,70,26,44
41,80,990,157,833,67,766,348,418
41,81,188,34,154,9,145,61,84
41,82,477,48,429,50,379,174,205
41,83,440,88,352,20,332,142,190
41,84,814,110,704,51,653,316,337
41,85,830,134,696,29,667,279,388
41,86,459,80,379,32,347,148,199
41,87,326,45,281,18,263,138,125
41,88,175,14,161,7,154,59,95
41,89,173,21,152,4,148,57,91
41,90,207,29,178,17,161,78,83
41,91,879,99,780,59,721,362,359
41,92,591,97,494,29,465,209,256
41,93,211,25,186,19,167,70,97
41,94,869,124,745,47,698,305,393
41,95,835,169,666,44,622,313,309
41,96,265,40,225,19,206,79,127
41,97,1408,240,1168,91,1077,481,596
41,98,150,25,125,16,109,47,62
41,99,402,45,357,27,330,130,200
41,100,163,25,138,4,134,35,99
41,101,832,154,678,48,630,271,359
41,102,296,41,255,21,234,116,118
41,103,309,34,275,30,245,93,152
41,104,1746,276,1470,107,1363,658,705
41,105,673,131,542,32,510,235,275
41,106,3417,646,2771,177,2594,1246,1348
41,107,378,57,321,15,306,129,177
41,108,107,12,95,9,86,41,45
41,109,529,105,424,36,388,189,199
41,110,640,103,537,37,500,241,259
41,112,205,32,173,6,167,70,97
41,113,221,45,176,9,167,74,93
41,114,183,29,154,8,146,75,71
41,115,345,50,295,17,278,121,157
41,116,164,18,146,5,141,50,91
41,118,172,19,153,8,145,52,93
41,119,257,45,212,10,202,82,120
41,120,1044,172,872,73,799,371,428
41,121,29,3,26,0,26,6,20
41,122,193,29,164,10,154,55,99
41,123,387,67,320,26,294,156,138
41,124,245,18,227,19,208,93,115
41,125,674,116,558,22,536,231,305
41,126,887,139,748,40,708,345,363
41,127,328,61,267,27,240,90,150
41,128,537,72,465,25,440,233,207
41,129,516,69,447,31,416,222,194
41,130,476,71,405,30,375,162,213
41,131,725,96,629,63,566,277,289
41,132,253,40,213,24,189,76,113
41,133,201,36,165,7,158,64,94
41,134,506,73,433,22,411,168,243
41,135,698,120,578,48,530,242,288
41,136,4040,683,3357,233,3124,1633,1491
41,137,428,80,348,11,337,178,159
41,138,239,25,214,21,193,90,103
41,139,903,174,729,53,676,272,404
41,140,581,73,508,32,476,167,309
41,141,226,43,183,13,170,68,102
41,142,692,87,605,28,577,273,304
41,143,1069,162,907,73,834,312,522
41,144,602,82,520,44,476,246,230
41,145,557,84,473,40,433,232,201
41,146,743,123,620,32,588,246,342
41,147,1273,189,1084,85,999,505,494
41,148,1050,139,911,66,845,386,459
41,149,3262,637,2625,196,2429,1122,1307
41,150,2738,383,2355,147,2208,1100,1108
41,151,2324,469,1855,95,1760,778,982
41,152,490,66,424,23,401,122,279
41,153,115,12,103,9,94,38,56
41,154,843,149,694,48,646,244,402
41,155,1038,191,847,60,787,383,404
41,156,369,41,328,21,307,129,178
41,157,1004,143,861,54,807,315,492
41,158,1744,300,1444,104,1340,654,686
41,159,966,162,804,65,739,270,469
41,160,286,45,241,8,233,88,145
41,161,1721,264,1457,100,1357,546,811
41,163,103,15,88,8,80,24,56
41,164,2071,379,1692,127,1565,730,835
41,165,86,10,76,4,72,27,45
41,166,290,35,255,16,239,114,125
41,167,2617,410,2207,167,2040,949,1091
41,168,194,29,165,19,146,88,58
41,169,741,95,646,47,599,317,282
41,170,683,82,601,30,571,277,294
41,171,1133,196,937,39,898,324,574
41,172,177,27,150,16,134,43,91
41,173,1334,177,1157,87,1070,439,631
41,174,177,17,160,13,147,61,86
41,175,839,113,726,51,675,309,366
41,176,666,96,570,41,529,187,342
41,177,161,19,142,10,132,60,72
41,178,65,11,54,4,50,18,32
41,179,201,28,173,12,161,50,111
41,180,1200,183,1017,59,958,365,593
41,181,633,88,545,35,510,244,266
41,182,194,28,166,4,162,61,101
41,183,187,34,153,16,137,53,84
41,184,493,87,406,32,374,164,210
41,185,1814,262,1552,92,1460,605,855
41,186,243,24,219,17,202,98,104
41,187,133,16,117,5,112,48,64
41,188,84,11,73,2,71,25,46
41,189,270,32,238,14,224,105,119
41,190,156,17,139,7,132,66,66
41,191,65,15,50,1,49,16,33
41,192,250,51,199,19,180,116,64
41,193,147,31,116,14,102,39,63
41,194,12483,2815,9668,650,9018,4423,4595
41,195,117,17,100,10,90,28,62
41,196,71,5,66,4,62,28,34
41,197,240,23,217,11,206,102,104
41,198,2146,456,1690,95,1595,792,803
41,199,822,147,675,37,638,265,373
41,200,279,16,263,19,244,127,117
41,201,244,34,210,21,189,84,105
41,202,104,20,84,6,78,20,58
41,203,350,36,314,21,293,156,137
41,204,1292,166,1126,79,1047,512,535
41,205,180,30,150,8,142,69,73
41,206,662,70,592,39,553,220,333
41,207,892,119,773,49,724,366,358
41,208,100,12,88,6,82,26,56
41,209,608,98,510,41,469,222,247
41,210,90,6,84,1,83,25,58
41,211,1813,271,1542,112,1430,642,788
41,212,2589,382,2207,149,2058,1073,985
41,213,105,23,82,8,74,26,48
41,214,540,104,436,36,400,164,236
41,215,84,8,76,8,68,30,38
41,216,362,60,302,22,280,134,146
41,217,584,68,516,46,470,235,235
41,218,629,106,523,40,483,229,254
41,219,249,34,215,15,200,88,112
41,220,3051,501,2550,180,2370,1235,1135
41,221,527,78,449,27,422,199,223
41,222,266,46,220,21,199,106,93
41,223,583,80,503,51,452,235,217
41,224,174,30,144,4,140,48,92
41,225,546,74,472,44,428,126,302
41,226,2686,398,2288,168,2120,1123,997
41,228,258,25,233,17,216,100,116
41,229,1175,200,975,93,882,415,467
41,230,1432,183,1249,115,1134,611,523
41,231,1029,162,867,56,811,333,478
41,232,4392,934,3458,234,3224,1640,1584
41,233,719,115,604,35,569,247,322
41,234,212,11,201,10,191,60,131
41,235,835,120,715,64,651,277,374
41,236,74,3,71,5,66,26,40
41,237,716,132,584,45,539,301,238
41,238,1696,356,1340,118,1222,544,678
41,239,943,136,807,54,753,384,369
41,240,84,3,81,5,76,29,47
41,241,974,169,805,73,732,325,407
41,242,3167,647,2520,174,2346,1152,1194
41,243,587,96,491,36,455,186,269
41,244,89,12,77,4,73,29,44
41,245,265,42,223,13,210,80,130
41,246,381,47,334,22,312,142,170
41,247,1044,164,880,57,823,302,521
41,248,458,68,390,26,364,137,227
41,249,988,166,822,54,768,342,426
41,250,390,70,320,25,295,133,162
41,251,403,42,361,28,333,141,192
41,252,1201,149,1052,90,962,508,454
41,253,231,46,185,6,179,93,86
41,254,165,24,141,8,133,47,86
41,255,268,38,230,12,218,102,116
41,256,1063,186,877,70,807,371,436
41,257,656,103,553,36,517,235,282
41,258,899,158,741,59,682,329,353
41,259,664,83,581,38,543,326,217
41,260,325,62,263,16,247,90,157
41,261,104,15,89,10,79,22,57
41,262,756,95,661,55,606,235,371
41,263,111,20,91,4,87,45,42
41,264,127,18,109,8,101,39,62
41,265,297,40,257,12,245,109,136
41,266,70,11,59,1,58,19,39
41,267,588,79,509,31,478,199,279
41,268,148,12,136,12,124,32,92
41,269,11078,2212,8866,558,8308,4302,4006
41,270,371,54,317,21,296,116,180
41,271,458,65,393,21,372,137,235
41,272,147,17,130,2,128,51,77
41,273,445,68,377,31,346,142,204
41,274,119,22,97,4,93,43,50
41,275,873,154,719,37,682,317,365
41,276,1872,330,1542,99,1443,763,680
41,277,113,12,101,6,95,19,76
41,278,228,39,189,13,176,71,105
41,279,355,87,268,17,251,114,137
41,280,1890,328,1562,150,1412,670,742
41,281,329,46,283,26,257,134,123
41,282,323,32,291,14,277,117,160
41,283,214,25,189,19,170,81,89
41,284,53,5,48,4,44,17,27
41,285,327,30,297,11,286,86,200
41,286,119,18,101,9,92,34,58
41,287,418,54,364,26,338,159,179
41,288,615,101,514,43,471,225,246
41,289,256,46,210,16,194,77,117
41,290,181,20,161,10,151,61,90
41,291,232,31,201,10,191,71,120
41,292,175,28,147,10,137,52,85
41,293,194,21,173,11,162,68,94
41,294,993,137,856,41,815,357,458
41,295,5565,889,4676,296,4380,2276,2104
41,296,1013,140,873,39,834,367,467
41,297,485,73,412,19,393,158,235
42,1,287,36,251,20,231,138,93
42,2,135,18,117,3,114,65,49
42,3,1512,270,1242,84,1158,643,515
42,4,257,41,216,21,195,75,120
42,5,5821,1155,4666,258,4408,2186,2222
42,6,337,55,282,16,266,109,157
42,7,155,29,126,7,119,57,62
42,8,99,15,84,7,77,32,45
42,9,421,72,349,33,316,159,157
42,10,1138,141,997,54,943,344,599
42,11,1978,371,1607,135,1472,697,775
42,12,543,92,451,31,420,221,199
42,13,1262,203,1059,74,985,450,535
42,14,218,40,178,18,160,66,94
42,15,1264,230,1034,73,961,407,554
42,16,355,50,305,24,281,135,146
42,17,372,28,344,23,321,171,150
42,18,295,47,248,13,235,102,133
42,19,2261,417,1844,122,1722,1006,716
42,20,699,91,608,50,558,226,332
42,21,880,136,744,68,676,363,313
42,22,2907,483,2424,164,2260,1147,1113
42,23,2326,418,1908,139,1769,823,946
42,25,152,17,135,8,127,42,85
42,26,1303,195,1108,68,1040,560,480
42,27,301,41,260,19,241,103,138
42,28,311,38,273,14,259,150,109
42,29,1029,170,859,95,764,358,406
42,30,369,46,323,23,300,169,131
42,31,285,35,250,15,235,90,145
42,32,1197,134,1063,80,983,399,584
42,33,536,74,462,25,437,156,281
42,34,102,11,91,2,89,44,45
42,35,144,18,126,16,110,66,44
42,36,358,55,303,24,279,128,151
42,37,424,57,367,24,343,159,184
42,38,473,57,416,18,398,152,246
42,39,451,95,356,19,337,116,221
42,40,57,9,48,5,43,33,10
42,41,351,40,311,24,287,108,179
42,42,767,108,659,37,622,247,375
42,43,1271,143,1128,56,1072,458,614
42,44,8090,1733,6357,485,5872,3385,2487
42,45,63,10,53,4,49,39,10
42,46,1261,167,1094,85,1009,473,536
42,47,265,38,227,14,213,117,96
42,48,1163,194,969,72,897,439,458
42,49,414,72,342,22,320,160,160
42,50,113,13,100,7,93,37,56
42,51,353,39,314,26,288,128,160
42,52,2415,445,1970,131,1839,959,880
42,53,1211,195,1016,72,944,427,517
42,54,235,27,208,11,197,56,141
42,55,95,15,80,6,74,27,47
42,56,2010,355,1655,114,1541,688,853
42,58,184,28,156,18,138,80,58
42,59,3629,576,3053,188,2865,1203,1662
42,60,368,59,309,17,292,148,144
42,61,406,63,343,16,327,122,205
42,62,782,143,639,34,605,235,370
42,63,325,72,253,19,234,72,162
42,64,569,80,489,24,465,180,285
42,65,1068,123,945,65,880,354,526
42,66,438,59,379,29,350,147,203
42,67,249,41,208,25,183,90,93
42,68,297,36,261,25,236,79,157
42,69,2219,283,1936,131,1805,865,940
42,70,612,77,535,51,484,204,280
42,71,4662,813,3849,244,3605,1753,1852
42,72,87,15,72,4,68,50,18
42,73,513,100,413,23,390,158,232
42,74,797,126,671,40,631,237,394
42,75,824,121,703,57,646,299,347
42,76,746,128,618,63,555,227,328
42,77,212,33,179,16,163,81,82
42,78,233,29,204,10,194,95,99
42,79,462,80,382,33,349,133,216
42,81,1058,161,897,77,820,323,497
42,82,134,20,114,10,104,38,66
42,83,386,72,314,18,296,184,112
42,84,125,22,103,12,91,56,35
42,85,654,89,565,39,526,215,311
42,86,407,60,347,21,326,149,177
42,87,995,118,877,59,818,382,436
42,88,529,105,424,28,396,141,255
42,89,509,67,442,22,420,178,242
42,90,364,56,308,30,278,91,187
42,91,598,118,480,29,451,160,291
42,92,2071,263,1808,75,1733,585,1148
42,93,968,91,877,60,817,372,445
42,94,5540,1125,4415,304,4111,1892,2219
42,95,11453,2438,9015,618,8397,5020,3377
42,96,473,56,417,24,393,165,228
42,97,3299,471,2828,171,2657,990,1667
42,98,475,65,410,30,380,164,216
42,99,2877,447,2430,181,2249,1311,938
42,100,201,23,178,4,174,57,117
42,101,134,21,113,8,105,48,57
42,102,660,54,606,23,583,204,379
42,103,3026,626,2400,146,2254,1340,914
42,104,591,96,495,42,453,154,299
42,105,96,6,90,1,89,41,48
42,106,236,41,195,15,180,60,120
42,107,277,56,221,20,201,129,72
42,108,648,103,545,42,503,206,297
42,109,118,24,94,11,83,44,39
42,110,2913,594,2319,139,2180,1121,1059
42,112,345,54,291,18,273,129,144
42,113,192,35,157,5,152,61,91
42,114,102,13,89,4,85,51,34
42,115,925,123,802,57,745,307,438
42,116,242,54,188,9,179,57,122
42,117,81,14,67,6,61,35,26
42,118,509,89,420,23,397,165,232
42,119,308,58,250,21,229,134,95
42,120,1096,114,982,60,922,392,530
42,121,127,26,101,13,88,31,57
42,122,1215,131,1084,72,1012,464,548
42,123,2968,509,2459,156,2303,1290,1013
42,124,267,39,228,21,207,109,98
42,125,132,23,109,5,104,42,62
42,126,784,113,671,46,625,307,318
42,127,5657,999,4658,303,4355,2546,1809
42,128,287,34,253,24,229,102,127
42,129,1201,183,1018,89,929,460,469
42,130,332,54,278,13,265,108,157
42,131,259,52,207,17,190,90,100
42,132,456,66,390,27,363,179,184
42,133,452,51,401,25,376,110,266
42,134,964,168,796,68,728,360,368
42,135,360,43,317,27,290,92,198
42,136,576,98,478,39,439,249,190
42,137,491,70,421,34,387,177,210
42,138,473,50,423,29,394,155,239
42,139,974,102,872,58,814,276,538
42,140,329,46,283,19,264,135,129
42,141,454,56,398,33,365,165,200
42,142,264,48,216,9,207,90,117
42,143,262,41,221,10,211,81,130
42,145,824,123,701,47,654,268,386
42,146,76,5,71,1,70,40,30
42,147,10656,2214,8442,549,7893,4131,3762
42,148,394,67,327,32,295,143,152
42,149,3521,683,2838,183,2655,1051,1604
42,150,756,99,657,55,602,296,306
42,151,288,46,242,11,231,70,161
42,152,370,64,306,13,293,139,154
42,153,366,34,332,30,302,127,175
42,154,350,65,285,24,261,147,114
42,155,709,118,591,39,552,222,330
42,156,902,153,749,57,692,304,388
42,157,555,69,486,34,452,240,212
42,158,148,21,127,13,114,56,58
42,159,1380,254,1126,98,1028,544,484
42,160,139,17,122,14,108,60,48
42,161,434,54,380,32,348,132,216
42,162,909,138,771,77,694,300,394
42,163,872,177,695,35,660,296,364
42,164,59,4,55,6,49,27,22
42,165,2247,437,1810,152,1658,742,916
42,166,413,56,357,13,344,170,174
42,167,256,28,228,15,213,112,101
42,168,2670,428,2242,164,2078,1040,1038
42,169,1084,179,905,88,817,384,433
42,170,1592,212,1380,110,1270,545,725
42,171,218,35,183,16,167,52,115
42,172,796,96,700,40,660,313,347
42,173,286,58,228,18,210,71,139
42,174,744,106,638,47,591,224,367
42,175,873,138,735,56,679,284,395
42,176,1411,155,1256,94,1162,551,611
42,177,1972,414,1558,125,1433,699,734
42,178,587,101,486,38,448,134,314
42,179,644,79,565,47,518,250,268
42,180,705,110,595,44,551,243,308
42,181,1027,185,842,63,779,405,374
42,182,2376,353,2023,172,1851,882,969
42,183,5061,1411,3650,238,3412,2300,1112
42,184,7929,1369,6560,444,6116,3180,2936
42,185,393,54,339,16,323,140,183
42,186,7788,1681,6107,320,5787,3615,2172
42,187,21220,4034,17186,1043,16143,8536,7607
42,188,223,22,201,11,190,58,132
42,189,7552,1447,6105,404,5701,3056,2645
42,191,656,109,547,40,507,275,232
42,192,351,53,298,23,275,136,139
42,193,1044,190,854,43,811,379,432
42,194,186,16,170,11,159,84,75
42,195,779,103,676,60,616,404,212
42,196,96,21,75,3,72,43,29
42,197,772,124,648,60,588,327,261
42,198,739,115,624,41,583,284,299
42,199,1534,178,1356,109,1247,646,601
42,200,1007,168,839,63,776,336,440
42,201,508,79,429,34,395,214,181
42,202,539,86,453,26,427,203,224
42,203,310,72,238,14,224,135,89
42,204,967,189,778,40,738,330,408
42,205,618,108,510,34,476,165,311
42,206,1213,122,1091,67,1024,274,750
42,207,24005,5757,18248,1340,16908,9184,7724
42,208,1264,105,1159,51,1108,386,722
42,209,353,55,298,31,267,89,178
42,210,352,43,309,27,282,139,143
42,211,1705,310,1395,85,1310,550,760
42,212,627,78,549,41,508,236,272
42,213,254,34,220,27,193,86,107
42,214,636,81,555,29,526,225,301
42,215,916,129,787,58,729,349,380
42,216,425,52,373,31,342,82,260
42,217,367,58,309,16,293,190,103
42,218,98480,22689,75791,3759,72032,42017,30015
42,219,676,105,571,52,519,238,281
42,220,386,52,334,23,311,140,171
42,221,354,44,310,22,288,105,183
42,222,3906,597,3309,185,3124,1230,1894
42,223,4357,713,3644,217,3427,1639,1788
42,224,2057,272,1785,107,1678,629,1049
42,225,2621,355,2266,137,2129,1075,1054
42,226,269,38,231,12,219,94,125
42,227,392,55,337,21,316,108,208
42,228,1021,163,858,72,786,443,343
42,229,202,21,181,14,167,66,101
42,230,1225,250,975,66,909,446,463
42,231,872,121,751,60,691,251,440
42,232,421,37,384,28,356,198,158
42,233,747,121,626,57,569,270,299
42,234,2796,384,2412,137,2275,867,1408
42,235,271,32,239,4,235,83,152
42,236,397,65,332,26,306,111,195
42,237,4626,822,3804,261,3543,1866,1677
42,238,313,42,271,14,257,128,129
42,239,912,105,807,66,741,342,399
42,240,597,82,515,42,473,301,172
42,241,347,76,271,21,250,106,144
42,242,1337,201,1136,80,1056,530,526
42,243,239,46,193,6,187,86,101
42,245,360,79,281,18,263,150,113
42,246,852,133,719,47,672,406,266
42,247,294,61,233,22,211,96,115
42,248,931,156,775,52,723,300,423
42,249,1198,196,1002,75,927,412,515
42,251,466,70,396,35,361,133,228
42,252,246,44,202,25,177,109,68
42,253,836,111,725,52,673,262,411
42,254,608,94,514,28,486,198,288
42,255,218,33,185,26,159,87,72
42,256,3030,462,2568,219,2349,1109,1240
42,257,678,87,591,46,545,299,246
42,259,2766,467,2299,141,2158,1064,1094
42,260,720,145,575,36,539,192,347
42,261,641,101,540,45,495,133,362
42,262,1204,175,1029,75,954,387,567
42,264,788,104,684,35,649,303,346
42,265,572,75,497,35,462,213,249
42,266,508,62,446,43,403,167,236
42,267,1167,154,1013,72,941,455,486
42,268,259,33,226,13,213,122,91
42,269,103,7,96,11,85,33,52
42,270,990,150,840,51,789,378,411
42,271,2930,488,2442,189,2253,1179,1074
42,272,1179,241,938,74,864,458,406
42,273,286,48,238,19,219,82,137
42,274,191,36,155,5,150,73,77
42,275,4186,623,3563,206,3357,1518,1839
42,276,412,73,339,33,306,155,151
42,277,278,70,208,22,186,85,101
42,278,136,21,115,9,106,77,29
42,279,10573,1880,8693,560,8133,3573,4560
42,280,317,38,279,18,261,114,147
42,281,128,31,97,10,87,50,37
42,282,234,24,210,14,196,102,94
42,283,895,140,755,69,686,249,437
42,284,1156,124,1032,85,947,444,503
42,285,2646,489,2157,181,1976,1053,923
42,286,720,81,639,42,597,292,305
42,287,856,157,699,65,634,323,311
42,288,585,103,482,40,442,257,185
42,289,1227,188,1039,82,957,439,518
42,290,476,54,422,33,389,196,193
42,291,169,31,138,9,129,69,60
42,293,783,107,676,54,622,255,367
42,294,774,112,662,38,624,233,391
42,295,377,39,338,20,318,149,169
42,296,413,64,349,22,327,123,204
42,297,479,76,403,31,372,130,242
42,298,351,32,319,24,295,79,216
42,299,2517,406,2111,121,1990,1015,975
42,300,496,83,413,35,378,130,248
42,301,525,83,442,30,412,258,154
42,302,5805,768,5037,313,4724,2182,2542
42,303,290,38,252,11,241,102,139
42,304,3541,669,2872,190,2682,1283,1399
42,305,4424,675,3749,230,3519,1812,1707
42,306,379,62,317,24,293,134,159
42,307,535,81,454,36,418,208,210
42,308,561,88,473,26,447,199,248
42,310,181,28,153,14,139,57,82
42,311,939,121,818,40,778,337,441
42,312,445,52,393,29,364,161,203
42,313,475,58,417,26,391,222,169
42,314,300,57,243,21,222,71,151
42,315,265,49,216,20,196,80,116
42,316,5880,1046,4834,354,4480,2508,1972
42,317,111,21,90,9,81,43,38
42,318,1138,146,992,77,915,336,579
42,319,487,76,411,31,380,153,227
42,320,448,52,396,27,369,117,252
42,321,104,11,93,3,90,30,60
42,322,684,117,567,52,515,179,336
42,323,6449,1020,5429,328,5101,2175,2926
42,324,681,85,596,53,543,262,281
42,325,253,42,211,20,191,73,118
42,326,608,88,520,41,479,258,221
42,327,482,95,387,26,361,164,197
42,328,488,71,417,47,370,200,170
42,329,321,56,265,17,248,148,100
42,330,6065,1006,5059,283,4776,2620,2156
42,331,762,113,649,55,594,241,353
42,332,3643,544,3099,188,2911,1396,1515
42,333,417,57,360,23,337,135,202
42,334,1046,164,882,68,814,316,498
42,335,324,47,277,17,260,105,155
42,336,403,50,353,37,316,137,179
42,337,192,26,166,10,156,58,98
42,338,1140,187,953,78,875,374,501
42,339,245,59,186,18,168,103,65
43,1,178,39,139,20,119,62,57
43,2,1282,178,1104,54,1050,512,538
43,3,748,131,617,53,564,265,299
43,4,135,19,116,5,111,39,72
43,5,241,48,193,16,177,101,76
43,6,186,43,143,10,133,63,70
43,7,591,81,510,43,467,232,235
43,8,150,23,127,7,120,44,76
43,9,31,2,29,0,29,10,19
43,10,895,95,800,52,748,462,286
43,11,163,26,137,9,128,66,62
43,12,4144,682,3462,309,3153,1544,1609
43,13,321,42,279,22,257,141,116
43,14,57,8,49,6,43,15,28
43,15,71,14,57,7,50,17,33
43,16,685,105,580,29,551,361,190
43,17,252,34,218,14,204,124,80
43,18,962,112,850,79,771,342,429
43,19,84,4,80,6,74,29,45
43,20,3180,508,2672,217,2455,1100,1355
43,21,730,100,630,48,582,265,317
43,22,231,31,200,13,187,125,62
43,23,198,48,150,23,127,38,89
43,24,629,91,538,47,491,250,241
43,25,2038,301,1737,161,1576,760,816
43,26,409,103,306,27,279,129,150
43,27,71,11,60,6,54,25,29
43,28,308,27,281,35,246,127,119
43,29,142,35,107,6,101,32,69
43,30,270,22,248,30,218,105,113
43,31,124,14,110,12,98,68,30
43,32,1266,137,1129,82,1047,641,406
43,33,617,85,532,35,497,273,224
43,34,265,33,232,23,209,78,131
43,35,81,20,61,4,57,30,27
43,36,290,32,258,24,234,104,130
43,37,257,30,227,22,205,78,127
43,38,736,123,613,41,572,402,170
43,39,529,86,443,26,417,205,212
43,40,4926,969,3957,268,3689,2205,1484
43,41,3043,592,2451,168,2283,1396,887
43,42,545,47,498,37,461,179,282
43,43,429,70,359,33,326,166,160
43,44,191,30,161,16,145,75,70
43,45,369,41,328,32,296,149,147
43,46,2029,266,1763,98,1665,1016,649
43,47,250,45,205,9,196,138,58
43,48,579,101,478,38,440,186,254
43,49,408,59,349,25,324,183,141
43,50,91,13,78,3,75,46,29
43,51,2214,476,1738,94,1644,929,715
43,52,231,41,190,16,174,79,95
43,53,248,45,203,12,191,90,101
43,54,226,31,195,8,187,48,139
43,55,143,23,120,18,102,55,47
43,56,387,56,331,28,303,187,116
43,57,80,11,69,4,65,38,27
43,58,666,71,595,55,540,198,342
43,59,143,27,116,13,103,56,47
43,60,83,14,69,6,63,22,41
43,61,563,52,511,40,471,254,217
43,62,553,53,500,58,442,205,237
43,63,150,29,121,13,108,57,51
43,64,103,7,96,6,90,39,51
43,65,171,51,120,15,105,36,69
43,66,112,19,93,7,86,45,41
43,67,250,52,198,22,176,82,94
43,68,38,6,32,5,27,11,16
43,69,227,19,208,18,190,77,113
43,70,186,23,163,10,153,98,55
43,71,435,68,367,26,341,172,169
43,72,129,20,109,3,106,54,52
43,73,155,38,117,13,104,39,65
43,74,608,70,538,34,504,309,195
43,75,91,15,76,10,66,35,31
43,76,148,19,129,5,124,53,71
43,77,439,61,378,35,343,144,199
43,78,2516,329,2187,191,1996,1126,870
43,79,224,39,185,15,170,113,57
43,80,1675,330,1345,110,1235,515,720
43,81,47,6,41,3,38,15,23
43,82,97,29,68,5,63,24,39
43,83,126,22,104,12,92,48,44
43,84,1290,155,1135,91,1044,562,482
43,85,75,11,64,5,59,27,32
43,86,156,23,133,7,126,80,46
43,87,2073,266,1807,158,1649,611,1038
43,88,227,29,198,16,182,102,80
43,89,2495,416,2079,113,1966,1002,964
43,90,85,5,80,12,68,21,47
43,91,315,47,268,27,241,102,139
43,92,307,55,252,23,229,101,128
43,93,284,64,220,26,194,121,73
43,94,86,13,73,7,66,27,39
43,95,135,17,118,12,106,35,71
43,96,735,95,640,40,600,373,227
43,97,145,18,127,13,114,39,75
43,98,131,12,119,11,108,50,58
43,99,404,73,331,18,313,221,92
43,100,139,21,118,6,112,74,38
43,101,121,22,99,7,92,33,59
43,102,748,95,653,69,584,226,358
43,103,113,8,105,4,101,74,27
43,104,203,24,179,11,168,55,113
43,105,176,19,157,14,143,98,45
43,106,135,20,115,10,105,67,38
43,107,99,11,88,6,82,57,25
43,108,380,56,324,31,293,108,185
43,109,110,23,87,5,82,51,31
43,110,624,70,554,40,514,327,187
43,111,765,111,654,45,609,292,317
43,112,2848,468,2380,180,2200,1325,875
43,113,1456,186,1270,104,1166,688,478
43,114,1318,234,1084,95,989,444,545
43,115,875,118,757,53,704,326,378
43,116,67,12,55,2,53,26,27
43,117,216,27,189,19,170,95,75
43,118,264,39,225,13,212,99,113
43,119,608,77,531,38,493,277,216
43,120,988,178,810,54,756,476,280
43,121,215,38,177,12,165,92,73
43,122,236,26,210,14,196,83,113
43,123,236,29,207,16,191,102,89
43,124,732,123,609,48,561,283,278
43,125,140,29,111,12,99,59,40
43,126,597,80,517,40,477,247,230
43,127,550,73,477,29,448,239,209
43,128,101,13,88,3,85,45,40
43,129,183,27,156,16,140,61,79
43,130,1029,218,811,42,769,538,231
43,131,194,28,166,5,161,114,47
43,132,1236,211,1025,82,943,496,447
43,133,153,18,135,18,117,37,80
43,134,151,22,129,9,120,56,64
43,135,1330,170,1160,70,1090,621,469
43,136,228,35,193,11,182,104,78
43,137,6354,923,5431,432,4999,2456,2543
43,138,349,58,291,26,265,110,155
43,139,51,12,39,8,31,11,20
43,140,496,46,450,31,419,232,187
43,141,960,123,837,69,768,219,549
43,142,501,72,429,28,401,156,245
43,143,128,12,116,8,108,54,54
43,144,106,17,89,6,83,32,51
43,145,63,8,55,1,54,11,43
43,147,564,65,499,41,458,292,166
43,148,657,117,540,40,500,313,187
43,149,114,10,104,8,96,42,54
43,150,404,48,356,23,333,172,161
43,151,226,37,189,14,175,109,66
43,152,2309,319,1990,137,1853,953,900
43,153,1374,275,1099,82,1017,576,441
43,154,412,61,351,25,326,159,167
43,155,90,10,80,2,78,40,38
43,156,167,20,147,7,140,53,87
43,157,12215,2723,9492,520,8972,5015,3957
43,158,280,41,239,11,228,157,71
43,159,708,97,611,65,546,212,334
43,160,171,23,148,6,142,77,65
43,162,2246,354,1892,146,1746,965,781
43,163,953,140,813,52,761,249,512
43,164,445,63,382,33,349,190,159
43,165,1109,132,977,78,899,460,439
43,166,317,39,278,20,258,134,124
43,167,184,26,158,18,140,61,79
43,168,124,17,107,6,101,30,71
43,169,58,15,43,2,41,19,22
43,170,268,43,225,19,206,117,89
43,171,75,10,65,6,59,16,43
43,172,202,25,177,14,163,58,105
43,173,116,12,104,11,93,40,53
43,174,799,110,689,64,625,354,271
43,175,149,19,130,14,116,71,45
43,176,51,4,47,6,41,29,12
43,177,2595,437,2158,168,1990,934,1056
43,178,222,45,177,18,159,75,84
43,180,123,20,103,4,99,51,48
43,181,601,86,515,30,485,293,192
43,182,64,18,46,2,44,22,22
43,183,92,15,77,4,73,31,42
43,184,1803,213,1590,138,1452,685,767
43,185,2272,363,1909,114,1795,1238,557
43,186,407,63,344,38,306,131,175
43,187,280,29,251,16,235,108,127
43,188,400,79,321,27,294,158,136
43,189,420,54,366,26,340,132,208
43,190,2772,343,2429,159,2270,1357,913
43,191,196,31,165,13,152,108,44
43,192,377,69,308,30,278,113,165
43,193,171,36,135,14,121,57,64
43,194,558,88,470,26,444,266,178
43,195,227,32,195,10,185,121,64
43,196,186,56,130,11,119,57,62
43,197,367,48,319,21,298,140,158
43,198,279,45,234,22,212,78,134
43,199,804,133,671,53,618,342,276
43,200,1506,218,1288,103,1185,705,480
43,201,250,50,200,24,176,62,114
43,202,101,15,86,2,84,39,45
43,203,398,39,359,36,323,186,137
43,204,188,18,170,11,159,57,102
43,205,3085,510,2575,196,2379,1145,1234
43,206,381,60,321,18,303,182,121
43,207,212,29,183,10,173,124,49
43,208,50,16,34,5,29,18,11
43,210,239,29,210,26,184,92,92
43,211,1624,220,1404,106,1298,626,672
43,212,929,144,785,55,730,236,494
43,213,1651,245,1406,132,1274,557,717
43,214,117,10,107,10,97,45,52
43,215,234,36,198,20,178,81,97
43,216,1655,167,1488,129,1359,662,697
43,217,462,74,388,41,347,155,192
43,218,847,91,756,62,694,455,239
43,219,99,14,85,6,79,59,20
43,220,226,40,186,12,174,94,80
43,221,371,65,306,26,280,135,145
43,222,165,32,133,8,125,65,60
43,223,809,87,722,67,655,238,417
43,224,4133,641,3492,318,3174,1367,1807
43,225,49,4,45,6,39,23,16
43,226,114,24,90,8,82,43,39
43,227,562,82,480,46,434,179,255
43,228,123,27,96,13,83,31,52
43,229,396,34,362,33,329,171,158
43,230,872,141,731,63,668,325,343
43,231,191,31,160,9,151,81,70
43,232,319,83,236,22,214,119,95
43,233,848,117,731,69,662,330,332
43,234,1529,241,1288,92,1196,451,745
43,236,923,110,813,80,733,314,419
43,237,243,36,207,18,189,76,113
43,238,281,29,252,30,222,111,111
43,239,725,113,612,40,572,261,311
43,240,218,29,189,26,163,98,65
43,241,954,123,831,57,774,409,365
43,242,65,18,47,2,45,23,22
43,244,2606,406,2200,159,2041,925,1116
43,245,212,26,186,10,176,45,131
43,246,414,52,362,31,331,143,188
43,247,74,8,66,7,59,24,35
43,249,414,53,361,39,322,143,179
43,250,49,3,46,6,40,31,9
43,251,2477,338,2139,135,2004,988,1016
43,252,44,7,37,5,32,21,11
43,253,250,46,204,19,185,68,117
43,254,191,27,164,14,150,66,84
43,255,46,8,38,4,34,12,22
43,256,372,50,322,38,284,87,197
43,257,380,54,326,25,301,144,157
43,258,1435,268,1167,73,1094,778,316
43,259,333,43,290,22,268,104,164
43,260,33,5,28,0,28,15,13
43,261,419,47,372,26,346,243,103
43,262,923,113,810,50,760,482,278
43,263,80,16,64,6,58,24,34
43,264,276,54,222,12,210,109,101
43,265,881,130,751,71,680,304,376
43,267,1163,200,963,96,867,422,445
43,268,5423,815,4608,401,4207,2014,2193
44,1,1372,260,1112,37,1075,507,568
44,2,2228,237,1991,113,1878,994,884
44,3,5477,995,4482,264,4218,2293,1925
44,4,1393,174,1219,66,1153,614,539
44,5,2534,329,2205,136,2069,989,1080
44,6,1430,229,1201,71,1130,566,564
44,7,1817,257,1560,90,1470,804,666
44,8,911,107,804,71,733,392,341
44,9,6534,692,5842,237,5605,2962,2643
44,10,2686,403,2283,127,2156,1007,1149
44,11,1337,237,1100,61,1039,482,557
44,12,2350,294,2056,100,1956,976,980
44,13,1925,268,1657,110,1547,942,605
44,14,2557,355,2202,132,2070,1103,967
44,15,6891,1291,5600,354,5246,3053,2193
44,16,621,69,552,39,513,216,297
44,17,445,65,380,23,357,159,198
44,18,4779,511,4268,203,4065,2440,1625
44,19,683,122,561,34,527,321,206
44,20,13084,2065,11019,562,10457,7003,3454
44,21,2333,367,1966,98,1868,845,1023
44,22,1977,265,1712,135,1577,698,879
44,23,1980,261,1719,112,1607,909,698
44,24,1892,219,1673,103,1570,998,572
44,25,2706,313,2393,152,2241,1295,946
44,26,13560,1831,11729,607,11122,5746,5376
44,27,1398,171,1227,76,1151,659,492
44,28,2705,394,2311,107,2204,1223,981
44,29,3879,567,3312,191,3121,1490,1631
44,30,2578,297,2281,165,2116,1344,772
44,31,592,99,493,22,471,157,314
44,32,2181,275,1906,93,1813,990,823
44,33,2133,311,1822,109,1713,1071,642
44,34,557,85,472,34,438,182,256
44,35,14615,2150,12465,553,11912,7010,4902
44,36,8765,1685,7080,415,6665,3567,3098
44,37,2162,301,1861,96,1765,904,861
44,38,1920,335,1585,101,1484,631,853
44,39,609,55,554,43,511,260,251
44,40,1529,189,1340,88,1252,634,618
44,41,3946,593,3353,202,3151,1734,1417
44,43,5317,833,4484,232,4252,2213,2039
44,44,797,120,677,17,660,307,353
44,45,2266,334,1932,121,1811,1059,752
44,46,1944,312,1632,106,1526,851,675
44,47,14484,2315,12169,752,11417,7858,3559
44,48,1678,238,1440,93,1347,694,653
44,49,3707,632,3075,119,2956,1220,1736
44,50,2047,299,1748,114,1634,1055,579
44,51,2263,398,1865,113,1752,900,852
44,52,4764,745,4019,256,3763,2515,1248
44,53,1389,206,1183,67,1116,679,437
44,54,2166,264,1902,129,1773,979,794
44,55,14798,2508,12290,475,11815,3809,8006
44,56,2342,328,2014,114,1900,964,936
44,57,1681,243,1438,78,1360,802,558
44,58,350,51,299,20,279,158,121
44,59,946,122,824,60,764,291,473
44,60,695,114,581,36,545,285,260
44,61,2100,347,1753,116,1637,770,867
44,62,1081,161,920,54,866,514,352
44,63,2534,330,2204,159,2045,926,1119
44,64,3000,348,2652,141,2511,1259,1252
44,65,571,84,487,32,455,180,275
44,66,3350,430,2920,177,2743,1400,1343
44,67,3797,530,3267,170,3097,1770,1327
44,68,2325,379,1946,108,1838,1037,801
44,69,13340,2453,10887,490,10397,4699,5698
44,70,3280,438,2842,144,2698,1614,1084
44,71,4245,521,3724,178,3546,1770,1776
44,72,4384,562,3822,225,3597,1918,1679
44,73,3973,585,3388,269,3119,1597,1522
44,74,2706,391,2315,103,2212,1602,610
44,75,1430,215,1215,58,1157,592,565
44,76,959,166,793,50,743,385,358
44,77,1560,240,1320,68,1252,680,572
44,78,279,37,242,21,221,112,109
44,79,2077,298,1779,130,1649,801,848
44,80,516,68,448,29,419,263,156
44,81,3015,431,2584,107,2477,1067,1410
44,82,3175,478,2697,178,2519,1295,1224
44,83,1456,236,1220,86,1134,480,654
44,84,5116,693,4423,239,4184,2148,2036
44,85,659,80,579,51,528,245,283
44,86,770,107,663,40,623,289,334
44,87,4601,760,3841,232,3609,1617,1992
44,88,1938,240,1698,90,1608,877,731
44,89,2258,314,1944,128,1816,1150,666
44,90,960,132,828,41,787,318,469
44,91,1098,158,940,37,903,469,434
44,92,505,96,409,24,385,243,142
44,93,721,87,634,34,600,259,341
44,94,2192,282,1910,118,1792,1012,780
44,95,919,127,792,26,766,374,392
44,96,3182,458,2724,191,2533,1255,1278
44,97,1751,223,1528,61,1467,665,802
44,98,3455,502,2953,180,2773,1627,1146
44,99,1440,194,1246,78,1168,487,681
44,100,1413,150,1263,63,1200,584,616
44,101,4480,601,3879,189,3690,2614,1076
44,102,2167,263,1904,104,1800,951,849
44,103,4827,858,3969,251,3718,2621,1097
44,104,590,64,526,31,495,258,237
44,105,284,46,238,15,223,128,95
44,106,1220,170,1050,49,1001,476,525
44,107,1287,191,1096,69,1027,563,464
44,108,1861,250,1611,120,1491,649,842
44,109,180835,34790,146045,5826,140219,86280,53939
44,110,5824,852,4972,289,4683,2629,2054
44,111,1460,227,1233,113,1120,603,517
44,112,438,78,360,20,340,145,195
44,113,2648,405,2243,115,2128,1117,1011
44,114,19244,3302,15942,848,15094,8506,6588
44,115,2630,384,2246,112,2134,1224,910
44,116,2035,355,1680,75,1605,1035,570
44,117,2104,254,1850,90,1760,981,779
44,118,858,107,751,41,710,344,366
44,119,1326,181,1145,65,1080,445,635
44,120,3213,484,2729,178,2551,1626,925
44,121,326,38,288,14,274,119,155
44,122,2465,353,2112,134,1978,1081,897
44,123,699,124,575,36,539,247,292
44,124,505,71,434,24,410,147,263
44,125,2168,306,1862,83,1779,742,1037
44,126,3057,423,2634,161,2473,1240,1233
44,127,1868,276,1592,119,1473,674,799
44,128,3365,504,2861,190,2671,1578,1093
44,129,7187,1160,6027,390,5637,3324,2313
44,130,4347,596,3751,174,3577,1993,1584
44,131,12479,1829,10650,510,10140,4294,5846
44,132,9522,1485,8037,433,7604,3341,4263
44,133,1985,238,1747,107,1640,861,779
44,134,658,86,572,44,528,240,288
44,135,4482,703,3779,166,3613,1379,2234
44,136,1292,189,1103,33,1070,422,648
44,137,2172,270,1902,130,1772,1027,745
44,138,692,91,601,34,567,312,255
44,139,879,115,764,66,698,430,268
44,140,1035,156,879,69,810,375,435
44,141,751,81,670,55,615,286,329
44,142,1210,146,1064,69,995,509,486
44,143,28086,5155,22931,1079,21852,15060,6792
44,144,1519,203,1316,91,1225,576,649
44,145,1914,267,1647,107,1540,843,697
44,146,1688,247,1441,92,1349,627,722
44,147,724,97,627,34,593,267,326
44,148,463,78,385,18,367,194,173
44,149,2666,413,2253,130,2123,1261,862
44,150,3054,406,2648,169,2479,1383,1096
44,151,4166,536,3630,190,3440,1655,1785
44,152,1941,284,1657,109,1548,915,633
44,153,1177,154,1023,68,955,497,458
44,154,9638,1430,8208,451,7757,4114,3643
44,155,2030,286,1744,116,1628,727,901
44,156,1799,291,1508,76,1432,664,768
44,157,1065,179,886,49,837,338,499
44,158,5127,717,4410,239,4171,2325,1846
44,159,908,84,824,47,777,424,353
44,160,2330,324,2006,122,1884,1053,831
44,161,2361,306,2055,118,1937,1002,935
44,162,31680,6790,24890,1217,23673,15178,8495
44,163,1724,210,1514,101,1413,683,730
44,164,1425,242,1183,69,1114,546,568
44,165,1519,174,1345,90,1255,669,586
44,166,3932,481,3451,191,3260,2189,1071
44,168,3150,564,2586,168,2418,1757,661
44,169,5024,705,4319,214,4105,2075,2030
44,170,652,106,546,24,522,198,324
44,171,1180,125,1055,66,989,553,436
44,172,9748,1197,8551,418,8133,4872,3261
44,173,1374,184,1190,76,1114,569,545
44,174,1339,129,1210,71,1139,467,672
44,175,3115,394,2721,176,2545,1316,1229
44,176,2495,366,2129,138,1991,1454,537
44,178,1807,244,1563,103,1460,776,684
44,179,3182,485,2697,158,2539,1305,1234
44,180,1732,260,1472,109,1363,524,839
44,181,877,113,764,51,713,303,410
44,182,3700,527,3173,170,3003,1318,1685
44,183,1697,235,1462,108,1354,664,690
44,184,46812,9198,37614,1900,35714,23673,12041
44,185,2308,351,1957,86,1871,1141,730
44,186,3924,517,3407,211,3196,1710,1486
44,187,3036,513,2523,156,2367,1085,1282
44,188,6076,856,5220,305,4915,2259,2656
44,189,1536,270,1266,72,1194,829,365
44,190,19461,2873,16588,739,15849,9728,6121
44,191,483,63,420,34,386,121,265
44,192,1567,203,1364,97,1267,611,656
44,193,1031,148,883,47,836,471,365
44,194,5884,604,5280,235,5045,2200,2845
44,195,5511,880,4631,230,4401,2716,1685
44,196,1146,162,984,83,901,587,314
44,197,1248,220,1028,61,967,518,449
44,198,5677,648,5029,245,4784,2705,2079
44,199,1586,260,1326,85,1241,561,680
44,200,286,72,214,24,190,123,67
44,201,5053,576,4477,204,4273,2232,2041
44,202,1224,163,1061,68,993,482,511
44,203,1282,187,1095,72,1023,548,475
44,204,6187,830,5357,261,5096,2764,2332
44,205,1642,294,1348,84,1264,647,617
44,206,1065,154,911,50,861,365,496
44,207,579,94,485,41,444,243,201
44,208,550,86,464,38,426,256,170
44,209,5878,811,5067,287,4780,2590,2190
44,210,5250,1032,4218,293,3925,2763,1162
44,211,3888,563,3325,184,3141,1491,1650
44,212,6126,863,5263,313,4950,2237,2713
44,213,2647,373,2274,146,2128,1099,1029
44,214,1235,173,1062,80,982,557,425
44,215,17603,2073,15530,752,14778,7952,6826
44,216,2892,445,2447,133,2314,1059,1255
44,217,4205,529,3676,216,3460,1826,1634
44,218,492,67,425,22,403,181,222
44,219,600,100,500,19,481,153,328
44,220,1069,207,862,65,797,438,359
44,221,903,123,780,50,730,424,306
44,222,836,115,721,35,686,313,373
44,223,2464,347,2117,135,1982,1024,958
44,224,1059,148,911,64,847,486,361
45,1,158,8,150,13,137,45,92
45,2,317,57,260,16,244,73,171
45,4,8658,1841,6817,449,6368,2748,3620
45,5,147,19,128,7,121,41,80
45,6,925,122,803,45,758,242,516
45,8,1176,182,994,74,920,386,534
45,9,768,115,653,48,605,245,360
45,10,676,100,576,33,543,235,308
45,11,172,26,146,15,131,40,91
45,12,134,23,111,12,99,43,56
45,13,181,16,165,9,156,77,79
45,14,404,74,330,23,307,119,188
45,15,539,80,459,33,426,162,264
45,16,837,163,674,45,629,276,353
45,17,287,35,252,19,233,77,156
45,18,656,97,559,44,515,221,294
45,19,504,59,445,25,420,156,264
45,20,749,99,650,48,602,277,325
45,21,224,36,188,24,164,68,96
45,22,302,52,250,24,226,96,130
45,23,86,14,72,2,70,29,41
45,24,1517,269,1248,81,1167,605,562
45,25,1016,170,846,62,784,343,441
45,26,655,106,549,38,511,222,289
45,27,320,47,273,19,254,83,171
45,28,5396,1159,4237,233,4004,1993,2011
45,29,1415,267,1148,107,1041,480,561
45,30,1310,281,1029,72,957,330,627
45,31,986,187,799,46,753,273,480
45,32,221,33,188,16,172,60,112
45,33,274,29,245,23,222,94,128
45,34,1659,235,1424,78,1346,679,667
45,35,838,155,683,64,619,250,369
45,36,631,78,553,38,515,199,316
45,37,253,24,229,18,211,107,104
45,38,321,80,241,16,225,74,151
45,39,523,75,448,31,417,141,276
45,40,1375,249,1126,106,1020,464,556
45,41,99,12,87,8,79,21,58
45,42,1310,224,1086,74,1012,448,564
45,43,686,74,612,39,573,321,252
45,44,154,21,133,9,124,51,73
45,45,272,45,227,18,209,58,151
45,46,423,58,365,26,339,127,212
45,47,323,64,259,20,239,97,142
45,49,874,101,773,47,726,274,452
45,50,829,154,675,51,624,255,369
45,51,948,142,806,58,748,275,473
45,52,66,7,59,6,53,22,31
45,53,4168,968,3200,198,3002,1491,1511
45,54,444,77,367,29,338,147,191
45,55,381,70,311,37,274,115,159
45,56,230,44,186,21,165,45,120
45,57,75,12,63,0,63,15,48
45,58,120,11,109,12,97,33,64
45,59,171,12,159,14,145,51,94
45,60,615,95,520,44,476,237,239
45,61,1838,440,1398,130,1268,595,673
45,62,832,131,701,55,646,268,378
45,63,811,115,696,52,644,214,430
45,64,366,62,304,24,280,123,157
45,65,164,23,141,8,133,34,99
45,66,532,79,453,30,423,162,261
45,67,2613,452,2161,129,2032,806,1226
45,68,7288,1738,5550,368,5182,3223,1959
45,69,646,95,551,53,498,239,259
45,70,48,3,45,5,40,9,31
45,72,979,125,854,58,796,392,404
45,73,360,45,315,7,308,117,191
45,74,67,6,61,4,57,14,43
45,75,6791,1347,5444,318,5126,2544,2582
45,76,214,36,178,16,162,72,90
45,77,393,66,327,39,288,99,189
45,78,193,23,170,10,160,70,90
45,79,122,19,103,7,96,31,65
45,80,273,43,230,16,214,65,149
45,81,456,91,365,22,343,131,212
45,82,5312,954,4358,300,4058,1757,2301
45,83,1661,329,1332,86,1246,482,764
45,84,361,70,291,22,269,108,161
45,85,1379,266,1113,55,1058,416,642
45,86,223,24,199,17,182,54,128
45,87,2381,411,1970,142,1828,885,943
45,88,253,38,215,16,199,80,119
45,89,6005,916,5089,307,4782,2253,2529
45,91,259,44,215,18,197,81,116
45,92,1108,185,923,56,867,306,561
45,93,1859,331,1528,115,1413,528,885
45,94,205,32,173,10,163,52,111
45,95,1321,217,1104,97,1007,426,581
45,96,387,57,330,30,300,99,201
45,97,856,141,715,38,677,253,424
45,98,2419,322,2097,144,1953,893,1060
45,99,398,74,324,36,288,107,181
45,100,387,34,353,10,343,121,222
45,101,190,12,178,10,168,64,104
45,102,299,35,264,21,243,62,181
45,103,1018,189,829,72,757,312,445
45,104,1728,308,1420,123,1297,545,752
45,105,72,6,66,2,64,30,34
45,106,318,58,260,16,244,98,146
45,107,250,29,221,22,199,75,124
45,108,1822,277,1545,103,1442,518,924
45,109,421,56,365,19,346,139,207
45,110,220,36,184,6,178,80,98
45,111,314,46,268,17,251,102,149
45,112,240,29,211,17,194,63,131
45,113,238,44,194,10,184,55,129
45,114,182,29,153,17,136,51,85
45,115,2919,597,2322,159,2163,723,1440
45,116,689,100,589,50,539,234,305
45,118,241,38,203,19,184,70,114
45,119,1639,295,1344,91,1253,585,668
45,120,157,27,130,9,121,40,81
45,121,343,49,294,12,282,109,173
45,122,904,120,784,61,723,307,416
45,123,1463,215,1248,79,1169,583,586
45,124,137,32,105,11,94,40,54
45,125,88,13,75,7,68,37,31
45,126,1977,267,1710,82,1628,672,956
45,127,2131,486,1645,150,1495,688,807
45,129,780,152,628,49,579,178,401
45,130,887,131,756,63,693,320,373
45,131,258,41,217,17,200,98,102
45,132,271,46,225,16,209,86,123
45,133,314,54,260,19,241,72,169
45,134,918,130,788,58,730,244,486
45,135,216,33,183,14,169,55,114
45,136,418,50,368,18,350,135,215
45,137,502,73,429,28,401,149,252
45,138,59,4,55,1,54,15,39
45,139,410,53,357,14,343,122,221
45,141,122,25,97,11,86,33,53
45,142,2200,332,1868,140,1728,765,963
45,143,39,2,37,0,37,9,28
45,144,847,111,736,41,695,342,353
45,145,2612,512,2100,132,1968,846,1122
45,146,5285,844,4441,284,4157,1999,2158
45,147,13097,2811,10286,616,9670,5556,4114
45,148,1207,229,978,75,903,336,567
45,149,216,33,183,22,161,65,96
45,150,149,20,129,6,123,29,94
45,151,206,30,176,16,160,56,104
45,152,162,16,146,17,129,36,93
45,153,497,60,437,23,414,165,249
45,154,1180,135,1045,72,973,400,573
45,155,8788,2151,6637,497,6140,2892,3248
45,156,477,60,417,36,381,123,258
45,157,314,52,262,25,237,88,149
45,158,294,56,238,22,216,74,142
45,159,156,26,130,12,118,31,87
45,160,502,100,402,23,379,108,271
45,161,618,84,534,31,503,169,334
45,162,380,46,334,24,310,119,191
45,164,452,71,381,15,366,132,234
45,165,497,59,438,21,417,161,256
45,166,182,28,154,6,148,41,107
45,167,1288,181,1107,63,1044,415,629
45,168,374,59,315,25,290,129,161
45,169,5875,933,4942,292,4650,2257,2393
45,170,76,10,66,6,60,23,37
45,171,415,59,356,22,334,122,212
45,173,3090,592,2498,151,2347,1157,1190
45,174,202,17,185,20,165,69,96
45,175,1086,133,953,48,905,439,466
45,176,314,49,265,29,236,63,173
45,177,148,28,120,9,111,45,66
45,178,962,210,752,37,715,302,413
45,179,1934,305,1629,109,1520,639,881
45,180,91,8,83,7,76,20,56
45,181,49,10,39,3,36,15,21
45,182,1082,170,912,48,864,361,503
45,183,92,12,80,9,71,27,44
45,184,329,42,287,20,267,103,164
45,185,221,25,196,15,181,63,118
45,186,367,61,306,26,280,72,208
45,187,1975,325,1650,94,1556,643,913
45,188,1886,312,1574,110,1464,688,776
45,189,244,33,211,11,200,58,142
45,190,165,21,144,6,138,53,85
45,191,3854,979,2875,214,2661,1303,1358
45,192,467,104,363,38,325,125,200
45,193,1640,187,1453,93,1360,603,757
45,194,1951,284,1667,105,1562,667,895
45,195,440,73,367,39,328,124,204
45,196,989,140,849,61,788,351,437
45,197,896,90,806,56,750,308,442
45,198,219,21,198,14,184,71,113
45,199,400,60,340,24,316,106,210
45,200,1111,114,997,60,937,413,524
45,201,154,29,125,14,111,38,73
45,202,732,102,630,45,585,255,330
45,203,4316,900,3416,198,3218,1569,1649
45,204,558,68,490,35,455,216,239
45,205,213,34,179,13,166,41,125
45,206,218,25,193,14,179,62,117
45,207,275,55,220,26,194,79,115
45,208,8880,2631,6249,375,5874,2828,3046
45,209,241,35,206,14,192,92,100
45,210,542,80,462,33,429,137,292
45,211,329,32,297,22,275,104,171
45,212,966,131,835,65,770,310,460
45,213,497,59,438,18,420,146,274
45,214,172,25,147,10,137,42,95
45,215,165,21,144,6,138,50,88
45,216,97,9,88,5,83,27,56
45,217,147,24,123,8,115,43,72
45,218,128,12,116,12,104,29,75
45,219,137,32,105,7,98,35,63
45,220,402,59,343,27,316,129,187
45,221,88,13,75,6,69,25,44
45,222,980,150,830,72,758,282,476
45,223,279,36,243,17,226,88,138
45,224,2780,384,2396,168,2228,996,1232
45,225,267,32,235,25,210,73,137
45,226,821,127,694,73,621,232,389
45,227,910,116,794,51,743,328,415
45,228,826,112,714,39,675,295,380
45,229,1774,418,1356,94,1262,567,695
45,230,557,69,488,34,454,147,307
45,231,94,8,86,5,81,30,51
45,232,13983,2122,11861,530,11331,4965,6366
45,233,318,60,258,19,239,96,143
45,234,60949,12013,48936,2418,46518,25296,21222
45,235,2617,381,2236,128,2108,893,1215
45,236,296,54,242,19,223,67,156
45,237,106,15,91,4,87,27,60
45,238,589,65,524,35,489,230,259
45,239,307,57,250,25,225,80,145
45,240,979,194,785,62,723,307,416
45,241,352,39,313,24,289,136,153
45,242,184,34,150,9,141,44,97
45,243,233,30,203,19,184,55,129
45,244,2114,370,1744,156,1588,767,821
45,245,906,134,772,56,716,267,449
45,246,74,10,64,13,51,13,38
45,247,2477,450,2027,159,1868,807,1061
45,248,1334,216,1118,83,1035,401,634
45,249,772,98,674,46,628,310,318
45,250,168,17,151,18,133,49,84
45,251,274,69,205,14,191,89,102
45,252,4818,1244,3574,204,3370,1709,1661
45,253,1399,259,1140,96,1044,417,627
45,254,1899,311,1588,134,1454,594,860
45,255,378,76,302,14,288,108,180
45,256,176,29,147,9,138,60,78
45,257,339,56,283,22,261,93,168
45,258,2243,503,1740,130,1610,691,919
45,259,909,122,787,54,733,243,490
45,260,168,29,139,8,131,52,79
45,261,973,108,865,61,804,344,460
45,262,111,14,97,7,90,33,57
45,263,182,31,151,12,139,47,92
45,264,140,14,126,7,119,36,83
45,265,287,46,241,24,217,72,145
45,266,189,25,164,15,149,43,106
45,267,216,36,180,17,163,56,107
45,268,446,70,376,31,345,127,218
45,269,2572,529,2043,128,1915,838,1077
45,270,1408,215,1193,95,1098,337,761
45,271,785,89,696,50,646,265,381
45,272,2530,345,2185,125,2060,1004,1056
45,273,2079,408,1671,105,1566,756,810
45,274,5806,762,5044,297,4747,2011,2736
45,275,350,60,290,27,263,96,167
45,276,397,50,347,41,306,127,179
45,277,385,59,326,32,294,121,173
45,278,797,127,670,45,625,244,381
45,279,1266,193,1073,74,999,419,580
45,280,842,117,725,54,671,230,441
45,281,714,109,605,44,561,190,371
45,282,2197,306,1891,103,1788,710,1078
45,283,125,20,105,3,102,22,80
45,284,12546,2352,10194,573,9621,5013,4608
45,285,9753,2100,7653,444,7209,4142,3067
45,286,5520,837,4683,247,4436,1996,2440
45,287,82,18,64,2,62,28,34
45,288,347,74,273,25,248,92,156
45,289,869,155,714,49,665,283,382
45,290,1165,140,1025,60,965,412,553
45,291,954,139,815,72,743,298,445
45,292,693,119,574,32,542,204,338
45,293,826,141,685,43,642,259,383
45,294,127,23,104,7,97,24,73
45,296,497,64,433,33,400,152,248
45,297,769,108,661,50,611,229,382
45,298,4101,662,3439,197,3242,1358,1884
45,299,201,17,184,9,175,67,108
45,300,2914,369,2545,146,2399,1105,1294
45,301,282,32,250,13,237,87,150
45,302,10732,2134,8598,541,8057,4458,3599
45,303,426,69,357,14,343,122,221
45,305,123,9,114,7,107,48,59
45,306,601,107,494,35,459,164,295
45,307,673,122,551,40,511,202,309
45,308,2393,360,2033,126,1907,958,949
45,309,496,62,434,25,409,128,281
45,310,1045,199,846,59,787,335,452
45,311,462,80,382,22,360,144,216
45,312,346,59,287,21,266,103,163
45,313,663,114,549,41,508,203,305
45,314,293,52,241,11,230,102,128
45,315,3705,820,2885,177,2708,1197,1511
45,316,596,106,490,27,463,186,277
45,317,1082,165,917,55,862,385,477
45,320,238,39,199,12,187,83,104
45,321,443,62,381,25,356,139,217
45,322,125,33,92,9,83,31,52
45,323,180,20,160,12,148,48,100
45,324,1661,243,1418,92,1326,554,772
45,325,183,33,150,8,142,47,95
45,326,274,31,243,21,222,77,145
45,327,2342,393,1949,127,1822,848,974
45,328,223,30,193,12,181,76,105
45,329,1020,158,862,64,798,284,514
45,330,171,17,154,12,142,39,103
45,331,514,67,447,18,429,186,243
45,332,1132,177,955,90,865,279,586
45,333,1021,158,863,51,812,331,481
45,334,463,56,407,35,372,159,213
45,335,1342,153,1189,82,1107,532,575
45,336,674,90,584,34,550,179,371
45,337,227,45,182,14,168,53,115
45,338,4803,858,3945,296,3649,1343,2306
45,339,365,43,322,27,295,107,188
45,340,388,71,317,21,296,105,191
45,341,169,27,142,9,133,37,96
45,342,288,42,246,11,235,106,129
45,343,164,35,129,12,117,40,77
45,344,879,132,747,69,678,329,349
45,345,803,109,694,59,635,237,398
45,346,1373,201,1172,74,1098,453,645
45,347,619,103,516,34,482,221,261
45,348,599,73,526,49,477,183,294
46,1,503,63,440,22,418,268,150
46,2,72,7,65,9,56,27,29
46,3,576,78,498,30,468,292,176
46,4,167,22,145,12,133,98,35
46,5,270,38,232,12,220,134,86
46,6,278,39,239,8,231,155,76
46,7,730,91,639,45,594,361,233
46,8,157,22,135,5,130,83,47
46,9,462,67,395,25,370,273,97
46,10,256,25,231,8,223,148,75
46,11,299,29,270,18,252,162,90
46,12,510,46,464,30,434,287,147
46,13,150,24,126,4,122,78,44
46,14,174,24,150,15,135,70,65
46,15,1264,235,1029,83,946,535,411
46,16,326,38,288,14,274,161,113
46,17,129,11,118,9,109,54,55
46,18,109,10,99,10,89,43,46
46,19,63,2,61,7,54,27,27
46,20,200,17,183,10,173,129,44
46,21,594,75,519,46,473,305,168
46,22,181,21,160,6,154,111,43
46,23,405,40,365,29,336,171,165
46,24,309,28,281,17,264,170,94
46,25,137,30,107,7,100,62,38
46,26,106,10,96,4,92,28,64
46,27,96,7,89,5,84,44,40
46,28,794,93,701,31,670,388,282
46,29,1425,179,1246,62,1184,843,341
46,30,267,17,250,20,230,136,94
46,31,119,16,103,9,94,41,53
46,32,290,19,271,18,253,171,82
46,33,172,21,151,8,143,71,72
46,34,232,29,203,19,184,138,46
46,35,138,18,120,4,116,92,24
46,36,97,11,86,10,76,49,27
46,37,78,8,70,7,63,37,26
46,38,958,101,857,42,815,491,324
46,39,161,25,136,14,122,61,61
46,40,187,27,160,10,150,93,57
46,41,135,19,116,8,108,59,49
46,42,13849,2479,11370,641,10729,6955,3774
46,43,181,23,158,10,148,110,38
46,44,468,46,422,27,395,238,157
46,45,960,114,846,33,813,471,342
46,46,371,38,333,12,321,192,129
46,47,155,19,136,7,129,63,66
46,48,173,30,143,14,129,77,52
46,49,169,12,157,4,153,95,58
46,50,126,9,117,6,111,71,40
46,51,281,40,241,14,227,160,67
46,52,200,21,179,17,162,84,78
46,53,336,33,303,23,280,164,116
46,54,235,23,212,16,196,121,75
46,55,896,120,776,55,721,463,258
46,56,67,6,61,4,57,49,8
46,57,464,57,407,24,383,249,134
46,58,371,38,333,24,309,196,113
46,59,177,18,159,9,150,93,57
46,60,215,37,178,21,157,90,67
46,61,159,23,136,10,126,72,54
46,62,255,30,225,15,210,133,77
46,63,1518,206,1312,80,1232,632,600
46,64,620,71,549,41,508,295,213
46,65,317,29,288,24,264,152,112
46,66,470,55,415,23,392,190,202
46,67,332,27,305,20,285,177,108
46,68,167,14,153,4,149,102,47
46,69,154,23,131,13,118,57,61
46,70,360,46,314,21,293,186,107
46,71,195,20,175,10,165,117,48
46,72,310,45,265,17,248,148,100
46,73,354,47,307,13,294,183,111
46,74,290,44,246,9,237,170,67
46,75,172,23,149,15,134,95,39
46,76,276,22,254,16,238,160,78
46,77,251,30,221,25,196,124,72
46,78,94,22,72,7,65,39,26
46,79,80,8,72,3,69,34,35
46,80,499,44,455,28,427,272,155
46,81,73,13,60,3,57,31,26
46,82,289,33,256,12,244,139,105
46,83,524,75,449,34,415,243,172
46,84,252,23,229,24,205,118,87
46,85,167,15,152,12,140,99,41
46,86,421,41,380,36,344,202,142
46,87,542,102,440,20,420,241,179
46,88,653,72,581,23,558,347,211
46,89,740,118,622,34,588,344,244
46,90,125,5,120,4,116,75,41
46,91,144,16,128,4,124,75,49
46,92,189,18,171,16,155,87,68
46,93,78,6,72,2,70,46,24
46,94,247,30,217,19,198,132,66
46,95,707,99,608,40,568,394,174
46,96,103,14,89,5,84,49,35
46,97,87,10,77,5,72,32,40
46,98,226,18,208,7,201,157,44
46,99,122,16,106,11,95,56,39
46,100,544,51,493,31,462,343,119
46,101,321,39,282,21,261,151,110
46,102,6698,1212,5486,285,5201,3354,1847
46,103,358,33,325,19,306,183,123
46,104,90,13,77,5,72,41,31
46,105,599,50,549,41,508,318,190
46,106,262,46,216,17,199,120,79
46,107,130,20,110,9,101,59,42
46,108,334,33,301,26,275,172,103
46,109,351,41,310,22,288,168,120
46,110,78,5,73,4,69,30,39
46,111,118,13,105,4,101,61,40
46,112,178,21,157,9,148,95,53
46,113,251,40,211,13,198,103,95
46,114,339,47,292,21,271,164,107
46,115,160,18,142,12,130,72,58
46,116,59,5,54,3,51,24,27
46,117,559,53,506,33,473,311,162
46,118,560,74,486,38,448,325,123
46,119,176,14,162,9,153,79,74
46,120,268,36,232,11,221,147,74
46,121,151,14,137,10,127,85,42
46,122,85,8,77,7,70,46,24
46,123,304,29,275,20,255,173,82
46,124,223,22,201,13,188,97,91
46,125,285,39,246,22,224,130,94
46,126,153,25,128,7,121,67,54
46,127,3460,504,2956,170,2786,1667,1119
46,128,2658,404,2254,141,2113,1272,841
46,129,228,18,210,17,193,113,80
46,130,195,23,172,19,153,78,75
46,131,163,26,137,5,132,87,45
46,132,389,52,337,28,309,193,116
46,133,195,33,162,15,147,107,40
46,134,194,27,167,10,157,117,40
46,135,52,14,38,2,36,16,20
46,136,205,32,173,4,169,118,51
46,137,923,102,821,53,768,430,338
46,138,521,58,463,23,440,219,221
46,139,184,15,169,11,158,117,41
46,140,234,27,207,17,190,116,74
46,141,93,8,85,6,79,63,16
46,142,128,20,108,9,99,63,36
46,143,960,148,812,53,759,494,265
46,144,250,18,232,15,217,123,94
46,145,632,64,568,35,533,309,224
46,146,103,14,89,6,83,47,36
46,147,112,15,97,5,92,61,31
46,148,1223,116,1107,64,1043,658,385
46,149,634,65,569,46,523,331,192
46,150,69,17,52,5,47,19,28
46,151,109,15,94,8,86,64,22
46,152,249,42,207,22,185,109,76
46,153,502,54,448,30,418,266,152
46,154,260,26,234,15,219,123,96
46,155,129,16,113,5,108,56,52
46,156,391,44,347,23,324,192,132
46,157,119,12,107,7,100,48,52
46,158,170,24,146,14,132,63,69
46,159,198,26,172,12,160,103,57
46,160,376,54,322,25,297,219,78
46,161,258,34,224,21,203,126,77
46,162,144,19,125,13,112,69,43
46,163,261,37,224,14,210,143,67
46,164,184,20,164,9,155,101,54
46,165,358,40,318,22,296,188,108
46,166,123,20,103,5,98,41,57
46,167,100,16,84,6,78,38,40
46,168,137,12,125,14,111,65,46
46,169,180,19,161,11,150,80,70
46,170,591,69,522,23,499,393,106
46,171,175,25,150,8,142,88,54
46,172,389,58,331,22,309,183,126
46,173,614,64,550,37,513,258,255
46,174,165,25,140,9,131,72,59
46,175,693,80,613,41,572,412,160
46,176,514,61,453,20,433,268,165
46,177,426,50,376,22,354,216,138
46,178,218,32,186,13,173,115,58
46,179,115,15,100,6,94,66,28
46,180,400,48,352,21,331,222,109
46,181,68,5,63,2,61,37,24
46,182,1198,170,1028,59,969,589,380
46,183,211,24,187,12,175,112,63
46,184,299,31,268,21,247,156,91
46,185,1314,144,1170,65,1105,651,454
46,186,256,21,235,15,220,148,72
46,187,362,54,308,23,285,171,114
46,188,225,18,207,22,185,125,60
46,189,385,45,340,19,321,209,112
46,190,115,13,102,2,100,67,33
46,191,734,105,629,35,594,382,212
46,192,258,27,231,9,222,123,99
46,193,339,37,302,22,280,150,130
46,194,183,17,166,13,153,78,75
46,195,315,33,282,12,270,161,109
46,196,104,9,95,4,91,65,26
46,197,833,100,733,45,688,434,254
46,198,80,10,70,5,65,37,28
46,199,287,29,258,28,230,119,111
46,200,281,28,253,11,242,141,101
46,201,909,122,787,31,756,412,344
46,202,368,34,334,13,321,189,132
46,203,187,26,161,19,142,87,55
46,204,318,38,280,15,265,144,121
46,205,232,24,208,10,198,107,91
46,206,84,5,79,6,73,40,33
46,207,193,26,167,7,160,83,77
46,208,282,36,246,12,234,149,85
46,209,151,11,140,11,129,84,45
46,210,55,4,51,3,48,29,19
46,211,261,34,227,11,216,166,50
46,212,85,14,71,5,66,39,27
46,213,157,19,138,8,130,79,51
46,214,350,35,315,15,300,164,136
46,215,540,82,458,26,432,254,178
46,216,564,84,480,37,443,297,146
46,217,356,29,327,23,304,181,123
46,218,104,10,94,8,86,54,32
46,219,298,48,250,11,239,156,83
46,220,618,54,564,32,532,333,199
46,221,385,50,335,23,312,190,122
46,222,140,14,126,7,119,77,42
46,223,158,19,139,7,132,95,37
46,224,2509,313,2196,112,2084,1432,652
46,225,1903,298,1605,119,1486,839,647
46,226,181,18,163,8,155,106,49
46,227,187,28,159,8,151,98,53
46,228,589,70,519,42,477,278,199
46,229,704,81,623,45,578,375,203
46,230,71,9,62,3,59,26,33
46,231,1606,269,1337,95,1242,710,532
46,232,451,61,390,21,369,218,151
46,233,105,13,92,3,89,65,24
46,234,93,22,71,13,58,38,20
46,235,142,15,127,11,116,75,41
46,236,114,17,97,6,91,47,44
46,237,257,25,232,14,218,134,84
46,238,251,21,230,12,218,147,71
46,239,188,27,161,16,145,98,47
46,240,499,47,452,29,423,172,251
46,241,143,13,130,4,126,87,39
46,242,162,21,141,7,134,89,45
46,243,169,31,138,8,130,83,47
46,244,92,8,84,6,78,48,30
46,245,84,9,75,7,68,38,30
46,246,62,6,56,4,52,28,24
46,247,137,7,130,11,119,83,36
46,248,96,9,87,3,84,43,41
46,249,121,15,106,5,101,61,40
46,250,74,7,67,3,64,36,28
46,251,2664,413,2251,106,2145,1325,820
46,252,199,25,174,7,167,104,63
46,253,194,17,177,7,170,101,69
46,254,147,8,139,11,128,77,51
46,255,298,46,252,13,239,120,119
46,256,220,22,198,15,183,119,64
46,257,103,12,91,5,86,54,32
46,258,116,13,103,10,93,64,29
46,259,147,13,134,11,123,93,30
46,260,160,18,142,7,135,72,63
46,261,44,6,38,0,38,20,18
46,262,229,34,195,14,181,101,80
46,263,169,22,147,5,142,69,73
46,264,153,29,124,5,119,77,42
46,265,296,50,246,23,223,130,93
46,266,342,39,303,23,280,171,109
46,267,442,54,388,25,363,269,94
46,268,355,45,310,22,288,187,101
46,269,70,13,57,7,50,27,23
46,270,209,24,185,11,174,101,73
46,271,340,42,298,20,278,166,112
46,272,196,36,160,15,145,93,52
46,273,776,65,711,39,672,398,274
46,274,171,27,144,12,132,87,45
46,275,113,13,100,2,98,72,26
46,276,173,19,154,9,145,95,50
46,277,161,21,140,5,135,69,66
46,278,92,15,77,2,75,51,24
46,279,188,16,172,13,159,83,76
46,280,151,12,139,8,131,95,36
46,281,170,20,150,6,144,88,56
46,282,75,7,68,5,63,36,27
46,283,272,39,233,16,217,154,63
46,284,305,29,276,21,255,161,94
46,285,171,18,153,5,148,100,48
46,286,176,18,158,9,149,103,46
46,287,451,59,392,38,354,216,138
46,288,176,20,156,15,141,86,55
46,289,106,8,98,5,93,61,32
46,290,296,29,267,21,246,144,102
46,291,48,9,39,2,37,20,17
46,292,132,22,110,7,103,67,36
46,293,416,49,367,23,344,241,103
46,294,133,15,118,7,111,76,35
46,295,156,11,145,14,131,77,54
46,296,445,40,405,22,383,237,146
46,297,901,160,741,61,680,414,266
46,298,476,64,412,22,390,230,160
46,299,117,12,105,6,99,71,28
46,300,100,15,85,3,82,41,41
46,301,391,45,346,14,332,223,109
46,302,133,18,115,6,109,74,35
46,303,133,15,118,10,108,65,43
46,304,126,15,111,4,107,51,56
46,305,256,39,217,19,198,100,98
46,306,75,9,66,2,64,42,22
46,307,491,69,422,28,394,246,148
46,308,90,15,75,6,69,34,35
46,309,2526,432,2094,126,1968,1126,842
46,310,101,8,93,4,89,47,42
46,311,705,86,619,34,585,393,192
46,312,229,25,204,10,194,135,59
46,313,288,37,251,18,233,158,75
46,314,187,15,172,14,158,112,46
46,315,166,24,142,8,134,85,49
46,316,258,32,226,14,212,147,65
46,317,400,41,359,21,338,205,133
46,318,202,27,175,9,166,109,57
46,319,135,17,118,4,114,74,40
46,320,273,32,241,12,229,129,100
46,321,278,41,237,13,224,139,85
46,322,608,52,556,28,528,342,186
46,323,81,11,70,4,66,31,35
46,324,194,29,165,5,160,110,50
46,325,99,9,90,10,80,43,37
46,326,116,20,96,12,84,40,44
46,327,358,40,318,26,292,209,83
46,328,283,34,249,23,226,132,94
46,329,189,23,166,15,151,84,67
46,330,951,147,804,58,746,445,301
46,331,343,49,294,18,276,150,126
46,332,269,36,233,11,222,129,93
46,333,160,15,145,12,133,82,51
46,334,1143,132,1011,58,953,562,391
46,335,342,30,312,25,287,178,109
46,336,287,32,255,21,234,150,84
46,337,226,36,190,11,179,106,73
46,338,83,13,70,7,63,40,23
46,339,278,22,256,18,238,171,67
46,340,267,32,235,13,222,137,85
47,1,18116,3318,14798,851,13947,7685,6262
47,2,100,9,91,7,84,37,47
47,3,327,35,292,25,267,140,127
47,4,2899,567,2332,142,2190,1126,1064
47,5,383,44,339,26,313,160,153
47,6,445,68,377,29,348,171,177
47,7,146,13,133,4,129,89,40
47,8,93,12,81,12,69,44,25
47,9,195,32,163,9,154,70,84
47,10,148,13,135,13,122,75,47
47,11,139,24,115,10,105,51,54
47,12,223,32,191,14,177,89,88
47,13,269,49,220,25,195,98,97
47,14,147,22,125,8,117,61,56
47,15,1537,201,1336,108,1228,610,618
47,16,799,84,715,64,651,307,344
47,17,264,36,228,26,202,77,125
47,18,142,15,127,7,120,47,73
47,19,797,120,677,59,618,356,262
47,20,126,11,115,7,108,55,53
47,21,1129,173,956,71,885,478,407
47,22,385,52,333,27,306,140,166
47,23,241,19,222,19,203,84,119
47,24,1086,128,958,57,901,430,471
47,25,413,61,352,26,326,183,143
47,26,214,36,178,12,166,108,58
47,27,2477,416,2061,140,1921,986,935
47,28,609,88,521,41,480,231,249
47,29,385,37,348,33,315,199,116
47,30,200,39,161,18,143,79,64
47,31,3936,594,3342,240,3102,1529,1573
47,32,4830,744,4086,268,3818,1987,1831
47,33,277,16,261,29,232,105,127
47,34,445,68,377,17,360,166,194
47,35,199,19,180,16,164,75,89
47,36,274,38,236,20,216,89,127
47,37,158,22,136,11,125,64,61
47,38,454,71,383,30,353,148,205
47,39,38,4,34,0,34,25,9
47,40,1405,137,1268,69,1199,586,613
47,41,602,93,509,35,474,180,294
47,42,132,17,115,6,109,48,61
47,43,924,157,767,58,709,325,384
47,44,232,25,207,23,184,109,75
47,45,387,46,341,39,302,156,146
47,46,417,58,359,33,326,197,129
47,47,119,11,108,5,103,52,51
47,48,886,98,788,37,751,361,390
47,49,1654,239,1415,84,1331,749,582
47,50,94,13,81,4,77,44,33
47,51,1668,201,1467,96,1371,711,660
47,52,3649,701,2948,188,2760,1461,1299
47,53,246,36,210,18,192,115,77
47,54,1199,186,1013,69,944,443,501
47,55,370,46,324,35,289,132,157
47,56,632,78,554,42,512,245,267
47,57,1011,151,860,46,814,383,431
47,58,163,30,133,10,123,75,48
47,59,166,18,148,9,139,70,69
47,60,729,89,640,56,584,281,303
47,61,454,57,397,28,369,186,183
47,62,313,37,276,14,262,131,131
47,63,124,18,106,7,99,46,53
47,64,211,25,186,14,172,87,85
47,65,1699,258,1441,118,1323,661,662
47,66,594,82,512,36,476,210,266
47,67,304,28,276,21,255,127,128
47,68,819,106,713,55,658,332,326
47,69,2145,285,1860,126,1734,780,954
47,70,674,73,601,41,560,330,230
47,71,181,20,161,16,145,59,86
47,72,90,6,84,9,75,36,39
47,73,176,25,151,10,141,76,65
47,74,291,33,258,18,240,129,111
47,75,655,71,584,37,547,258,289
47,76,245,32,213,9,204,108,96
47,77,744,97,647,54,593,311,282
47,78,935,171,764,51,713,371,342
47,79,331,50,281,20,261,125,136
47,80,117,10,107,5,102,61,41
47,81,509,58,451,48,403,196,207
47,82,194,21,173,19,154,75,79
47,83,62,4,58,3,55,23,32
47,84,192,22,170,16,154,80,74
47,85,256,44,212,12,200,97,103
47,86,910,131,779,53,726,333,393
47,87,139,22,117,13,104,68,36
47,88,434,60,374,30,344,153,191
47,89,122,14,108,4,104,54,50
47,90,296,31,265,29,236,91,145
47,91,1472,203,1269,90,1179,568,611
47,92,282,34,248,23,225,108,117
47,93,308,29,279,10,269,149,120
47,94,468,96,372,25,347,169,178
47,95,680,90,590,57,533,245,288
47,96,156,22,134,11,123,67,56
47,97,620,106,514,44,470,212,258
47,98,259,41,218,14,204,69,135
47,99,465,60,405,23,382,201,181
47,100,4099,575,3524,251,3273,1773,1500
47,101,1001,122,879,70,809,405,404
47,102,557,78,479,36,443,161,282
47,103,193,32,161,16,145,49,96
47,104,199,19,180,15,165,83,82
47,105,204,29,175,16,159,83,76
47,106,3795,634,3161,212,2949,1840,1109
47,107,263,22,241,23,218,126,92
47,108,215,25,190,10,180,88,92
47,109,215,24,191,13,178,79,99
47,110,1191,169,1022,96,926,364,562
47,111,440,79,361,14,347,176,171
47,112,365,50,315,29,286,166,120
47,113,107,10,97,2,95,39,56
47,114,281,16,265,12,253,137,116
47,115,229,22,207,17,190,107,83
47,117,589,79,510,40,470,222,248
47,118,124,9,115,16,99,38,61
47,119,480,83,397,20,377,230,147
47,120,87,8,79,5,74,38,36
47,121,230,24,206,14,192,116,76
47,122,143,19,124,13,111,45,66
47,123,369,44,325,15,310,222,88
47,124,159,27,132,10,122,63,59
47,125,251,24,227,15,212,96,116
47,126,71,6,65,3,62,29,33
47,127,555,67,488,27,461,211,250
47,128,892,166,726,55,671,290,381
47,129,213,39,174,11,163,75,88
47,130,263,25,238,20,218,112,106
47,131,530,49,481,51,430,206,224
47,132,118,6,112,6,106,43,63
47,133,383,57,326,26,300,149,151
47,134,348,36,312,21,291,141,150
47,135,310,53,257,10,247,154,93
47,136,102,11,91,4,87,46,41
47,137,1036,124,912,54,858,395,463
47,138,1174,141,1033,57,976,491,485
47,139,67,6,61,3,58,36,22
47,140,459,60,399,25,374,180,194
47,141,222,39,183,14,169,96,73
47,142,529,89,440,28,412,198,214
47,143,1700,270,1430,103,1327,725,602
47,144,441,49,392,38,354,159,195
47,145,2891,482,2409,170,2239,1131,1108
47,146,919,103,816,50,766,322,444
47,147,495,56,439,30,409,227,182
47,148,184,30,154,12,142,82,60
47,150,267,35,232,16,216,91,125
47,151,244,21,223,12,211,80,131
47,152,314,43,271,19,252,107,145
47,154,258,30,228,26,202,90,112
47,155,486,66,420,35,385,166,219
47,156,628,112,516,41,475,262,213
47,157,12863,2818,10045,667,9378,5005,4373
47,158,108,14,94,5,89,33,56
47,159,1059,141,918,61,857,484,373
47,160,139,16,123,9,114,70,44
47,161,90,6,84,2,82,37,45
47,162,163,16,147,9,138,45,93
47,163,419,56,363,23,340,149,191
47,164,102,8,94,8,86,28,58
47,165,981,111,870,63,807,438,369
47,167,1066,147,919,55,864,445,419
47,168,2274,368,1906,140,1766,976,790
47,169,902,96,806,59,747,353,394
47,170,504,71,433,29,404,181,223
47,171,305,33,272,14,258,148,110
47,172,447,66,381,29,352,178,174
47,173,631,84,547,33,514,276,238
47,174,642,101,541,46,495,224,271
47,175,1778,217,1561,99,1462,756,706
47,176,145,27,118,5,113,59,54
47,177,174,22,152,8,144,94,50
47,178,329,41,288,19,269,152,117
47,179,1603,278,1325,73,1252,769,483
47,180,502,64,438,36,402,218,184
47,181,219,33,186,18,168,77,91
47,182,213,20,193,10,183,75,108
47,183,162,21,141,12,129,60,69
47,184,189,28,161,23,138,84,54
47,185,2332,390,1942,99,1843,1127,716
47,186,566,93,473,36,437,192,245
47,187,207,20,187,25,162,65,97
47,188,224,28,196,18,178,94,84
47,189,117,15,102,7,95,36,59
47,190,418,42,376,26,350,164,186
47,191,566,88,478,54,424,217,207
47,192,62,7,55,3,52,16,36
47,193,167,26,141,10,131,52,79
47,194,226,43,183,17,166,79,87
47,195,5410,903,4507,313,4194,2219,1975
47,196,194,42,152,6,146,60,86
47,197,172,18,154,16,138,60,78
47,198,238,16,222,17,205,116,89
47,199,211,33,178,6,172,74,98
47,200,101,21,80,7,73,34,39
47,201,7210,1435,5775,422,5353,2800,2553
47,202,214,21,193,17,176,104,72
47,203,1791,302,1489,99,1390,721,669
47,204,223,22,201,15,186,100,86
47,205,186,13,173,9,164,102,62
47,206,377,50,327,26,301,137,164
47,207,181,22,159,15,144,88,56
47,208,134,12,122,10,112,60,52
47,209,3285,450,2835,208,2627,1325,1302
47,210,1130,205,925,64,861,449,412
47,211,192,20,172,12,160,68,92
47,212,202,21,181,25,156,90,66
47,213,777,87,690,49,641,312,329
47,214,567,80,487,27,460,201,259
47,215,2904,400,2504,147,2357,1150,1207
47,216,461,47,414,38,376,184,192
47,217,736,148,588,46,542,256,286
47,218,203,37,166,16,150,68,82
47,219,134,8,126,15,111,56,55
47,220,187,21,166,15,151,75,76
47,221,498,67,431,37,394,216,178
47,222,375,55,320,23,297,156,141
47,223,204,29,175,20,155,85,70
47,224,138,18,120,11,109,71,38
47,225,1404,192,1212,90,1122,551,571
47,226,443,47,396,42,354,178,176
47,227,138,17,121,9,112,55,57
47,228,493,61,432,35,397,215,182
47,229,131,10,121,9,112,38,74
47,230,338,39,299,21,278,130,148
47,231,129,7,122,6,116,66,50
47,232,376,48,328,22,306,158,148
47,233,2375,384,1991,153,1838,962,876
47,234,492,61,431,17,414,228,186
47,235,383,65,318,32,286,122,164
47,236,74,9,65,10,55,24,31
47,237,338,39,299,16,283,124,159
47,238,1267,156,1111,58,1053,511,542
47,239,664,109,555,47,508,232,276
47,240,241,32,209,18,191,113,78
47,241,479,61,418,27,391,234,157
47,242,451,65,386,28,358,182,176
47,244,273,41,232,19,213,108,105
47,245,60,4,56,8,48,29,19
47,246,1127,163,964,66,898,469,429
47,247,178,22,156,11,145,60,85
47,248,401,39,362,35,327,160,167
47,249,330,61,269,16,253,135,118
47,250,145,21,124,10,114,52,62
47,251,226,26,200,21,179,83,96
47,252,4374,866,3508,218,3290,1675,1615
47,253,421,41,380,21,359,195,164
47,254,257,26,231,20,211,136,75
47,255,123,11,112,6,106,44,62
47,256,100,13,87,15,72,34,38
47,257,341,43,298,29,269,128,141
47,258,266,38,228,16,212,84,128
47,259,98,4,94,5,89,39,50
47,260,338,24,314,23,291,126,165
47,262,294,64,230,24,206,100,106
47,263,475,88,387,28,359,169,190
47,264,969,145,824,62,762,411,351
47,265,293,37,256,14,242,129,113
47,266,175,30,145,5,140,72,68
47,267,202,30,172,11,161,68,93
47,269,691,93,598,45,553,243,310
47,271,208,20,188,19,169,82,87
47,272,140,19,121,11,110,60,50
47,273,157,26,131,12,119,68,51
47,274,331,55,276,22,254,130,124
47,275,156,26,130,9,121,57,64
47,276,230,36,194,9,185,79,106
47,277,236,21,215,18,197,100,97
47,278,261,44,217,19,198,86,112
47,279,260,36,224,12,212,109,103
47,280,1755,254,1501,105,1396,622,774
47,281,197,16,181,21,160,74,86
47,282,223,28,195,16,179,67,112
47,283,826,118,708,41,667,438,229
47,284,219,31,188,22,166,102,64
47,285,595,66,529,35,494,279,215
47,286,88,8,80,1,79,45,34
47,287,167,15,152,15,137,80,57
47,288,379,32,347,19,328,152,176
47,289,355,53,302,26,276,147,129
47,290,406,62,344,32,312,130,182
47,291,432,44,388,27,361,174,187
47,292,431,72,359,32,327,158,169
47,293,317,35,282,25,257,121,136
47,294,163,23,140,18,122,37,85
47,295,235,20,215,24,191,114,77
47,296,124,18,106,10,96,49,47
47,297,123,22,101,9,92,38,54
47,298,179,16,163,12,151,69,82
47,299,118,21,97,10,87,41,46
47,300,798,119,679,48,631,291,340
47,301,738,111,627,62,565,256,309
47,302,514,81,433,37,396,216,180
47,303,184,30,154,9,145,63,82
47,304,69,12,57,5,52,26,26
47,305,291,27,264,19,245,113,132
47,306,768,97,671,50,621,308,313
47,307,140,17,123,6,117,46,71
47,308,170,16,154,9,145,55,90
47,309,336,42,294,19,275,118,157
47,310,6584,1369,5215,421,4794,2659,2135
47,311,96,10,86,6,80,37,43
47,312,495,70,425,44,381,188,193
47,313,99,13,86,6,80,28,52
47,314,243,27,216,12,204,103,101
47,315,633,71,562,40,522,275,247
47,316,511,54,457,39,418,194,224
47,317,361,43,318,16,302,136,166
47,318,798,119,679,46,633,346,287
47,319,71,9,62,0,62,26,36
47,320,291,38,253,28,225,119,106
47,321,194,13,181,10,171,59,112
47,323,17102,3557,13545,831,12714,6608,6106
47,324,903,137,766,48,718,361,357
47,325,374,52,322,31,291,151,140
47,326,1412,184,1228,98,1130,563,567
47,327,346,41,305,21,284,151,133
47,328,423,41,382,32,350,198,152
48,1,163,24,139,9,130,39,91
48,2,445,49,396,25,371,179,192
48,3,227,21,206,13,193,123,70
48,4,223,51,172,9,163,62,101
48,5,248,22,226,15,211,70,141
48,7,57,6,51,8,43,6,37
48,8,179,30,149,13,136,57,79
48,9,901,131,770,55,715,212,503
48,10,275,30,245,33,212,91,121
48,12,302,38,264,21,243,84,159
48,13,757,92,665,43,622,319,303
48,14,202,33,169,23,146,55,91
48,15,190,26,164,11,153,103,50
48,16,408,51,357,27,330,200,130
48,17,676,71,605,51,554,315,239
48,18,491,48,443,25,418,242,176
48,19,227,26,201,10,191,123,68
48,20,64,6,58,1,57,42,15
48,21,172,33,139,13,126,59,67
48,22,246,49,197,17,180,137,43
48,23,88,10,78,2,76,26,50
48,25,388,50,338,20,318,146,172
48,26,226,38,188,9,179,88,91
48,27,281,33,248,22,226,102,124
48,28,159,34,125,10,115,43,72
48,29,137,15,122,9,113,48,65
48,30,311,37,274,19,255,142,113
48,31,98,12,86,8,78,12,66
48,32,196,13,183,22,161,62,99
48,33,116,10,106,6,100,58,42
48,34,1468,186,1282,92,1190,451,739
48,36,135,22,113,13,100,64,36
48,37,95,13,82,5,77,51,26
48,38,194,36,158,8,150,79,71
48,39,1067,131,936,72,864,464,400
48,40,172,29,143,8,135,73,62
48,41,95,13,82,12,70,20,50
48,42,569,51,518,28,490,220,270
48,43,338,55,283,20,263,98,165
48,44,98,15,83,6,77,23,54
48,45,214,31,183,13,170,64,106
48,46,84,13,71,0,71,34,37
48,47,245,26,219,25,194,76,118
48,48,72,11,61,5,56,26,30
48,49,761,80,681,45,636,320,316
48,50,147,20,127,7,120,76,44
48,51,568,90,478,31,447,292,155
48,53,205,34,171,13,158,69,89
48,54,48,4,44,2,42,24,18
48,55,108,15,93,7,86,50,36
48,56,240,33,207,14,193,101,92
48,57,159,4,155,17,138,50,88
48,58,158,22,136,19,117,30,87
48,59,213,12,201,15,186,48,138
48,60,167,20,147,14,133,28,105
48,61,1224,150,1074,62,1012,668,344
48,62,112,15,97,5,92,37,55
48,63,216,25,191,9,182,59,123
48,64,318,44,274,29,245,86,159
48,65,85,14,71,6,65,24,41
48,66,196,43,153,11,142,92,50
48,67,82,6,76,2,74,58,16
48,68,149,27,122,14,108,49,59
48,69,49,5,44,7,37,27,10
48,70,603,92,511,57,454,221,233
48,71,85,16,69,2,67,4,63
48,72,158,13,145,18,127,69,58
48,73,127,19,108,3,105,47,58
48,74,219,28,191,15,176,84,92
48,75,658,94,564,29,535,327,208
48,76,264,34,230,10,220,83,137
48,77,67,15,52,2,50,17,33
48,78,174,13,161,20,141,70,71
48,79,126,17,109,3,106,49,57
48,80,2328,451,1877,117,1760,921,839
48,81,250,26,224,13,211,115,96
48,82,106,10,96,7,89,49,40
48,83,164,27,137,11,126,40,86
48,84,83,14,69,5,64,44,20
48,85,118,22,96,6,90,26,64
48,86,232,30,202,17,185,69,116
48,87,123,17,106,4,102,30,72
48,88,152,17,135,9,126,46,80
48,89,415,29,386,40,346,122,224
48,90,646,89,557,46,511,191,320
48,91,57,4,53,7,46,17,29
48,92,3440,550,2890,193,2697,1368,1329
48,93,137,23,114,7,107,32,75
48,94,326,23,303,17,286,119,167
48,95,7589,1259,6330,376,5954,3353,2601
48,96,664,85,579,24,555,291,264
48,97,194,22,172,8,164,92,72
48,98,102,13,89,3,86,76,10
48,99,709,66,643,51,592,315,277
48,100,146,31,115,15,100,38,62
48,101,99,16,83,3,80,47,33
48,103,774,88,686,72,614,336,278
48,104,443,38,405,31,374,94,280
48,105,180,17,163,14,149,64,85
48,106,82,10,72,4,68,24,44
48,107,135,14,121,12,109,52,57
48,108,82,12,70,2,68,26,42
48,110,108,17,91,5,86,23,63
48,111,176,25,151,13,138,56,82
48,112,119,19,100,3,97,59,38
48,115,180,13,167,6,161,103,58
48,116,317,48,269,11,258,181,77
48,117,123,16,107,5,102,54,48
48,119,235,26,209,15,194,91,103
48,120,168,23,145,11,134,26,108
48,121,204,36,168,9,159,87,72
48,122,290,42,248,22,226,136,90
48,123,155,19,136,4,132,25,107
48,124,94,13,81,2,79,29,50
48,125,104,10,94,6,88,37,51
48,126,162,18,144,14,130,39,91
48,127,596,53,543,29,514,180,334
48,128,483,48,435,29,406,178,228
48,129,209,32,177,14,163,87,76
48,130,112,12,100,1,99,70,29
48,131,131,14,117,14,103,57,46
48,132,1221,227,994,48,946,429,517
48,133,130,15,115,11,104,47,57
48,134,95,12,83,4,79,67,12
48,135,150,14,136,5,131,72,59
48,136,113,16,97,10,87,62,25
48,137,430,58,372,25,347,191,156
48,138,68,14,54,2,52,26,26
48,139,119,13,106,8,98,56,42
48,140,2897,416,2481,148,2333,1109,1224
48,141,127,19,108,8,100,48,52
48,142,179,18,161,17,144,53,91
48,144,278,53,225,11,214,151,63
48,145,195,39,156,16,140,43,97
48,146,509,73,436,25,411,215,196
48,147,468,46,422,26,396,206,190
48,148,435,59,376,13,363,250,113
48,149,47,4,43,2,41,10,31
48,150,159,25,134,11,123,61,62
48,151,55,5,50,2,48,17,31
48,152,175,45,130,3,127,108,19
48,153,75,8,67,10,57,24,33
48,154,233,23,210,20,190,77,113
48,155,363,67,296,19,277,215,62
48,156,524,69,455,36,419,194,225
48,157,64,6,58,6,52,34,18
48,158,87,10,77,1,76,50,26
48,160,147,19,128,7,121,58,63
48,161,60,4,56,3,53,15,38
48,162,121,19,102,4,98,74,24
48,163,129,15,114,10,104,57,47
48,164,145,24,121,7,114,66,48
48,165,174,19,155,8,147,48,99
48,166,137,8,129,5,124,99,25
48,167,43,2,41,1,40,20,20
48,168,186,37,149,20,129,71,58
48,169,203,32,171,15,156,56,100
48,170,175,27,148,6,142,111,31
48,171,129,25,104,7,97,77,20
48,172,84,13,71,2,69,48,21
48,173,190,24,166,18,148,115,33
48,174,141,23,118,9,109,25,84
48,175,156,14,142,5,137,54,83
48,176,78,6,72,4,68,46,22
48,177,253,16,237,22,215,92,123
48,178,240,31,209,15,194,135,59
48,179,116,17,99,8,91,39,52
48,180,71,7,64,1,63,36,27
48,181,96,14,82,6,76,26,50
48,182,64,14,50,4,46,6,40
48,183,238,28,210,5,205,71,134
48,184,267,37,230,4,226,131,95
48,185,149,19,130,11,119,60,59
48,186,145,9,136,6,130,107,23
48,187,108,13,95,9,86,34,52
48,188,209,39,170,11,159,66,93
48,189,142,20,122,5,117,46,71
48,190,165,19,146,13,133,34,99
48,191,87,8,79,3,76,22,54
48,192,100,11,89,5,84,28,56
48,193,219,39,180,12,168,114,54
48,194,400,61,339,23,316,223,93
48,195,105,13,92,5,87,31,56
48,197,45,6,39,5,34,10,24
48,198,445,80,365,18,347,163,184
49,1,592,97,495,30,465,245,220
49,2,1985,342,1643,109,1534,604,930
49,3,623,90,533,30,503,195,308
49,4,1814,206,1608,89,1519,759,760
49,5,223,26,197,8,189,91,98
49,6,1523,221,1302,76,1226,490,736
49,7,87363,17452,69911,3409,66502,38059,28443
49,8,654,91,563,42,521,188,333
49,9,343,70,273,26,247,107,140
49,10,237,34,203,15,188,54,134
49,11,315,36,279,15,264,97,167
49,12,273,31,242,20,222,98,124
49,13,321,51,270,19,251,112,139
49,14,350,44,306,26,280,114,166
49,15,10243,1552,8691,372,8319,4244,4075
49,17,310,38,272,17,255,119,136
49,18,2596,459,2137,92,2045,955,1090
49,19,1161,224,937,57,880,440,440
49,20,3975,500,3475,158,3317,1845,1472
49,21,4462,770,3692,249,3443,1714,1729
49,22,1003,125,878,47,831,366,465
49,23,5326,948,4378,289,4089,1774,2315
49,24,297,35,262,25,237,80,157
49,25,178,17,161,13,148,86,62
49,26,1937,244,1693,104,1589,773,816
49,27,1331,150,1181,75,1106,445,661
49,28,120,16,104,6,98,58,40
49,29,878,109,769,31,738,385,353
49,30,668,98,570,41,529,222,307
49,31,425,49,376,19,357,171,186
49,32,903,90,813,47,766,447,319
49,33,312,45,267,24,243,132,111
49,34,588,58,530,36,494,198,296
49,35,5255,690,4565,242,4323,2136,2187
49,36,501,64,437,21,416,199,217
49,37,574,66,508,23,485,158,327
49,38,148,18,130,7,123,76,47
49,39,539,49,490,29,461,189,272
49,40,1149,180,969,70,899,420,479
49,41,1460,255,1205,87,1118,485,633
49,42,2560,299,2261,143,2118,1078,1040
49,43,625,70,555,29,526,295,231
49,44,238,30,208,14,194,85,109
49,45,366,78,288,18,270,100,170
49,46,929,171,758,52,706,343,363
49,47,338,50,288,18,270,94,176
49,48,2104,310,1794,93,1701,803,898
49,49,843,134,709,41,668,313,355
49,50,2112,300,1812,120,1692,846,846
49,51,444,60,384,28,356,161,195
49,52,220,42,178,13,165,76,89
49,53,231,36,195,17,178,81,97
49,54,1963,308,1655,98,1557,631,926
49,55,1655,192,1463,58,1405,744,661
49,56,161,16,145,13,132,46,86
49,57,234,38,196,20,176,82,94
49,58,539,84,455,32,423,163,260
49,59,334,45,289,26,263,100,163
49,60,967,133,834,45,789,352,437
49,61,608,84,524,14,510,167,343
49,62,117,16,101,5,96,50,46
49,63,4859,809,4050,226,3824,1909,1915
49,64,262,31,231,9,222,80,142
49,65,1404,219,1185,74,1111,427,684
49,66,720,100,620,39,581,227,354
49,67,195,31,164,5,159,60,99
49,68,1322,195,1127,96,1031,491,540
49,69,1768,243,1525,95,1430,689,741
49,70,516,72,444,29,415,176,239
49,71,820,101,719,64,655,271,384
49,72,885,111,774,49,725,225,500
49,73,95,13,82,7,75,31,44
49,74,513,57,456,21,435,167,268
49,75,990,151,839,75,764,356,408
49,76,433,50,383,38,345,173,172
49,77,411,39,372,29,343,142,201
49,78,570,93,477,32,445,236,209
49,79,43,2,41,1,40,13,27
49,80,2029,338,1691,93,1598,734,864
49,81,454,49,405,25,380,157,223
49,82,742,101,641,67,574,304,270
49,83,1048,135,913,64,849,287,562
49,84,244,32,212,11,201,108,93
49,85,597,71,526,40,486,172,314
49,86,779,118,661,43,618,267,351
49,87,85,14,71,3,68,27,41
49,88,617,92,525,26,499,226,273
49,89,704,77,627,25,602,225,377
49,90,655,93,562,34,528,260,268
49,91,535,66,469,35,434,210,224
49,92,5178,974,4204,233,3971,1708,2263
49,93,194,34,160,11,149,51,98
49,94,790,108,682,44,638,310,328
49,95,84,10,74,4,70,21,49
49,96,365,67,298,18,280,118,162
49,97,664,76,588,27,561,279,282
49,98,201,23,178,11,167,62,105
49,99,36315,6690,29625,1552,28073,15049,13024
49,100,339,66,273,15,258,86,172
49,101,693,107,586,46,540,244,296
49,102,220,29,191,10,181,42,139
49,103,2037,360,1677,85,1592,883,709
49,104,408,74,334,18,316,123,193
49,105,541,79,462,26,436,194,242
49,106,2164,278,1886,121,1765,855,910
49,107,323,34,289,25,264,136,128
49,108,692,101,591,36,555,238,317
49,109,1057,149,908,54,854,297,557
49,110,1196,164,1032,59,973,512,461
49,111,298,35,263,16,247,127,120
49,112,728,109,619,46,573,287,286
49,113,353,55,298,19,279,142,137
49,114,132,19,113,5,108,44,64
49,115,406,50,356,17,339,216,123
49,116,412,62,350,16,334,158,176
49,117,980,126,854,56,798,463,335
49,119,1083,149,934,66,868,296,572
49,120,1044,128,916,48,868,481,387
49,121,347,49,298,14,284,111,173
49,122,230,52,178,11,167,88,79
49,123,1169,191,978,55,923,388,535
49,125,5600,1101,4499,313,4186,1905,2281
49,126,1487,224,1263,85,1178,467,711
49,127,2506,429,2077,125,1952,934,1018
49,128,431,73,358,20,338,179,159
49,129,2975,341,2634,140,2494,1237,1257
49,130,486,75,411,29,382,189,193
49,131,465,77,388,34,354,151,203
49,132,993,127,866,53,813,351,462
49,133,463,51,412,16,396,156,240
49,134,1008,125,883,47,836,356,480
49,135,1594,251,1343,86,1257,585,672
49,136,243,25,218,12,206,74,132
49,137,1188,156,1032,53,979,342,637
49,138,689,102,587,48,539,264,275
49,139,359,54,305,15,290,177,113
49,140,850,139,711,39,672,315,357
49,141,210,28,182,11,171,67,104
49,142,158,18,140,11,129,68,61
49,143,529,69,460,40,420,201,219
49,144,846,144,702,61,641,206,435
49,145,1451,222,1229,97,1132,449,683
49,147,312,32,280,14,266,145,121
49,148,304,35,269,14,255,112,143
49,149,1430,191,1239,66,1173,578,595
49,150,249,32,217,13,204,111,93
49,151,1998,324,1674,112,1562,633,929
49,153,1528,176,1352,84,1268,423,845
49,154,385,41,344,16,328,171,157
49,155,971,92,879,26,853,378,475
49,156,188,27,161,7,154,50,104
49,157,266,32,234,12,222,109,113
49,158,340,42,298,28,270,100,170
49,159,395,58,337,13,324,137,187
49,160,1238,188,1050,59,991,489,502
49,161,240,47,193,17,176,90,86
49,162,2409,341,2068,131,1937,654,1283
49,163,1158,170,988,63,925,437,488
49,165,891,137,754,49,705,300,405
49,167,2186,333,1853,65,1788,824,964
49,169,951,118,833,49,784,294,490
49,170,651,78,573,38,535,291,244
49,171,91,10,81,2,79,44,35
49,172,1233,180,1053,89,964,365,599
49,173,210,22,188,5,183,75,108
49,174,524,91,433,34,399,208,191
49,175,77,13,64,3,61,32,29
49,176,3000,590,2410,127,2283,1034,1249
49,177,1876,245,1631,109,1522,696,826
49,178,625,83,542,21,521,163,358
49,179,1561,230,1331,80,1251,480,771
49,180,4922,902,4020,261,3759,1547,2212
49,181,324,55,269,17,252,120,132
49,182,535,66,469,13,456,162,294
49,183,1877,255,1622,112,1510,640,870
49,184,404,55,349,25,324,141,183
49,185,243,24,219,8,211,99,112
49,186,189,20,169,13,156,78,78
49,187,332,43,289,14,275,96,179
49,188,606,74,532,32,500,261,239
49,189,459,50,409,23,386,133,253
49,190,674,90,584,48,536,212,324
49,191,1368,232,1136,60,1076,487,589
49,192,2290,341,1949,124,1825,801,1024
49,193,2962,534,2428,181,2247,1107,1140
49,194,3501,490,3011,212,2799,1519,1280
49,195,772,93,679,44,635,308,327
49,196,1590,165,1425,70,1355,679,676
49,197,236,28,208,11,197,76,121
49,198,204,29,175,12,163,60,103
49,199,1217,149,1068,72,996,381,615
49,200,1406,179,1227,74,1153,586,567
49,201,1489,246,1243,56,1187,661,526
49,202,190,33,157,13,144,72,72
49,204,1070,122,948,73,875,364,511
49,205,670,81,589,44,545,203,342
49,206,1461,258,1203,80,1123,485,638
49,207,93,8,85,10,75,22,53
49,208,153,27,126,8,118,49,69
49,209,266,43,223,10,213,66,147
49,211,961,155,806,60,746,235,511
49,212,2195,302,1893,85,1808,865,943
49,213,134,13,121,9,112,41,71
49,214,5501,865,4636,282,4354,2442,1912
49,215,2874,579,2295,159,2136,1108,1028
49,216,341,33,308,16,292,143,149
49,217,464,50,414,31,383,202,181
49,218,919,138,781,41,740,384,356
49,219,345,45,300,9,291,118,173
49,220,1226,218,1008,51,957,335,622
49,221,684,145,539,41,498,236,262
49,222,1518,217,1301,79,1222,628,594
49,223,4130,601,3529,186,3343,1827,1516
49,224,667,77,590,40,550,232,318
49,225,614,93,521,24,497,146,351
49,226,331,49,282,18,264,89,175
49,227,463,49,414,14,400,206,194
49,228,1290,183,1107,63,1044,421,623
49,229,1387,223,1164,82,1082,716,366
49,230,201,28,173,20,153,58,95
49,231,1041,97,944,50,894,406,488
49,232,1037,160,877,47,830,246,584
49,233,958,187,771,41,730,373,357
49,234,613,150,463,30,433,194,239
49,235,346,41,305,24,281,136,145
49,236,105,13,92,5,87,42,45
49,237,124,10,114,8,106,50,56
49,238,1714,297,1417,88,1329,757,572
49,239,927,96,831,57,774,247,527
49,240,753,128,625,48,577,291,286
49,241,1751,238,1513,88,1425,740,685
49,242,884,114,770,37,733,363,370
49,243,788,90,698,43,655,191,464
49,244,2976,332,2644,199,2445,926,1519
49,245,198,25,173,3,170,60,110
49,246,9089,1550,7539,394,7145,3959,3186
49,247,1843,242,1601,97,1504,844,660
49,248,2300,376,1924,111,1813,801,1012
49,249,1217,171,1046,70,976,555,421
49,250,205,28,177,6,171,59,112
49,251,460,48,412,24,388,176,212
49,252,809,149,660,67,593,202,391
49,253,921,173,748,50,698,287,411
49,254,177,27,150,9,141,77,64
49,256,596,94,502,33,469,310,159
49,257,702,107,595,38,557,270,287
49,258,744,121,623,40,583,212,371
49,259,1656,216,1440,67,1373,717,656
49,260,1253,168,1085,87,998,447,551
49,261,1737,268,1469,86,1383,629,754
49,262,534,66,468,28,440,174,266
49,263,831,131,700,49,651,276,375
49,264,1934,278,1656,124,1532,718,814
49,265,885,82,803,57,746,386,360
49,266,708,71,637,36,601,298,303
49,267,6858,1061,5797,320,5477,3094,2383
49,268,553,72,481,39,442,155,287
49,269,2098,330,1768,108,1660,785,875
49,270,466,53,413,35,378,135,243
49,271,1363,144,1219,77,1142,547,595
49,272,795,120,675,42,633,343,290
49,273,1124,183,941,75,866,349,517
49,274,653,87,566,36,530,262,268
49,276,2179,321,1858,152,1706,819,887
49,277,1110,144,966,59,907,364,543
49,278,2832,384,2448,112,2336,1166,1170
49,279,517,77,440,20,420,225,195
49,280,294,38,256,16,240,128,112
49,281,1242,170,1072,60,1012,393,619
49,282,541,111,430,28,402,166,236
49,283,2370,292,2078,137,1941,989,952
49,284,1003,131,872,50,822,408,414
49,285,1997,340,1657,121,1536,706,830
49,288,171,25,146,9,137,96,41
49,289,1292,145,1147,66,1081,514,567
49,290,1365,155,1210,69,1141,659,482
49,291,275,52,223,16,207,92,115
49,292,1346,136,1210,82,1128,541,587
49,294,1840,220,1620,88,1532,727,805
49,295,1307,141,1166,100,1066,418,648
49,296,1456,191,1265,93,1172,486,686
49,297,579,70,509,36,473,176,297
49,298,1144,144,1000,52,948,498,450
49,299,2086,323,1763,107,1656,857,799
49,300,577,84,493,29,464,147,317
49,301,4827,696,4131,244,3887,1915,1972
49,302,301,64,237,15,222,108,114
49,303,545,49,496,44,452,235,217
49,304,805,120,685,58,627,274,353
49,305,555,80,475,29,446,207,239
49,306,1231,123,1108,66,1042,586,456
49,307,1754,221,1533,75,1458,700,758
49,308,1576,150,1426,86,1340,626,714
49,309,286,32,254,4,250,84,166
49,310,454,78,376,15,361,120,241
49,311,842,105,737,65,672,292,380
49,312,276,33,243,11,232,97,135
49,313,2477,370,2107,154,1953,880,1073
49,314,814,95,719,52,667,170,497
49,315,232,41,191,12,179,85,94
49,316,1084,121,963,83,880,325,555
49,317,739,97,642,27,615,351,264
49,318,979,69,910,57,853,482,371
49,319,216,34,182,7,175,71,104
49,320,601,76,525,46,479,186,293
49,321,289,38,251,20,231,134,97
49,322,156,19,137,7,130,72,58
49,323,3413,417,2996,191,2805,1338,1467
49,324,972,134,838,53,785,265,520
49,325,791,146,645,33,612,161,451
49,326,622,71,551,46,505,318,187
49,327,398,59,339,24,315,157,158
49,328,19300,3933,15367,884,14483,6620,7863
49,329,965,118,847,51,796,415,381
49,330,657,53,604,48,556,267,289
49,331,5066,1048,4018,236,3782,1830,1952
49,332,3082,423,2659,177,2482,1099,1383
49,333,1975,303,1672,87,1585,807,778
49,334,212,32,180,12,168,67,101
49,335,232,21,211,7,204,72,132
49,336,658,72,586,30,556,218,338
49,337,1973,291,1682,113,1569,895,674
49,338,988,102,886,41,845,471,374
49,339,1048,110,938,76,862,458,404
49,341,532,75,457,30,427,163,264
49,342,213,37,176,6,170,52,118
49,343,2416,374,2042,124,1918,827,1091
49,344,733,79,654,41,613,285,328
49,345,1421,233,1188,81,1107,494,613
49,346,363,43,320,17,303,149,154
49,347,3138,460,2678,166,2512,1121,1391
49,348,556,107,449,35,414,173,241
49,349,1260,168,1092,66,1026,399,627
49,350,1495,233,1262,72,1190,428,762
49,351,996,116,880,62,818,245,573
49,352,832,116,716,47,669,292,377
49,353,8548,1567,6981,403,6578,4476,2102
49,354,254,34,220,7,213,66,147
49,355,2183,316,1867,147,1720,805,915
49,356,287,34,253,14,239,57,182
49,358,423,73,350,19,331,139,192
49,359,394,50,344,25,319,105,214
49,360,1321,192,1129,85,1044,547,497
49,361,1408,265,1143,74,1069,420,649
49,362,924,120,804,46,758,303,455
49,363,1169,148,1021,55,966,498,468
49,364,890,150,740,69,671,282,389
49,365,626,102,524,39,485,196,289
49,366,235,37,198,15,183,65,118
49,367,1501,263,1238,56,1182,490,692
49,368,1252,239,1013,63,950,473,477
49,369,859,140,719,55,664,309,355
49,370,338,44,294,24,270,121,149
49,371,1172,142,1030,69,961,455,506
49,372,995,152,843,58,785,386,399
49,373,3125,479,2646,149,2497,1035,1462
49,374,1081,181,900,60,840,393,447
49,375,1754,267,1487,104,1383,656,727
49,376,464,68,396,34,362,177,185
49,377,2103,304,1799,110,1689,880,809
49,378,1603,239,1364,80,1284,503,781
49,380,202,43,159,9,150,76,74
49,381,1438,220,1218,64,1154,406,748
50,1,531,77,454,32,422,218,204
50,2,3453,541,2912,137,2775,1469,1306
50,3,2599,364,2235,80,2155,902,1253
50,4,376,56,320,18,302,141,161
50,5,230,48,182,10,172,54,118
50,6,119,9,110,5,105,56,49
50,7,172,23,149,14,135,51,84
50,8,359,44,315,32,283,135,148
50,9,190,31,159,17,142,72,70
50,10,60,10,50,1,49,9,40
50,12,214,39,175,10,165,77,88
50,13,328,56,272,13,259,80,179
50,14,212,35,177,10,167,82,85
50,15,501,73,428,23,405,175,230
50,16,171,29,142,6,136,74,62
50,18,415,65,350,16,334,151,183
50,19,321,52,269,19,250,126,124
50,20,235,30,205,10,195,113,82
50,21,59,14,45,3,42,12,30
50,22,95,19,76,4,72,22,50
50,23,500,87,413,27,386,197,189
50,24,128,13,115,6,109,53,56
50,25,5578,1260,4318,217,4101,2038,2063
50,26,74,10,64,0,64,31,33
50,27,711,99,612,47,565,242,323
50,28,82,18,64,7,57,33,24
50,29,922,147,775,52,723,314,409
50,30,493,101,392,13,379,140,239
50,31,1977,340,1637,74,1563,715,848
50,32,788,105,683,45,638,363,275
50,33,142,21,121,8,113,35,78
50,34,403,31,372,19,353,208,145
50,35,84,8,76,7,69,32,37
50,36,321,53,268,12,256,149,107
50,37,104,15,89,1,88,32,56
50,38,312,44,268,19,249,115,134
50,39,114,25,89,6,83,30,53
50,40,140,22,118,8,110,26,84
50,41,1001,163,838,40,798,438,360
50,42,330,60,270,12,258,67,191
50,43,115,20,95,8,87,38,49
50,44,218,34,184,5,179,65,114
50,45,407,47,360,14,346,170,176
50,46,297,49,248,12,236,113,123
50,48,396,68,328,24,304,103,201
50,49,512,96,416,30,386,184,202
50,50,88,7,81,7,74,21,53
50,51,46,6,40,0,40,9,31
50,52,125,10,115,4,111,30,81
50,54,128,19,109,12,97,44,53
50,55,76,7,69,6,63,22,41
50,56,346,53,293,25,268,134,134
50,57,404,45,359,28,331,225,106
50,58,1298,196,1102,64,1038,476,562
50,59,200,24,176,16,160,58,102
50,60,343,57,286,14,272,105,167
50,61,156,15,141,8,133,49,84
50,62,78,21,57,5,52,20,32
50,63,299,62,237,15,222,115,107
50,64,113,21,92,5,87,36,51
50,66,2009,285,1724,94,1630,699,931
50,69,223,34,189,8,181,75,106
50,70,47,2,45,1,44,19,25
50,71,142,17,125,10,115,28,87
50,72,163,17,146,14,132,64,68
50,73,104,8,96,13,83,41,42
50,74,1764,259,1505,100,1405,610,795
50,75,128,15,113,9,104,49,55
50,76,2600,403,2197,131,2066,1027,1039
50,77,980,171,809,41,768,427,341
50,78,339,49,290,7,283,127,156
50,79,310,48,262,13,249,113,136
50,80,255,38,217,8,209,94,115
50,81,694,80,614,37,577,249,328
50,82,3412,755,2657,156,2501,1360,1141
50,83,393,51,342,13,329,186,143
50,84,459,47,412,16,396,212,184
50,85,955,125,830,42,788,368,420
50,86,289,44,245,16,229,111,118
50,87,1717,286,1431,68,1363,697,666
50,88,135,20,115,5,110,58,52
50,89,123,17,106,3,103,34,69
50,90,433,54,379,23,356,104,252
50,92,544,73,471,42,429,196,233
50,93,312,51,261,14,247,120,127
50,94,287,39,248,18,230,98,132
50,95,785,115,670,34,636,302,334
50,96,169,25,144,12,132,58,74
50,97,103,14,89,6,83,39,44
50,98,439,58,381,30,351,170,181
50,99,4215,922,3293,158,3135,1688,1447
50,100,345,33,312,24,288,112,176
50,101,174,29,145,12,133,58,75
50,102,762,100,662,29,633,243,390
50,103,221,35,186,10,176,82,94
50,105,77,8,69,8,61,26,35
50,106,184,11,173,6,167,76,91
50,107,98,8,90,0,90,42,48
50,108,334,47,287,26,261,132,129
50,109,1561,368,1193,80,1113,489,624
50,110,620,90,530,47,483,217,266
50,111,729,119,610,44,566,265,301
50,112,337,55,282,16,266,107,159
50,114,89,4,85,5,80,34,46
50,115,171,24,147,5,142,68,74
50,116,146,13,133,11,122,50,72
50,117,303,45,258,13,245,97,148
50,118,217,34,183,10,173,54,119
50,119,147,23,124,7,117,59,58
50,120,241,23,218,11,207,108,99
50,121,175,30,145,5,140,42,98
50,123,522,83,439,24,415,200,215
50,124,111,23,88,2,86,21,65
50,125,69,13,56,4,52,13,39
50,126,117,19,98,7,91,46,45
50,127,535,81,454,23,431,253,178
50,128,217,38,179,14,165,80,85
50,129,23754,5397,18357,905,17452,10472,6980
50,130,317,55,262,16,246,91,155
50,131,238,35,203,20,183,70,113
50,132,197,25,172,8,164,67,97
50,133,166,17,149,10,139,49,90
50,134,70,14,56,7,49,18,31
50,135,161,21,140,10,130,63,67
50,136,150,20,130,5,125,80,45
50,137,461,67,394,28,366,143,223
50,138,368,61,307,18,289,152,137
50,139,2569,310,2259,141,2118,1056,1062
50,140,300,48,252,13,239,113,126
50,142,480,68,412,26,386,183,203
50,143,648,70,578,29,549,281,268
50,144,413,90,323,25,298,98,200
50,145,437,70,367,22,345,195,150
50,146,191,22,169,17,152,67,85
50,147,5914,1155,4759,225,4534,2594,1940
50,148,329,48,281,12,269,119,150
50,149,683,83,600,32,568,326,242
50,150,202,35,167,16,151,55,96
50,151,1686,244,1442,83,1359,686,673
50,152,213,44,169,6,163,53,110
50,153,195,39,156,9,147,76,71
50,154,362,41,321,30,291,126,165
50,155,194,18,176,17,159,69,90
50,156,55,8,47,3,44,18,26
50,158,277,50,227,10,217,72,145
50,159,475,86,389,23,366,160,206
50,160,499,85,414,27,387,176,211
50,161,403,77,326,21,305,138,167
50,162,1281,185,1096,55,1041,590,451
50,163,203,17,186,16,170,73,97
50,164,772,137,635,55,580,278,302
50,165,2968,624,2344,113,2231,1201,1030
50,166,229,40,189,9,180,74,106
50,167,576,55,521,23,498,213,285
50,168,1744,259,1485,103,1382,625,757
50,169,80,19,61,4,57,31,26
50,170,71,8,63,3,60,35,25
50,171,33,4,29,3,26,11,15
50,172,268,31,237,14,223,102,121
50,173,12785,2560,10225,549,9676,6429,3247
50,174,131,14,117,9,108,47,61
50,175,177,22,155,8,147,78,69
50,176,245,42,203,14,189,89,100
50,177,291,27,264,19,245,122,123
50,178,1147,182,965,46,919,532,387
50,179,34,3,31,4,27,7,20
50,180,265,33,232,20,212,99,113
50,181,253,46,207,14,193,89,104
50,182,235,29,206,9,197,97,100
50,183,220,33,187,13,174,66,108
50,184,1215,236,979,59,920,526,394
50,185,778,105,673,59,614,232,382
50,186,150,26,124,11,113,50,63
50,187,681,83,598,40,558,346,212
50,188,701,124,577,30,547,285,262
50,189,244,38,206,13,193,60,133
50,190,158,22,136,8,128,48,80
50,191,109,15,94,9,85,42,43
50,192,81,13,68,3,65,16,49
50,193,182,25,157,8,149,54,95
50,194,319,55,264,15,249,115,134
50,195,193,29,164,8,156,75,81
50,196,464,69,395,16,379,156,223
50,197,1143,178,965,64,901,350,551
50,198,347,56,291,13,278,110,168
50,199,407,54,353,19,334,118,216
50,200,673,104,569,27,542,237,305
50,202,545,68,477,36,441,225,216
50,203,4393,952,3441,211,3230,1963,1267
50,204,133,13,120,2,118,45,73
50,205,189,28,161,13,148,68,80
50,206,94,16,78,3,75,30,45
50,207,133,14,119,17,102,35,67
50,208,112,15,97,4,93,43,50
50,209,663,106,557,35,522,263,259
50,210,289,50,239,14,225,76,149
50,211,107,21,86,1,85,38,47
50,212,114,15,99,11,88,20,68
50,213,353,36,317,18,299,172,127
50,214,219,32,187,14,173,70,103
50,215,1657,227,1430,73,1357,619,738
50,216,554,99,455,34,421,217,204
50,217,424,48,376,28,348,168,180
50,218,9511,2000,7511,387,7124,3720,3404
50,219,542,64,478,34,444,233,211
50,220,602,73,529,29,500,309,191
50,221,47,4,43,5,38,12,26
50,222,583,95,488,36,452,230,222
50,223,95,16,79,7,72,27,45
50,224,767,116,651,63,588,252,336
50,225,83,16,67,6,61,24,37
50,227,264,58,206,9,197,106,91
50,228,879,150,729,46,683,277,406
50,229,89,8,81,6,75,20,55
50,230,655,71,584,33,551,306,245
50,231,646,127,519,25,494,207,287
50,232,298,40,258,21,237,115,122
50,233,103,16,87,4,83,36,47
50,234,58,11,47,2,45,16,29
50,235,199,29,170,8,162,82,80
50,236,1220,234,986,54,932,431,501
50,237,907,129,778,46,732,352,380
50,238,302,47,255,19,236,103,133
50,239,864,120,744,59,685,349,336
50,240,315,42,273,26,247,141,106
50,241,134,19,115,10,105,56,49
50,242,112,18,94,4,90,43,47
50,243,424,61,363,27,336,150,186
50,244,167,15,152,7,145,69,76
50,245,163,33,130,8,122,52,70
50,246,61,5,56,6,50,16,34
50,247,128,11,117,9,108,64,44
50,248,238,37,201,11,190,110,80
50,249,203,24,179,9,170,74,96
50,250,57,13,44,3,41,14,27
50,251,275,42,233,8,225,109,116
50,252,625,94,531,49,482,202,280
50,253,149,22,127,3,124,57,67
50,254,183,19,164,9,155,40,115
50,255,287,39,248,12,236,116,120
50,256,2358,236,2122,142,1980,804,1176
50,257,335,48,287,27,260,129,131
50,258,81,21,60,2,58,25,33
50,259,469,58,411,27,384,171,213
50,260,462,75,387,24,363,122,241
50,261,138,18,120,10,110,32,78
50,262,396,64,332,22,310,129,181
50,263,336,45,291,15,276,84,192
50,265,124,12,112,4,108,32,76
50,266,352,53,299,23,276,126,150
50,267,1434,261,1173,82,1091,465,626
50,268,210,39,171,5,166,70,96
50,269,153,24,129,8,121,61,60
50,270,306,38,268,18,250,119,131
50,271,51,13,38,2,36,11,25
50,272,837,135,702,38,664,302,362
50,273,392,63,329,27,302,140,162
50,274,719,109,610,40,570,182,388
50,275,117,13,104,8,96,30,66
50,276,442,75,367,19,348,178,170
50,277,555,98,457,22,435,217,218
50,278,171,27,144,15,129,60,69
50,279,429,71,358,20,338,144,194
50,280,252,45,207,24,183,80,103
50,281,684,105,579,44,535,247,288
50,282,170,24,146,12,134,50,84
50,283,49,5,44,0,44,19,25
50,284,77,12,65,1,64,27,37
50,285,207,34,173,18,155,73,82
50,287,397,62,335,23,312,156,156
50,288,1011,111,900,47,853,430,423
50,289,504,66,438,33,405,231,174
50,290,275,41,234,9,225,116,109
50,291,102,15,87,7,80,24,56
50,292,1663,273,1390,84,1306,628,678
50,293,242,28,214,12,202,55,147
50,294,889,131,758,38,720,384,336
50,295,107,13,94,8,86,38,48
50,296,220,18,202,5,197,117,80
50,297,826,112,714,45,669,382,287
50,298,501,72,429,25,404,215,189
50,299,154,23,131,7,124,41,83
50,300,136,24,112,6,106,39,67
50,301,129,19,110,9,101,53,48
50,302,223,22,201,5,196,95,101
50,304,120,19,101,7,94,40,54
50,305,504,80,424,27,397,239,158
50,308,219,37,182,7,175,87,88
50,310,108,22,86,8,78,38,40
50,311,195,22,173,11,162,69,93
50,312,108,12,96,1,95,32,63
50,313,102,13,89,8,81,29,52
50,315,213,39,174,9,165,53,112
50,316,168,10,158,9,149,73,76
50,317,176,43,133,8,125,57,68
50,318,154,26,128,7,121,47,74
50,319,287,28,259,19,240,143,97
50,320,123,14,109,4,105,34,71
50,321,419,40,379,20,359,178,181
50,323,164,32,132,14,118,41,77
50,324,79,13,66,6,60,21,39
50,325,171,34,137,5,132,75,57
50,326,208,28,180,5,175,57,118
50,327,116,12,104,9,95,43,52
50,328,493,83,410,28,382,149,233
50,329,242,32,210,4,206,62,144
50,330,182,44,138,7,131,46,85
50,332,577,99,478,39,439,177,262
50,333,240,32,208,6,202,125,77
50,334,201,29,172,21,151,57,94
50,335,376,57,319,29,290,138,152
50,336,152,20,132,12,120,48,72
50,337,303,61,242,14,228,75,153
50,338,383,147,236,17,219,79,140
50,339,254,35,219,12,207,102,105
50,340,135,15,120,7,113,53,60
50,341,1354,219,1135,53,1082,618,464
50,342,682,131,551,40,511,203,308
50,343,364,50,314,17,297,119,178
50,345,527,59,468,23,445,228,217
50,347,230,42,188,18,170,69,101
50,348,446,98,348,24,324,132,192
50,349,1113,163,950,54,896,468,428
50,350,389,73,316,21,295,121,174
50,351,65,11,54,1,53,28,25
50,352,207,44,163,11,152,82,70
50,353,102,16,86,3,83,8,75
50,354,262,34,228,18,210,96,114
50,355,270,28,242,14,228,98,130
50,356,658,125,533,26,507,282,225
50,357,70,7,63,5,58,22,36
50,358,198,28,170,10,160,66,94
50,359,1241,225,1016,53,963,451,512
50,360,200,24,176,11,165,62,103
50,361,130,11,119,10,109,45,64
50,362,236,26,210,6,204,69,135
50,363,747,95,652,38,614,233,381
50,364,493,91,402,26,376,162,214
50,365,317,37,280,20,260,130,130
50,368,63,10,53,2,51,24,27
50,369,594,90,504,36,468,237,231
50,370,427,59,368,29,339,197,142
50,371,345,28,317,17,300,142,158
50,372,119,19,100,2,98,46,52
50,373,76,11,65,1,64,30,34
50,374,31,7,24,1,23,8,15
50,375,147,15,132,3,129,63,66
50,376,337,39,298,17,281,141,140
50,378,464,88,376,31,345,158,187
50,379,92,7,85,3,82,31,51
50,380,127,19,108,7,101,44,57
50,381,505,68,437,33,404,158,246
50,382,380,47,333,16,317,206,111
50,384,158,23,135,13,122,42,80
50,385,135,15,120,2,118,61,57
50,386,416,63,353,10,343,210,133
50,387,266,44,222,8,214,91,123
50,388,751,115,636,41,595,326,269
50,389,348,61,287,26,261,119,142
50,390,125,19,106,8,98,40,58
50,391,1547,228,1319,99,1220,527,693
50,393,1613,237,1376,108,1268,458,810
50,394,1729,345,1384,74,1310,553,757
50,395,197,36,161,7,154,43,111
50,396,141,31,110,8,102,48,54
50,397,159,16,143,17,126,64,62
50,398,133,17,116,5,111,41,70
50,399,155,29,126,10,116,56,60
50,400,1224,221,1003,60,943,434,509
50,401,538,95,443,23,420,215,205
50,402,2523,418,2105,131,1974,1119,855
50,403,1330,241,1089,46,1043,469,574
50,404,157,21,136,11,125,47,78
50,405,192,34,158,8,150,58,92
50,406,295,34,261,16,245,107,138
50,407,663,84,579,37,542,233,309
50,408,370,67,303,15,288,139,149
50,409,1379,203,1176,68,1108,582,526
50,410,2865,424,2441,145,2296,1066,1230
50,411,457,58,399,19,380,163,217
50,412,1341,200,1141,67,1074,479,595
50,413,364,76,288,24,264,141,123
50,414,377,56,321,10,311,152,159
50,415,214,32,182,7,175,90,85
50,416,3590,652,2938,168,2770,1652,1118
50,417,1259,217,1042,58,984,398,586
50,418,549,90,459,37,422,215,207
50,419,1049,143,906,71,835,373,462
50,420,664,114,550,32,518,257,261
50,421,261,58,203,9,194,64,130
50,422,150,26,124,7,117,47,70
50,423,187,16,171,9,162,83,79
50,425,855,117,738,39,699,365,334
50,426,323,51,272,29,243,96,147
50,427,248,33,215,12,203,66,137
50,428,407,102,305,17,288,100,188
50,429,713,87,626,37,589,332,257
50,430,25,3,22,0,22,13,9
50,431,485,98,387,23,364,169,195
50,432,110,16,94,3,91,42,49
50,433,968,176,792,34,758,258,500
50,434,260,39,221,9,212,90,122
50,435,477,65,412,32,380,215,165
50,436,858,109,749,55,694,277,417
50,437,620,110,510,34,476,175,301
50,438,287,36,251,9,242,102,140
50,440,249,29,220,24,196,76,120
50,441,237,38,199,14,185,96,89
50,442,216,23,193,19,174,100,74
50,443,427,58,369,18,351,142,209
50,444,1715,204,1511,103,1408,690,718
50,445,230,41,189,13,176,90,86
50,446,412,57,355,9,346,149,197
50,447,324,42,282,23,259,123,136
50,448,519,71,448,33,415,180,235
50,449,176,27,149,10,139,75,64
50,450,276,32,244,25,219,96,123
50,451,105,20,85,10,75,39,36
50,452,508,74,434,17,417,143,274
50,453,678,70,608,35,573,226,347
50,454,301,49,252,19,233,125,108
50,455,632,83,549,31,518,230,288
50,456,424,67,357,24,333,125,208
50,457,138,20,118,10,108,49,59
50,458,417,71,346,20,326,123,203
50,460,581,79,502,23,479,245,234
50,461,165,23,142,11,131,73,58
50,462,327,54,273,24,249,83,166
50,463,397,60,337,20,317,109,208
50,464,438,62,376,26,350,157,193
50,465,548,62,486,37,449,255,194
50,467,372,53,319,22,297,170,127
50,468,545,102,443,28,415,180,235
50,469,241,39,202,13,189,49,140
50,470,326,54,272,16,256,132,124
50,471,248,21,227,13,214,108,106
50,472,171,18,153,9,144,87,57
50,473,337,63,274,18,256,128,128
50,474,407,54,353,18,335,116,219
50,475,778,111,667,34,633,335,298
50,476,163,20,143,10,133,65,68
50,477,301,41,260,13,247,122,125
50,478,300,38,262,12,250,141,109
50,479,103,15,88,3,85,21,64
50,480,594,103,491,25,466,231,235
50,481,841,153,688,37,651,289,362
50,482,163,28,135,8,127,41,86
50,483,667,61,606,28,578,306,272
50,484,2955,442,2513,123,2390,944,1446
50,485,1057,145,912,40,872,446,426
50,486,385,60,325,19,306,144,162
50,487,1916,295,1621,92,1529,701,828
50,488,461,64,397,23,374,200,174
50,489,420,46,374,27,347,193,154
50,490,293,40,253,12,241,94,147
50,491,274,45,229,12,217,114,103
50,492,937,123,814,65,749,339,410
50,493,964,124,840,60,780,329,451
50,494,203,20,183,18,165,51,114
50,495,58,9,49,4,45,14,31
50,496,386,51,335,8,327,146,181
50,497,314,53,261,15,246,96,150
50,498,615,72,543,38,505,256,249
50,499,398,49,349,25,324,102,222
50,500,450,68,382,27,355,120,235
50,502,13587,2899,10688,555,10133,6000,4133
50,503,440,77,363,30,333,174,159
50,504,150,21,129,18,111,37,74
50,505,539,59,480,34,446,251,195
50,506,306,34,272,23,249,128,121
50,507,297,38,259,12,247,109,138
50,508,49,7,42,3,39,14,25
50,509,561,102,459,18,441,170,271
50,510,399,61,338,20,318,157,161
50,511,102,21,81,8,73,26,47
50,512,416,44,372,22,350,173,177
50,513,171,29,142,8,134,73,61
50,514,203,23,180,12,168,69,99
50,515,924,136,788,46,742,262,480
50,516,2012,275,1737,100,1637,862,775
50,517,158,26,132,7,125,48,77
50,518,236,29,207,17,190,68,122
50,519,298,55,243,21,222,106,116
50,520,112,17,95,2,93,51,42
50,521,101,15,86,3,83,39,44
50,522,247,44,203,14,189,93,96
50,523,1136,166,970,61,909,398,511
50,524,156,25,131,7,124,62,62
50,525,247,38,209,11,198,101,97
50,528,223,28,195,20,175,104,71
50,529,63,14,49,0,49,17,32
50,531,562,74,488,43,445,186,259
50,532,3295,409,2886,103,2783,1344,1439
50,533,127,23,104,3,101,41,60
50,534,299,32,267,26,241,106,135
50,535,228,34,194,20,174,78,96
50,536,126,16,110,3,107,51,56
50,537,311,34,277,16,261,134,127
50,538,350,54,296,18,278,150,128
50,539,1270,233,1037,44,993,506,487
50,540,413,73,340,11,329,138,191
50,541,979,106,873,66,807,450,357
50,542,394,65,329,18,311,103,208
50,543,998,151,847,74,773,360,413
50,544,199,16,183,10,173,96,77
50,545,524,77,447,23,424,182,242
50,546,624,68,556,41,515,254,261
50,548,103,10,93,5,88,23,65
50,549,280,48,232,18,214,76,138
50,550,1218,202,1016,59,957,515,442
50,551,1652,296,1356,79,1277,655,622
50,552,251,43,208,21,187,70,117
50,553,247,42,205,6,199,103,96
50,554,1064,144,920,53,867,415,452
50,556,484,62,422,25,397,249,148
50,557,104,21,83,11,72,29,43
50,558,676,63,613,37,576,284,292
50,562,1715,389,1326,64,1262,558,704
50,563,196,27,169,15,154,60,94
50,564,615,110,505,26,479,195,284
50,565,1124,202,922,76,846,393,453
50,567,762,114,648,37,611,352,259
50,568,404,57,347,13,334,185,149
50,569,288,34,254,20,234,120,114
50,570,362,64,298,19,279,82,197
50,571,28,1,27,0,27,8,19
50,572,162,32,130,18,112,46,66
50,573,152,22,130,11,119,65,54
50,574,216,50,166,20,146,69,77
50,575,421,53,368,14,354,189,165
50,576,826,137,689,33,656,391,265
50,577,232,50,182,7,175,76,99
50,578,85,4,81,2,79,30,49
50,579,940,119,821,48,773,453,320
50,580,320,40,280,15,265,140,125
50,581,335,33,302,16,286,142,144
50,582,2201,360,1841,117,1724,717,1007
50,583,139,27,112,6,106,44,62
50,584,270,37,233,14,219,101,118
50,585,969,161,808,51,757,351,406
50,586,166,27,139,11,128,60,68
50,587,22,0,22,0,22,10,12
50,588,506,72,434,26,408,185,223
50,589,232,15,217,31,186,85,101
50,590,276,36,240,20,220,124,96
50,591,999,176,823,59,764,227,537
50,592,1142,193,949,46,903,362,541
50,593,495,94,401,17,384,178,206
50,594,686,96,590,42,548,288,260
50,595,489,70,419,27,392,200,192
50,596,230,20,210,12,198,88,110
50,597,605,85,520,37,483,199,284
50,598,239,43,196,20,176,78,98
50,599,923,103,820,55,765,447,318
50,600,535,75,460,23,437,283,154
50,601,1705,347,1358,83,1275,593,682
50,602,12350,2278,10072,545,9527,6072,3455
50,603,633,92,541,23,518,279,239
50,604,577,115,462,29,433,228,205
50,605,504,97,407,34,373,150,223
50,606,439,92,347,27,320,132,188
50,607,274,47,227,7,220,95,125
50,608,236,34,202,15,187,84,103
50,609,111,7,104,7,97,42,55
50,610,152,20,132,4,128,56,72
50,611,1774,213,1561,74,1487,898,589
50,612,596,66,530,29,501,254,247
50,613,309,63,246,9,237,98,139
50,614,116,27,89,9,80,36,44
50,615,5206,908,4298,254,4044,2083,1961
50,616,1510,153,1357,86,1271,669,602
50,617,258,46,212,14,198,99,99
50,618,249,49,200,12,188,83,105
50,619,240,44,196,13,183,68,115
50,620,796,121,675,48,627,343,284
50,621,72,8,64,1,63,26,37
50,622,268,35,233,20,213,112,101
50,623,317,41,276,14,262,156,106
50,624,341,36,305,23,282,121,161
50,625,404,81,323,23,300,121,179
50,626,268,40,228,22,206,85,121
50,627,194,47,147,13,134,54,80
50,628,139,23,116,8,108,55,53
50,629,514,96,418,33,385,150,235
50,630,295,37,258,13,245,76,169
50,631,307,46,261,21,240,108,132
50,633,100,13,87,1,86,17,69
50,634,64,14,50,0,50,24,26
50,635,107,12,95,3,92,47,45
50,636,36,3,33,1,32,9,23
50,637,240,35,205,10,195,64,131
50,638,147,28,119,7,112,36,76
50,639,2834,579,2255,148,2107,966,1141
50,640,149,21,128,12,116,54,62
50,641,452,59,393,23,370,198,172
50,642,239,35,204,9,195,101,94
50,643,655,80,575,26,549,302,247
50,644,784,102,682,61,621,251,370
50,646,448,86,362,30,332,131,201
50,647,829,98,731,41,690,351,339
50,648,872,93,779,40,739,373,366
51,1,130,20,110,7,103,52,51
51,2,1128,197,931,63,868,367,501
51,3,188,23,165,6,159,64,95
51,4,91,9,82,1,81,7,74
51,5,120,12,108,2,106,33,73
51,6,137,18,119,12,107,53,54
51,7,706,137,569,32,537,170,367
51,8,176,18,158,19,139,42,97
51,9,653,114,539,47,492,232,260
51,10,114,14,100,9,91,37,54
51,12,52,9,43,0,43,9,34
51,13,80,12,68,5,63,14,49
51,14,263,48,215,6,209,66,143
51,15,80,7,73,7,66,13,53
51,16,249,58,191,17,174,79,95
51,17,277,39,238,21,217,78,139
51,18,526,76,450,47,403,166,237
51,19,165,13,152,7,145,37,108
51,20,36,3,33,3,30,10,20
51,22,122,20,102,8,94,29,65
51,23,178,12,166,8,158,60,98
51,25,641,93,548,42,506,203,303
51,27,194,29,165,16,149,36,113
51,28,749,153,596,42,554,230,324
51,29,1193,234,959,60,899,341,558
51,30,2685,519,2166,160,2006,1118,888
51,31,215,38,177,20,157,43,114
51,32,358,49,309,27,282,125,157
51,33,200,40,160,16,144,75,69
51,34,27,0,27,8,19,4,15
51,35,203,24,179,15,164,34,130
51,36,389,74,315,15,300,109,191
51,37,215,29,186,23,163,65,98
51,38,138,19,119,5,114,21,93
51,39,105,14,91,9,82,20,62
51,40,259,50,209,15,194,65,129
51,41,102,9,93,6,87,20,67
51,42,356,76,280,19,261,93,168
51,43,1549,349,1200,93,1107,549,558
51,44,559,70,489,40,449,190,259
51,45,93,11,82,7,75,27,48
51,46,737,119,618,39,579,224,355
51,47,48,13,35,2,33,19,14
51,48,147,29,118,7,111,49,62
51,49,501,104,397,19,378,124,254
51,50,126,19,107,11,96,15,81
51,51,123,20,103,6,97,34,63
51,52,381,55,326,17,309,112,197
51,53,63,10,53,0,53,6,47
51,54,801,143,658,56,602,282,320
51,55,5238,1048,4190,284,3906,1838,2068
51,56,260,35,225,13,212,58,154
51,57,73,10,63,3,60,23,37
51,58,1151,145,1006,35,971,356,615
51,59,325,50,275,22,253,104,149
51,60,143,19,124,11,113,42,71
51,61,96,5,91,5,86,8,78
51,62,99,27,72,3,69,31,38
51,63,138,25,113,6,107,36,71
51,64,473,74,399,30,369,168,201
51,65,474,68,406,34,372,100,272
51,66,283,37,246,26,220,102,118
51,68,161,49,112,11,101,36,65
51,69,98,11,87,1,86,38,48
51,70,191,49,142,12,130,50,80
51,71,150,16,134,9,125,46,79
51,72,141,15,126,2,124,33,91
51,73,139,9,130,9,121,58,63
51,74,1145,178,967,66,901,406,495
51,75,740,107,633,45,588,242,346
51,76,383,69,314,24,290,93,197
51,77,161,22,139,4,135,58,77
51,78,376,78,298,22,276,103,173
51,79,745,125,620,33,587,178,409
51,80,131,19,112,11,101,35,66
51,81,216,31,185,10,175,77,98
51,82,78,7,71,12,59,28,31
51,83,73,7,66,4,62,19,43
51,84,89,13,76,3,73,26,47
51,85,289,46,243,16,227,64,163
51,86,207,24,183,15,168,56,112
51,87,184,29,155,16,139,65,74
51,88,372,52,320,19,301,96,205
51,89,87,11,76,3,73,17,56
51,90,184,26,158,7,151,58,93
51,91,108,19,89,6,83,24,59
51,92,296,73,223,15,208,65,143
51,93,351,60,291,15,276,92,184
51,94,176,50,126,10,116,39,77
51,95,76,13,63,5,58,30,28
51,97,153,27,126,18,108,21,87
51,98,106,19,87,8,79,20,59
51,99,233,67,166,12,154,49,105
51,100,71,13,58,6,52,21,31
51,101,509,55,454,27,427,162,265
51,102,334,33,301,7,294,98,196
51,103,155,25,130,7,123,39,84
51,104,118,22,96,3,93,32,61
51,105,990,135,855,37,818,233,585
51,106,110,14,96,10,86,30,56
51,107,225,41,184,15,169,68,101
51,108,27425,7308,20117,1182,18935,9871,9064
51,109,137,26,111,8,103,27,76
51,110,79,18,61,9,52,17,35
51,111,107,16,91,8,83,30,53
51,112,316,35,281,6,275,49,226
51,113,115,31,84,12,72,16,56
51,115,448,69,379,20,359,123,236
51,116,208,48,160,19,141,45,96
51,117,244,25,219,12,207,58,149
51,118,986,175,811,49,762,311,451
51,119,417,41,376,20,356,126,230
51,120,121,18,103,7,96,32,64
51,121,162,19,143,12,131,66,65
51,122,117,14,103,17,86,31,55
51,124,56,1,55,3,52,9,43
51,125,43,7,36,4,32,2,30
51,126,58,12,46,0,46,5,41
51,127,88,16,72,8,64,21,43
51,128,44,0,44,9,35,2,33
51,129,187,34,153,10,143,37,106
51,130,191,31,160,10,150,56,94
51,132,122,29,93,13,80,19,61
51,133,63,11,52,5,47,21,26
51,134,209,39,170,10,160,52,108
51,135,71,13,58,3,55,15,40
51,136,550,107,443,16,427,107,320
51,137,167,18,149,7,142,37,105
51,138,35,7,28,0,28,5,23
51,139,280,40,240,28,212,82,130
51,140,275,43,232,16,216,77,139
51,141,508,82,426,30,396,159,237
51,142,310,38,272,15,257,76,181
51,143,55,10,45,5,40,17,23
51,144,489,80,409,32,377,154,223
51,145,220,20,200,5,195,73,122
51,146,87,12,75,5,70,22,48
51,147,258,26,232,12,220,86,134
51,148,150,33,117,7,110,23,87
51,149,336,43,293,18,275,93,182
51,150,78,9,69,4,65,29,36
51,151,142,30,112,9,103,45,58
51,152,443,64,379,15,364,67,297
51,153,810,126,684,21,663,203,460
51,154,175,21,154,11,143,37,106
51,155,430,54,376,31,345,131,214
51,156,122,26,96,8,88,34,54
51,157,87,21,66,8,58,15,43
51,158,444,73,371,41,330,116,214
51,160,968,152,816,49,767,395,372
51,161,531,93,438,32,406,148,258
51,162,502,104,398,36,362,147,215
51,163,195,30,165,15,150,48,102
51,164,117,19,98,13,85,26,59
51,165,744,120,624,36,588,269,319
51,166,52,5,47,5,42,13,29
51,167,140,21,119,11,108,27,81
51,168,190,28,162,3,159,71,88
51,169,83,13,70,4,66,11,55
51,170,73,6,67,4,63,18,45
51,171,995,142,853,45,808,302,506
51,172,5172,915,4257,276,3981,2021,1960
51,173,101,11,90,8,82,18,64
51,174,47,3,44,6,38,11,27
51,175,142,19,123,6,117,44,73
51,176,116,28,88,9,79,23,56
51,177,175,33,142,11,131,27,104
51,178,63,14,49,6,43,14,29
51,179,137,12,125,11,114,30,84
51,181,249,31,218,9,209,73,136
51,182,84,17,67,1,66,20,46
51,183,806,135,671,50,621,255,366
51,184,351,39,312,21,291,136,155
51,185,207,27,180,16,164,68,96
51,186,56,11,45,1,44,10,34
51,187,192,36,156,5,151,76,75
51,188,161,20,141,6,135,43,92
51,190,46,1,45,1,44,21,23
51,191,56,11,45,4,41,17,24
51,192,288,58,230,11,219,94,125
51,193,1992,267,1725,88,1637,636,1001
51,194,346,55,291,12,279,137,142
51,195,727,141,586,60,526,216,310
51,196,739,130,609,44,565,166,399
51,197,69,18,51,5,46,5,41
51,198,469,95,374,33,341,119,222
51,199,337,82,255,17,238,63,175
51,200,311,37,274,16,258,83,175
51,201,112,15,97,6,91,27,64
51,202,684,125,559,30,529,209,320
51,203,177,23,154,10,144,50,94
51,204,1102,175,927,63,864,310,554
51,205,238,35,203,16,187,69,118
51,206,86,7,79,7,72,28,44
51,208,81,5,76,8,68,18,50
51,210,1298,180,1118,75,1043,497,546
51,211,61,16,45,4,41,10,31
51,212,139,28,111,10,101,27,74
51,213,54,9,45,10,35,10,25
51,214,109,12,97,10,87,19,68
51,215,105,11,94,3,91,26,65
51,216,165,30,135,5,130,28,102
51,217,2210,502,1708,129,1579,587,992
51,218,110,16,94,11,83,31,52
51,219,159,24,135,10,125,74,51
51,220,115,12,103,12,91,36,55
51,222,73,11,62,3,59,26,33
51,223,49,6,43,4,39,13,26
51,224,144,24,120,10,110,36,74
51,225,287,33,254,3,251,55,196
51,226,64,6,58,6,52,20,32
51,227,339,45,294,18,276,139,137
51,228,87,14,73,6,67,22,45
51,229,87,9,78,4,74,17,57
51,230,15291,4311,10980,786,10194,5343,4851
51,231,453,49,404,30,374,131,243
51,232,319,62,257,18,239,102,137
51,233,80,6,74,12,62,24,38
51,234,458,87,371,24,347,161,186
51,235,196,31,165,16,149,45,104
51,236,121,18,103,4,99,25,74
51,237,1252,238,1014,60,954,360,594
51,238,242,36,206,12,194,74,120
51,239,92,14,78,8,70,33,37
51,240,123,26,97,6,91,32,59
51,241,76,10,66,13,53,19,34
51,242,3914,790,3124,195,2929,1582,1347
51,243,245,40,205,16,189,94,95
51,244,222,42,180,10,170,63,107
51,245,398,66,332,15,317,93,224
51,246,150,12,138,27,111,35,76
51,247,152,20,132,8,124,31,93
51,248,1555,358,1197,115,1082,435,647
51,249,347,58,289,29,260,73,187
51,250,3799,864,2935,243,2692,1406,1286
51,251,150,21,129,8,121,27,94
51,252,390,62,328,19,309,59,250
51,253,200,27,173,18,155,86,69
51,254,210,36,174,11,163,54,109
51,255,21,6,15,0,15,6,9
51,256,253,55,198,25,173,66,107
51,258,199,35,164,19,145,59,86
51,259,155,23,132,6,126,32,94
51,260,55,6,49,2,47,16,31
51,261,340,39,301,19,282,100,182
51,262,1448,264,1184,79,1105,499,606
51,263,259,65,194,24,170,56,114
51,264,390,53,337,20,317,105,212
51,265,424,99,325,21,304,117,187
51,266,384,53,331,25,306,145,161
51,267,188,51,137,14,123,40,83
51,268,110,16,94,5,89,16,73
51,269,254,44,210,15,195,67,128
51,270,187,36,151,21,130,39,91
51,271,121,19,102,10,92,38,54
51,272,305,68,237,15,222,97,125
51,273,66,4,62,4,58,22,36
51,274,96,11,85,2,83,26,57
51,275,133,18,115,4,111,38,73
51,276,136,16,120,6,114,30,84
51,277,235,42,193,16,177,69,108
51,278,206,33,173,8,165,59,106
51,279,111,23,88,8,80,33,47
51,280,32,5,27,0,27,4,23
51,281,528,69,459,34,425,149,276
51,282,1321,182,1139,48,1091,366,725
51,283,131,16,115,5,110,29,81
51,284,189,26,163,22,141,55,86
51,285,145,15,130,9,121,40,81
51,286,208,44,164,8,156,62,94
51,287,630,72,558,19,539,235,304
51,288,168,24,144,8,136,55,81
51,289,323,35,288,21,267,101,166
51,290,217,63,154,8,146,68,78
51,291,1059,167,892,44,848,314,534
51,292,121,16,105,7,98,20,78
51,293,281,46,235,18,217,73,144
51,294,69,15,54,4,50,13,37
51,295,283,49,234,12,222,83,139
51,296,64,8,56,2,54,11,43
51,298,307,75,232,16,216,84,132
51,299,548,96,452,25,427,163,264
51,300,76,9,67,5,62,29,33
51,301,99,7,92,10,82,27,55
51,302,92,21,71,7,64,17,47
51,303,386,79,307,25,282,104,178
51,304,107,16,91,7,84,21,63
51,305,114,15,99,3,96,12,84
51,306,73,12,61,6,55,11,44
51,307,138,15,123,13,110,31,79
51,308,1524,281,1243,74,1169,475,694
51,309,80,8,72,4,68,12,56
51,310,180,20,160,5,155,43,112
51,311,132,20,112,10,102,53,49
51,312,754,116,638,39,599,242,357
51,313,277,53,224,17,207,67,140
51,314,155,29,126,1,125,49,76
51,315,122,30,92,5,87,38,49
51,316,251,40,211,13,198,73,125
51,317,51,11,40,4,36,7,29
51,318,408,44,364,19,345,147,198
51,319,96,9,87,1,86,13,73
51,320,234,40,194,11,183,43,140
51,321,63,10,53,3,50,14,36
51,322,85,16,69,9,60,19,41
51,323,88,13,75,8,67,19,48
51,324,101,17,84,10,74,3,71
51,325,109,13,96,7,89,29,60
51,326,724,139,585,35,550,210,340
51,327,150,25,125,5,120,39,81
51,328,742,136,606,44,562,228,334
51,329,1008,197,811,54,757,334,423
51,331,243,54,189,10,179,50,129
51,333,506,68,438,25,413,126,287
51,334,369,63,306,36,270,101,169
51,336,57,17,40,2,38,9,29
51,337,200,34,166,18,148,78,70
51,338,613,125,488,26,462,151,311
51,339,461,76,385,22,363,176,187
51,340,408,75,333,29,304,111,193
51,341,27,2,25,3,22,4,18
51,342,237,28,209,11,198,75,123
51,343,510,84,426,30,396,155,241
51,344,1290,209,1081,73,1008,542,466
51,345,193,35,158,12,146,60,86
51,346,926,189,737,35,702,290,412
51,347,988,190,798,60,738,344,394
51,348,115,20,95,7,88,42,46
51,349,157,15,142,11,131,43,88
51,350,88,19,69,3,66,22,44
51,351,84,10,74,8,66,17,49
51,352,578,109,469,35,434,161,273
51,353,47,8,39,1,38,2,36
51,354,233,22,211,16,195,78,117
51,355,42,9,33,2,31,12,19
51,356,105,13,92,5,87,25,62
51,357,498,80,418,28,390,153,237
51,358,401,77,324,21,303,160,143
51,359,151,20,131,13,118,26,92
51,360,220,26,194,9,185,109,76
51,361,112,14,98,0,98,43,55
51,362,514,81,433,17,416,150,266
51,363,180,15,165,12,153,52,101
51,364,58,7,51,7,44,14,30
51,365,760,133,627,59,568,204,364
51,367,833,132,701,51,650,235,415
51,368,52,4,48,5,43,10,33
51,369,245,35,210,14,196,86,110
51,370,183,24,159,12,147,65,82
51,371,47,10,37,2,35,3,32
51,372,404,46,358,30,328,123,205
51,373,96,19,77,8,69,20,49
51,374,51,10,41,8,33,6,27
51,375,221,38,183,11,172,63,109
51,376,110,13,97,6,91,24,67
51,377,34,3,31,4,27,7,20
51,378,272,43,229,14,215,56,159
51,379,357,51,306,15,291,111,180
51,380,2668,688,1980,142,1838,656,1182
51,381,471,76,395,30,365,169,196
51,382,86,17,69,7,62,30,32
51,384,239,31,208,20,188,90,98
51,386,119,14,105,13,92,23,69
51,387,242,39,203,26,177,92,85
51,388,2597,540,2057,159,1898,618,1280
51,389,659,179,480,47,433,168,265
51,390,615,118,497,35,462,164,298
51,391,1714,241,1473,95,1378,653,725
51,392,168,18,150,15,135,71,64
51,393,194,33,161,14,147,66,81
51,395,86,15,71,9,62,21,41
51,396,118,8,110,2,108,37,71
51,397,133,26,107,4,103,58,45
51,398,155,30,125,4,121,30,91
51,399,397,69,328,36,292,136,156
51,402,176,23,153,14,139,64,75
51,403,418,57,361,14,347,87,260
51,404,111,13,98,4,94,23,71
51,406,127,30,97,13,84,38,46
51,407,220,33,187,13,174,53,121
51,409,242,42,200,14,186,70,116
51,410,477,90,387,35,352,158,194
51,411,479,74,405,21,384,92,292
51,412,59,4,55,2,53,16,37
51,413,698,127,571,31,540,259,281
51,414,113,4,109,6,103,23,80
51,415,173,24,149,17,132,71,61
51,416,423,73,350,16,334,152,182
51,417,356,59,297,24,273,105,168
51,418,339,32,307,9,298,126,172
51,419,127,12,115,11,104,32,72
51,420,83,8,75,11,64,13,51
51,421,69,15,54,6,48,24,24
51,422,279,33,246,20,226,96,130
51,423,1450,433,1017,57,960,518,442
51,424,167,17,150,17,133,48,85
51,425,307,59,248,19,229,51,178
51,426,61,3,58,3,55,20,35
51,428,307,57,250,33,217,95,122
51,429,181,25,156,8,148,36,112
51,430,79,13,66,6,60,13,47
51,431,1055,188,867,64,803,399,404
51,432,587,112,475,42,433,197,236
51,433,152,34,118,5,113,43,70
51,434,554,87,467,45,422,193,229
51,435,150,28,122,7,115,42,73
51,436,611,80,531,43,488,160,328
51,437,84,7,77,2,75,26,49
51,438,88,11,77,5,72,14,58
51,439,306,48,258,19,239,73,166
51,440,1060,198,862,56,806,399,407
51,441,127,30,97,7,90,28,62
51,442,132,26,106,9,97,36,61
51,443,72,8,64,3,61,22,39
51,444,357,73,284,13,271,90,181
51,445,148,20,128,8,120,66,54
51,446,349,90,259,18,241,96,145
51,447,387,55,332,32,300,114,186
51,448,417,55,362,20,342,110,232
51,449,762,101,661,49,612,250,362
51,450,290,46,244,15,229,87,142
51,451,70,11,59,2,57,30,27
51,452,24,0,24,0,24,2,22
51,453,793,113,680,49,631,226,405
51,454,99816,26363,73453,3807,69646,37127,32519
51,455,175,19,156,13,143,53,90
51,456,64,11,53,4,49,13,36
51,457,229,40,189,10,179,45,134
51,458,54,6,48,1,47,17,30
51,459,101,15,86,5,81,33,48
51,460,149,46,103,5,98,25,73
51,461,846,141,705,40,665,237,428
51,463,162,18,144,16,128,72,56
51,464,241,35,206,10,196,91,105
51,465,144,20,124,9,115,28,87
51,466,162,28,134,9,125,43,82
51,468,270,22,248,10,238,113,125
51,469,63,5,58,4,54,18,36
51,470,10,4,6,0,6,2,4
51,471,318,37,281,15,266,54,212
51,472,756,105,651,38,613,222,391
51,473,92,14,78,9,69,28,41
51,474,2780,516,2264,117,2147,1203,944
51,475,66,12,54,2,52,10,42
51,476,472,60,412,25,387,142,245
51,477,192,21,171,13,158,82,76
51,478,306,72,234,13,221,72,149
51,479,203,33,170,19,151,53,98
51,480,107,9,98,5,93,34,59
51,482,388,66,322,18,304,97,207
51,483,338,45,293,17,276,140,136
51,484,182,32,150,10,140,60,80
51,485,250,41,209,11,198,71,127
51,486,268,49,219,11,208,39,169
51,487,206,23,183,16,167,60,107
51,488,239,41,198,19,179,80,99
51,489,35,5,30,1,29,9,20
51,490,129,15,114,10,104,33,71
51,491,85,10,75,10,65,12,53
51,492,1046,188,858,80,778,393,385
51,493,69,2,67,2,65,11,54
51,495,67,12,55,1,54,16,38
51,496,196,25,171,15,156,47,109
51,497,38,3,35,2,33,19,14
51,498,47,11,36,1,35,7,28
51,499,115,10,105,9,96,24,72
51,500,108,15,93,5,88,30,58
51,501,176,30,146,8,138,25,113
51,502,73,16,57,2,55,15,40
51,503,73,11,62,5,57,16,41
51,504,656,109,547,45,502,189,313
51,505,348,79,269,20,249,105,144
51,506,3753,745,3008,190,2818,1364,1454
51,507,3033,664,2369,154,2215,978,1237
51,508,187,38,149,9,140,35,105
51,509,202,17,185,14,171,57,114
51,510,119,22,97,9,88,44,44
51,511,128,20,108,12,96,25,71
51,512,68,10,58,3,55,18,37
51,513,425,92,333,27,306,119,187
51,514,94,10,84,2,82,26,56
51,515,240,45,195,14,181,46,135
51,516,50,6,44,4,40,23,17
51,517,118,12,106,2,104,24,80
51,518,429,38,391,15,376,161,215
51,519,40,4,36,3,33,9,24
51,520,81,8,73,10,63,13,50
51,521,171,36,135,17,118,31,87
51,522,262,61,201,12,189,51,138
51,523,184,26,158,6,152,56,96
51,524,255,37,218,17,201,74,127
51,525,1624,203,1421,88,1333,569,764
51,526,298,48,250,21,229,94,135
51,527,211,49,162,10,152,69,83
51,528,102,16,86,8,78,34,44
51,529,281,66,215,13,202,79,123
51,530,375,55,320,17,303,124,179
51,531,1444,291,1153,84,1069,447,622
51,532,509,72,437,27,410,145,265
51,533,101,22,79,9,70,18,52
51,534,152,23,129,9,120,58,62
51,535,3764,1024,2740,186,2554,1193,1361
51,536,1355,207,1148,84,1064,519,545
51,537,150,18,132,10,122,57,65
51,538,112,15,97,1,96,20,76
51,539,39,3,36,0,36,8,28
51,542,118,22,96,8,88,43,45
51,543,71,15,56,3,53,9,44
51,544,461,101,360,19,341,78,263
51,545,385,64,321,32,289,104,185
51,546,339,71,268,19,249,42,207
51,547,119,11,108,6,102,15,87
51,548,246,37,209,13,196,69,127
51,549,83,8,75,2,73,12,61
51,550,233,49,184,10,174,68,106
51,551,176,21,155,7,148,41,107
51,552,229,30,199,13,186,73,113
51,553,137,13,124,5,119,26,93
51,555,123,17,106,5,101,19,82
51,556,251,49,202,16,186,55,131
51,557,350,58,292,20,272,111,161
51,558,109,18,91,2,89,28,61
51,559,2100,524,1576,108,1468,513,955
51,560,92,14,78,9,69,26,43
51,562,1767,234,1533,73,1460,627,833
51,563,75,18,57,3,54,20,34
51,564,207,33,174,14,160,51,109
51,565,86,19,67,7,60,14,46
51,566,229,31,198,11,187,66,121
51,567,425,116,309,23,286,90,196
51,568,239,32,207,11,196,61,135
51,569,211,12,199,17,182,43,139
51,570,117,19,98,7,91,30,61
51,571,619,79,540,13,527,231,296
51,572,206,39,167,15,152,36,116
51,573,7825,1692,6133,387,5746,2818,2928
51,574,130,29,101,13,88,26,62
51,576,960,177,783,59,724,300,424
51,577,126,28,98,3,95,19,76
51,578,65,7,58,2,56,20,36
51,579,118,12,106,1,105,32,73
51,580,358,85,273,12,261,77,184
51,581,148,29,119,9,110,51,59
51,582,410,51,359,20,339,118,221
51,583,202,50,152,17,135,45,90
51,584,123,11,112,2,110,30,80
51,585,621,87,534,26,508,211,297
51,586,126,20,106,7,99,19,80
51,587,221,30,191,8,183,53,130
51,588,218,40,178,13,165,53,112
51,589,138,18,120,7,113,31,82
51,590,292,36,256,30,226,69,157
51,591,160,30,130,19,111,45,66
51,592,267,46,221,18,203,32,171
51,594,68,19,49,4,45,9,36
51,595,89,8,81,7,74,19,55
51,596,250,36,214,11,203,82,121
51,597,226,29,197,27,170,57,113
51,598,395,77,318,16,302,119,183
51,599,203,34,169,7,162,49,113
51,600,106,17,89,5,84,16,68
51,601,148,29,119,5,114,32,82
51,602,66,7,59,10,49,23,26
51,603,117,15,102,6,96,13,83
51,604,206,33,173,15,158,57,101
51,605,421,62,359,24,335,80,255
51,607,161,32,129,9,120,48,72
51,608,73,7,66,7,59,18,41
51,609,622,81,541,32,509,152,357
51,610,353,55,298,23,275,117,158
51,611,255,45,210,14,196,63,133
51,612,1721,242,1479,86,1393,490,903
51,613,807,163,644,37,607,209,398
51,614,826,141,685,37,648,313,335
51,616,218,36,182,12,170,66,104
51,617,454,43,411,18,393,156,237
51,618,170,34,136,11,125,61,64
51,619,90,9,81,3,78,35,43
51,620,146,24,122,6,116,61,55
51,621,410,70,340,30,310,161,149
51,622,372,41,331,18,313,71,242
51,623,227,24,203,12,191,66,125
51,624,464,82,382,20,362,171,191
51,625,265,50,215,26,189,66,123
51,626,91,13,78,3,75,25,50
51,627,252,51,201,10,191,67,124
51,628,103,14,89,2,87,33,54
51,629,569,85,484,27,457,145,312
51,630,227,43,184,8,176,98,78
51,631,142,10,132,7,125,36,89
51,632,201,41,160,12,148,57,91
51,633,248,39,209,23,186,80,106
51,634,211,30,181,11,170,54,116
51,635,88,13,75,3,72,26,46
51,636,484,76,408,23,385,130,255
51,637,171,22,149,8,141,20,121
51,638,147,27,120,8,112,38,74
51,639,59,11,48,3,45,12,33
51,640,164,46,118,5,113,38,75
51,641,183,40,143,5,138,38,100
51,642,79,18,61,5,56,12,44
51,643,446,79,367,7,360,149,211
51,644,252,43,209,8,201,65,136
51,645,103,17,86,2,84,27,57
51,646,68,7,61,2,59,9,50
51,647,679,75,604,38,566,225,341
51,648,303,59,244,22,222,79,143
51,649,8272,2111,6161,362,5799,2921,2878
51,650,42,5,37,9,28,8,20
51,651,187,38,149,16,133,45,88
51,652,56,2,54,6,48,8,40
51,654,158,23,135,4,131,52,79
51,655,235,29,206,20,186,73,113
51,656,402,112,290,20,270,85,185
51,657,181,44,137,9,128,34,94
51,658,97,21,76,17,59,18,41
51,659,46,8,38,3,35,3,32
51,660,1640,321,1319,62,1257,541,716
51,662,3724,684,3040,207,2833,1307,1526
51,663,1369,352,1017,82,935,571,364
52,1,253,43,210,14,196,94,102
52,2,20,1,19,1,18,6,12
52,3,147,24,123,5,118,47,71
52,4,14,0,14,2,12,1,11
52,5,26,2,24,3,21,7,14
52,6,332,82,250,24,226,107,119
52,7,67,10,57,7,50,21,29
52,8,644,140,504,40,464,197,267
52,9,101,13,88,8,80,34,46
52,11,70,7,63,5,58,23,35
52,12,29,5,24,1,23,8,15
52,13,119,18,101,10,91,61,30
52,14,180,38,142,17,125,39,86
52,15,80,15,65,4,61,25,36
52,16,66,9,57,4,53,27,26
52,17,589,101,488,37,451,161,290
52,19,110,27,83,9,74,36,38
52,21,236,41,195,11,184,60,124
52,22,168,26,142,7,135,45,90
52,23,149,17,132,18,114,61,53
52,25,79,10,69,4,65,23,42
52,27,66,10,56,6,50,17,33
52,28,52,12,40,4,36,5,31
52,29,140,22,118,12,106,48,58
52,30,60,13,47,1,46,18,28
52,31,343,57,286,32,254,87,167
52,33,102,10,92,9,83,24,59
52,34,119,31,88,10,78,37,41
52,35,172,33,139,10,129,42,87
52,36,202,36,166,11,155,62,93
52,37,315,82,233,21,212,94,118
52,38,62,9,53,8,45,20,25
52,39,93,12,81,8,73,24,49
52,40,59,9,50,2,48,23,25
52,42,85,6,79,5,74,21,53
52,43,45,8,37,4,33,9,24
52,44,517,88,429,42,387,185,202
52,45,1668,266,1402,108,1294,565,729
52,47,101,21,80,13,67,30,37
52,50,1124,234,890,66,824,359,465
52,51,43,6,37,2,35,19,16
52,53,57,7,50,6,44,8,36
52,55,92,4,88,8,80,19,61
52,56,190,23,167,12,155,53,102
52,57,109,15,94,5,89,41,48
52,58,1418,244,1174,93,1081,528,553
52,59,109,22,87,6,81,31,50
52,60,1648,326,1322,63,1259,526,733
52,61,242,39,203,12,191,62,129
52,62,136,20,116,8,108,34,74
52,63,105,9,96,6,90,36,54
52,64,354,47,307,27,280,130,150
52,65,68,10,58,8,50,22,28
52,66,50,5,45,4,41,9,32
52,67,85,13,72,3,69,21,48
52,69,131,25,106,21,85,24,61
52,70,106,11,95,10,85,42,43
52,72,309,39,270,19,251,111,140
52,74,559,126,433,18,415,168,247
52,75,160,30,130,12,118,64,54
52,76,325,53,272,18,254,111,143
52,79,562,146,416,33,383,217,166
52,82,122,27,95,5,90,33,57
52,83,644,77,567,39,528,266,262
52,84,34,4,30,6,24,8,16
52,85,20,6,14,2,12,10,2
52,87,171,19,152,17,135,69,66
52,88,506,105,401,25,376,121,255
52,89,61,4,57,10,47,14,33
52,90,100,20,80,2,78,43,35
52,91,85,14,71,7,64,26,38
52,92,83,24,59,4,55,18,37
52,93,1833,286,1547,121,1426,872,554
52,94,176,21,155,11,144,60,84
52,95,192,37,155,12,143,55,88
52,97,39,5,34,2,32,3,29
52,99,546,99,447,45,402,180,222
52,101,54,11,43,1,42,18,24
52,102,312,35,277,24,253,127,126
52,103,116,27,89,6,83,11,72
52,104,874,96,778,59,719,281,438
52,105,217,16,201,14,187,78,109
52,106,106,23,83,11,72,35,37
52,107,160,18,142,15,127,50,77
52,108,126,18,108,5,103,37,66
52,109,9,0,9,0,9,5,4
52,110,150,38,112,6,106,41,65
52,113,206,48,158,18,140,51,89
52,114,1215,220,995,82,913,388,525
52,115,103,13,90,3,87,42,45
52,116,45,7,38,5,33,13,20
52,118,270,51,219,29,190,70,120
52,119,271,54,217,16,201,151,50
52,120,166,29,137,12,125,79,46
52,121,16087,4043,12044,776,11268,5865,5403
52,122,118,24,94,3,91,36,55
52,123,1050,191,859,80,779,336,443
52,124,89,8,81,8,73,30,43
52,125,869,133,736,36,700,356,344
52,126,127,18,109,7,102,44,58
52,127,75,10,65,8,57,28,29
52,128,96,10,86,5,81,24,57
52,129,100,23,77,1,76,29,47
52,130,140,37,103,5,98,32,66
52,131,74,12,62,4,58,12,46
52,132,153,34,119,8,111,41,70
52,133,98,27,71,3,68,24,44
52,134,199,19,180,15,165,68,97
52,135,81,12,69,9,60,33,27
52,136,104,12,92,9,83,16,67
52,137,26,2,24,0,24,7,17
52,138,64,5,59,3,56,10,46
52,140,561,71,490,31,459,86,373
52,141,278,48,230,18,212,116,96
52,142,68,9,59,5,54,19,35
52,145,123,14,109,10,99,47,52
52,146,147,27,120,3,117,67,50
52,147,84,15,69,5,64,22,42
52,149,89,18,71,13,58,24,34
52,151,141,12,129,8,121,60,61
52,155,453,77,376,23,353,240,113
52,156,306,46,260,33,227,140,87
52,157,21,5,16,3,13,6,7
52,158,216,34,182,15,167,38,129
52,159,23,4,19,3,16,4,12
52,160,82,17,65,2,63,22,41
52,161,60,13,47,6,41,14,27
52,162,173,43,130,12,118,49,69
52,163,303,78,225,15,210,100,110
52,164,173,22,151,16,135,61,74
52,165,211,14,197,8,189,78,111
52,167,198,31,167,11,156,55,101
52,168,48,3,45,1,44,16,28
52,169,86,12,74,2,72,35,37
52,170,148,25,123,7,116,48,68
52,171,165,24,141,14,127,33,94
52,172,235,42,193,22,171,75,96
52,173,78,10,68,7,61,17,44
52,174,39,9,30,2,28,3,25
52,175,329,82,247,21,226,124,102
52,177,638,116,522,45,477,220,257
52,178,307,62,245,10,235,97,138
52,179,41,3,38,2,36,14,22
52,180,324,62,262,18,244,92,152
52,181,98,27,71,5,66,20,46
52,182,1578,291,1287,109,1178,440,738
52,183,34,3,31,2,29,0,29
52,184,61,7,54,1,53,8,45
52,185,79,19,60,6,54,10,44
52,187,117,23,94,11,83,19,64
52,189,322,45,277,28,249,103,146
52,190,269,44,225,17,208,108,100
52,193,247,17,230,15,215,95,120
52,194,1483,278,1205,127,1078,457,621
52,195,56,4,52,1,51,25,26
52,196,95,13,82,5,77,24,53
52,197,987,135,852,62,790,343,447
52,198,64,8,56,2,54,14,40
52,199,55,11,44,2,42,17,25
52,200,82,6,76,9,67,31,36
52,201,51,7,44,6,38,7,31
52,203,124,30,94,12,82,34,48
52,204,64,5,59,3,56,19,37
52,205,578,95,483,39,444,202,242
52,206,129,21,108,14,94,28,66
52,207,76,17,59,4,55,18,37
52,208,157,25,132,17,115,29,86
52,211,1263,201,1062,77,985,583,402
52,212,253,56,197,21,176,55,121
52,213,131,17,114,9,105,28,77
52,214,25,4,21,6,15,7,8
52,216,38,7,31,2,29,11,18
52,217,88,16,72,6,66,20,46
52,218,56,5,51,5,46,15,31
52,219,20,0,20,2,18,4,14
52,220,129,13,116,5,111,44,67
52,221,98,18,80,6,74,22,52
52,222,28,2,26,2,24,18,6
52,223,56,5,51,2,49,20,29
52,225,224,35,189,15,174,73,101
52,227,181,29,152,7,145,43,102
52,228,64,10,54,3,51,21,30
52,229,119,12,107,9,98,56,42
52,230,284,53,231,10,221,98,123
52,231,81,6,75,2,73,24,49
52,232,35,6,29,3,26,4,22
52,233,101,16,85,8,77,34,43
52,234,25,2,23,1,22,3,19
52,235,232,41,191,16,175,71,104
52,237,221,42,179,14,165,93,72
52,239,246,33,213,14,199,90,109
52,240,166,28,138,15,123,61,62
52,242,821,139,682,37,645,311,334
52,243,118,11,107,6,101,45,56
52,244,551,85,466,39,427,155,272
52,245,64,10,54,11,43,22,21
52,246,460,73,387,23,364,148,216
52,247,210,39,171,12,159,85,74
52,248,415,63,352,13,339,140,199
52,249,126,20,106,13,93,40,53
52,250,2376,590,1786,103,1683,826,857
52,251,711,64,647,47,600,283,317
52,253,139,15,124,13,111,39,72
52,254,84,15,69,4,65,27,38
52,256,75,9,66,4,62,34,28
52,257,108,27,81,6,75,36,39
52,258,259,44,215,23,192,98,94
52,260,112,19,93,7,86,24,62
52,262,63,9,54,6,48,19,29
52,264,81,12,69,9,60,28,32
52,265,1178,259,919,83,836,383,453
52,266,48,4,44,2,42,8,34
52,267,161,29,132,11,121,47,74
52,269,5492,1323,4169,223,3946,2025,1921
52,271,167,32,135,10,125,57,68
52,272,118,16,102,3,99,29,70
52,273,116,16,100,5,95,42,53
52,274,257,56,201,14,187,76,111
52,275,67,10,57,10,47,19,28
52,276,190,20,170,18,152,61,91
52,277,67,12,55,4,51,15,36
52,278,78,16,62,9,53,21,32
52,280,194,34,160,12,148,72,76
52,282,268,36,232,10,222,87,135
52,284,79,11,68,8,60,9,51
52,285,58,8,50,2,48,21,27
52,286,75,12,63,4,59,18,41
52,287,94,16,78,4,74,24,50
52,288,100,14,86,2,84,18,66
52,289,242,27,215,12,203,101,102
52,290,102,12,90,5,85,34,51
52,291,60,9,51,0,51,17,34
52,292,493,70,423,34,389,174,215
52,293,366,52,314,28,286,92,194
52,294,520,107,413,29,384,162,222
52,295,102,14,88,6,82,37,45
52,296,258,35,223,11,212,60,152
52,297,228,38,190,13,177,105,72
52,298,71,14,57,4,53,22,31
52,300,134,18,116,8,108,55,53
52,301,67,7,60,7,53,28,25
52,302,162,24,138,18,120,41,79
52,303,80,8,72,5,67,40,27
52,304,53,4,49,3,46,31,15
52,305,411,85,326,15,311,141,170
52,306,353,88,265,16,249,137,112
52,307,157,15,142,7,135,52,83
52,308,382,89,293,32,261,116,145
52,310,96,15,81,5,76,19,57
52,311,199,29,170,16,154,71,83
52,312,43,1,42,4,38,13,25
52,313,133,10,123,6,117,43,74
52,315,237,33,204,20,184,92,92
52,316,51,17,34,4,30,13,17
52,318,219,48,171,17,154,74,80
52,319,75,17,58,3,55,23,32
52,320,106,25,81,8,73,54,19
52,321,170,35,135,7,128,47,81
52,322,110,26,84,2,82,49,33
52,325,93,15,78,4,74,19,55
52,326,40,10,30,4,26,6,20
52,327,357,31,326,33,293,113,180
52,328,34,6,28,3,25,17,8
52,330,74,16,58,1,57,26,31
52,331,1437,280,1157,94,1063,412,651
52,332,1495,307,1188,97,1091,450,641
52,335,97,11,86,14,72,33,39
52,336,114,23,91,7,84,34,50
52,337,59,13,46,5,41,8,33
52,340,70,5,65,5,60,38,22
52,341,106,25,81,7,74,21,53
52,342,32,1,31,2,29,6,23
52,344,26,3,23,1,22,5,17
52,346,274,46,228,19,209,97,112
52,347,198,25,173,19,154,65,89
52,348,513,80,433,33,400,208,192
52,349,298,35,263,18,245,117,128
52,350,75,19,56,6,50,16,34
52,351,80,15,65,4,61,36,25
52,352,77,5,72,0,72,15,57
52,353,2874,555,2319,193,2126,1073,1053
52,354,76,9,67,1,66,42,24
52,355,160,18,142,12,130,60,70
52,356,95,14,81,5,76,26,50
52,357,146,33,113,13,100,50,50
52,358,70,15,55,5,50,25,25
52,359,142,29,113,11,102,23,79
52,360,128,19,109,10,99,25,74
52,362,133,14,119,8,111,75,36
52,363,90,17,73,5,68,50,18
52,364,103,12,91,8,83,54,29
52,365,283,44,239,20,219,77,142
52,366,67,12,55,5,50,21,29
52,367,34,1,33,2,31,13,18
52,369,76,15,61,4,57,14,43
52,370,266,39,227,20,207,101,106
52,371,129,17,112,10,102,48,54
52,372,90,8,82,15,67,23,44
52,373,48,13,35,1,34,11,23
52,374,276,35,241,24,217,113,104
52,375,50,6,44,4,40,14,26
52,376,66,22,44,6,38,12,26
52,377,260,52,208,21,187,52,135
52,378,42,4,38,3,35,0,35
52,379,28,3,25,1,24,5,19
52,380,312,25,287,28,259,119,140
52,383,269,34,235,17,218,99,119
52,384,107,14,93,5,88,31,57
52,385,40,3,37,0,37,8,29
52,386,373,72,301,23,278,112,166
52,388,156,23,133,9,124,50,74
52,390,43,6,37,2,35,14,21
52,391,197,24,173,10,163,51,112
52,392,87,20,67,5,62,38,24
52,393,55,11,44,2,42,23,19
52,394,142,13,129,10,119,23,96
52,395,54,9,45,1,44,18,26
52,396,129,17,112,7,105,46,59
52,397,63,13,50,5,45,14,31
52,398,543,123,420,33,387,165,222
52,399,138,27,111,6,105,51,54
52,400,130,20,110,12,98,37,61
52,401,312,43,269,13,256,146,110
52,403,64,16,48,1,47,18,29
52,405,369,78,291,26,265,114,151
52,406,172,20,152,13,139,46,93
52,407,254,45,209,19,190,96,94
52,411,169,30,139,4,135,50,85
52,413,91,17,74,11,63,34,29
52,414,496,100,396,42,354,202,152
52,415,99,12,87,5,82,30,52
52,416,58,3,55,5,50,29,21
52,419,151,35,116,5,111,51,60
52,420,122,30,92,5,87,46,41
52,421,297,59,238,19,219,103,116
52,422,224,43,181,15,166,71,95
52,423,496,80,416,31,385,206,179
52,424,62,6,56,3,53,32,21
52,425,217,45,172,9,163,98,65
52,426,121,21,100,9,91,19,72
52,427,197,26,171,20,151,61,90
52,428,52,3,49,3,46,19,27
52,429,507,88,419,32,387,178,209
52,431,145,25,120,8,112,39,73
52,432,1287,258,1029,83,946,435,511
52,433,121,14,107,9,98,36,62
52,436,45,2,43,2,41,9,32
52,437,30,8,22,1,21,6,15
52,438,108,15,93,11,82,34,48
52,439,93,9,84,4,80,38,42
52,440,294,48,246,15,231,96,135
52,442,229,28,201,17,184,78,106
52,443,42,15,27,1,26,17,9
52,444,260,31,229,16,213,82,131
52,445,61,14,47,3,44,27,17
52,446,167,39,128,12,116,56,60
52,447,136,14,122,13,109,40,69
52,448,16993,4854,12139,794,11345,5504,5841
52,449,772,98,674,51,623,264,359
52,450,118,14,104,5,99,34,65
52,452,81,8,73,0,73,27,46
52,453,129,18,111,9,102,57,45
52,455,212,35,177,11,166,59,107
52,456,557,96,461,42,419,170,249
52,457,124,9,115,6,109,60,49
52,459,83,19,64,8,56,25,31
52,461,287,53,234,17,217,82,135
52,463,32,3,29,0,29,5,24
52,464,78,11,67,4,63,21,42
52,465,101,10,91,4,87,29,58
52,467,50,3,47,3,44,12,32
52,468,98,9,89,5,84,23,61
52,469,449,67,382,37,345,131,214
52,470,398,93,305,24,281,98,183
52,472,101,26,75,6,69,20,49
52,473,90,14,76,3,73,24,49
52,474,51,9,42,3,39,12,27
52,475,46,7,39,5,34,6,28
52,476,66,7,59,6,53,27,26
52,479,543,101,442,48,394,179,215
52,480,288,49,239,18,221,98,123
52,482,77,13,64,2,62,31,31
52,483,62,3,59,3,56,24,32
52,484,274,59,215,28,187,59,128
52,486,67,8,59,2,57,24,33
52,487,73,13,60,5,55,11,44
52,488,227,32,195,15,180,109,71
52,489,32,6,26,2,24,6,18
52,490,652,156,496,51,445,231,214
52,491,81,15,66,10,56,19,37
52,492,474,80,394,30,364,234,130
52,493,39,5,34,2,32,12,20
52,494,213,25,188,13,175,78,97
52,495,60,7,53,4,49,7,42
52,497,344,62,282,17,265,89,176
52,499,53,6,47,7,40,16,24
52,500,546,119,427,36,391,152,239
52,502,52,8,44,4,40,12,28
52,503,26,4,22,5,17,7,10
52,504,285,52,233,27,206,124,82
52,505,34,5,29,1,28,7,21
52,506,96,18,78,7,71,32,39
52,507,58,8,50,5,45,18,27
52,509,484,67,417,25,392,174,218
52,510,317,0,317,74,243,118,125
52,511,51,2,49,6,43,16,27
52,512,415,103,312,18,294,208,86
52,513,80,17,63,7,56,32,24
52,514,254,37,217,13,204,97,107
52,515,89,14,75,5,70,28,42
52,516,36,6,30,3,27,6,21
52,517,106,17,89,8,81,24,57
52,518,105,19,86,9,77,29,48
52,519,54,7,47,1,46,17,29
52,520,159,18,141,11,130,60,70
52,522,248,33,215,12,203,102,101
52,523,47,1,46,2,44,24,20
52,524,212,47,165,9,156,71,85
52,525,86,10,76,9,67,23,44
52,526,91,11,80,4,76,32,44
52,528,131,39,92,13,79,45,34
52,529,671,112,559,38,521,209,312
52,534,1208,173,1035,76,959,444,515
52,535,460,62,398,22,376,148,228
52,536,37,10,27,4,23,9,14
52,538,205,37,168,9,159,64,95
52,539,72,8,64,7,57,15,42
52,540,33,9,24,0,24,6,18
52,541,124,14,110,9,101,46,55
52,542,59,8,51,3,48,26,22
52,543,417,113,304,15,289,106,183
52,544,323,53,270,21,249,155,94
52,545,95,9,86,3,83,37,46
52,546,18,3,15,1,14,4,10
52,547,169,21,148,10,138,69,69
52,548,72,10,62,2,60,31,29
52,549,34,7,27,3,24,11,13
52,550,1978,410,1568,126,1442,739,703
53,1,1340,164,1176,77,1099,513,586
53,2,337,47,290,14,276,113,163
53,3,2143,328,1815,127,1688,863,825
53,4,363,66,297,17,280,97,183
53,5,1668,276,1392,84,1308,690,618
53,6,130,22,108,4,104,33,71
53,7,1975,264,1711,111,1600,832,768
53,8,1451,257,1194,94,1100,538,562
53,9,484,88,396,24,372,147,225
53,10,285,50,235,17,218,109,109
53,11,518,67,451,32,419,187,232
53,12,381,47,334,24,310,115,195
53,13,472,73,399,30,369,223,146
53,14,2774,427,2347,151,2196,934,1262
53,15,1102,152,950,48,902,478,424
53,16,960,174,786,56,730,347,383
53,17,508,86,422,20,402,166,236
53,18,908,131,777,51,726,289,437
53,19,109,16,93,9,84,19,65
53,21,626,71,555,29,526,275,251
53,22,341,38,303,23,280,105,175
53,23,327,41,286,16,270,107,163
53,25,738,111,627,39,588,229,359
53,26,346,56,290,22,268,98,170
53,27,173,36,137,11,126,47,79
53,28,380,55,325,25,300,182,118
53,29,478,62,416,28,388,158,230
53,30,254,33,221,14,207,64,143
53,31,293,48,245,29,216,90,126
53,32,129,16,113,7,106,45,61
53,33,108,35,73,5,68,34,34
53,34,4658,580,4078,226,3852,2001,1851
53,35,372,46,326,22,304,130,174
53,36,708,115,593,40,553,259,294
53,37,521,66,455,45,410,178,232
53,38,140,28,112,5,107,50,57
53,39,1286,205,1081,65,1016,458,558
53,40,404,57,347,20,327,140,187
53,41,175,32,143,7,136,48,88
53,42,593,106,487,16,471,139,332
53,43,373,57,316,23,293,129,164
53,45,508,53,455,23,432,215,217
53,46,195,35,160,9,151,65,86
53,47,218,39,179,17,162,36,126
53,48,907,142,765,41,724,336,388
53,49,429,53,376,25,351,209,142
53,50,274,58,216,13,203,78,125
53,51,415,66,349,30,319,154,165
53,52,261,70,191,11,180,87,93
53,53,430,74,356,20,336,143,193
53,54,4519,614,3905,234,3671,1825,1846
53,55,424,49,375,22,353,160,193
53,56,605,51,554,35,519,278,241
53,57,387,67,320,16,304,145,159
53,58,237,32,205,11,194,79,115
53,59,263,22,241,17,224,82,142
53,61,345,66,279,18,261,72,189
53,62,7917,1411,6506,333,6173,2719,3454
53,63,353,59,294,13,281,117,164
53,64,754,115,639,37,602,242,360
53,65,593,63,530,36,494,223,271
53,66,953,139,814,49,765,282,483
53,67,314,79,235,16,219,85,134
53,68,140,15,125,12,113,48,65
53,69,151,24,127,7,120,47,73
53,71,348,60,288,19,269,82,187
53,72,933,128,805,52,753,416,337
53,73,689,106,583,30,553,298,255
53,74,643,68,575,52,523,237,286
53,75,216,16,200,12,188,75,113
53,76,238,24,214,19,195,70,125
53,77,2236,303,1933,116,1817,791,1026
53,78,546,83,463,36,427,183,244
53,79,242,35,207,11,196,73,123
53,80,101,16,85,4,81,30,51
53,82,431,58,373,32,341,149,192
53,83,694,99,595,52,543,204,339
53,84,3719,683,3036,171,2865,1161,1704
53,85,173,18,155,11,144,51,93
53,86,443,47,396,26,370,145,225
53,87,166,14,152,6,146,68,78
53,88,695,101,594,27,567,150,417
53,89,398,85,313,19,294,123,171
53,90,104,13,91,2,89,34,55
53,91,381,54,327,23,304,81,223
53,92,140,21,119,12,107,50,57
53,93,236,34,202,14,188,68,120
53,94,1679,234,1445,73,1372,704,668
53,95,171,20,151,5,146,51,95
53,96,4252,684,3568,225,3343,1441,1902
53,97,5342,1109,4233,283,3950,1866,2084
53,98,310,61,249,7,242,70,172
53,99,830,125,705,40,665,325,340
53,100,1048,171,877,65,812,268,544
53,101,608,74,534,36,498,198,300
53,102,129,17,112,9,103,32,71
53,103,1541,184,1357,102,1255,716,539
53,104,733,118,615,42,573,234,339
53,105,166,8,158,11,147,67,80
53,106,389,62,327,24,303,126,177
53,107,2115,360,1755,81,1674,639,1035
53,108,340,42,298,17,281,113,168
53,109,417,41,376,26,350,173,177
53,110,769,175,594,38,556,248,308
53,111,364,47,317,16,301,141,160
53,112,300,46,254,16,238,84,154
53,113,445,52,393,34,359,162,197
53,114,167,33,134,11,123,34,89
53,115,268,44,224,10,214,88,126
53,116,585,76,509,26,483,148,335
53,117,323,53,270,15,255,122,133
53,118,185,17,168,20,148,56,92
53,119,3227,442,2785,149,2636,1453,1183
53,120,374,62,312,25,287,92,195
53,121,1077,183,894,74,820,281,539
53,122,544,75,469,26,443,188,255
53,123,1051,153,898,57,841,298,543
53,124,595,88,507,25,482,159,323
53,125,919,166,753,50,703,238,465
53,126,795,85,710,62,648,206,442
53,127,1753,228,1525,90,1435,584,851
53,128,229,31,198,6,192,65,127
53,129,280,26,254,18,236,101,135
53,130,32407,6100,26307,1403,24904,13990,10914
53,131,153,25,128,6,122,59,63
53,132,254,50,204,16,188,70,118
53,133,608,113,495,40,455,175,280
53,134,117,14,103,3,100,39,61
53,135,607,89,518,34,484,171,313
53,136,597,63,534,31,503,222,281
53,137,1108,175,933,47,886,407,479
53,138,244,35,209,17,192,104,88
53,139,321,51,270,27,243,118,125
53,140,2953,405,2548,168,2380,1326,1054
53,141,689,84,605,41,564,307,257
53,142,262,49,213,15,198,54,144
53,143,369,45,324,18,306,140,166
53,144,574,97,477,45,432,200,232
53,145,373,54,319,14,305,88,217
53,146,1200,146,1054,58,996,451,545
53,147,9672,1869,7803,447,7356,4195,3161
53,148,136,16,120,8,112,35,77
53,150,720,100,620,46,574,267,307
53,151,723,118,605,32,573,197,376
53,152,2025,344,1681,56,1625,617,1008
53,153,482,54,428,37,391,209,182
53,154,688,92,596,38,558,190,368
53,155,1119,178,941,51,890,407,483
53,156,153,17,136,9,127,79,48
53,157,1007,116,891,65,826,399,427
53,158,721,111,610,39,571,227,344
53,159,232,25,207,11,196,97,99
53,160,298,48,250,24,226,97,129
53,161,1559,282,1277,75,1202,563,639
53,162,739,98,641,43,598,281,317
53,163,477,70,407,30,377,212,165
53,164,292,48,244,16,228,65,163
53,165,255,36,219,7,212,109,103
53,168,845,108,737,43,694,337,357
53,169,303,47,256,23,233,133,100
53,170,902,198,704,47,657,310,347
53,172,276,29,247,17,230,130,100
53,173,127,14,113,13,100,29,71
53,174,571,50,521,41,480,264,216
53,175,953,168,785,56,729,346,383
53,176,388,65,323,18,305,99,206
53,177,247,20,227,13,214,63,151
53,178,160,18,142,3,139,36,103
53,179,252,30,222,9,213,82,131
53,180,526,81,445,30,415,192,223
53,181,672,100,572,40,532,163,369
53,182,1302,262,1040,70,970,589,381
53,184,123,16,107,6,101,39,62
53,185,1540,275,1265,80,1185,508,677
53,186,1488,245,1243,80,1163,434,729
53,187,167,10,157,10,147,78,69
53,188,1924,338,1586,91,1495,803,692
53,189,94,13,81,6,75,15,60
53,190,329,41,288,26,262,67,195
53,191,172,27,145,11,134,58,76
53,192,231,42,189,14,175,69,106
53,193,371,52,319,21,298,132,166
53,194,659,91,568,37,531,233,298
53,195,302,35,267,13,254,120,134
53,196,285,39,246,17,229,66,163
53,197,693,123,570,34,536,203,333
53,198,199,35,164,15,149,66,83
53,199,196,51,145,12,133,29,104
53,200,854,92,762,52,710,383,327
53,201,5481,728,4753,285,4468,2363,2105
53,202,267,41,226,13,213,75,138
53,203,381,58,323,27,296,143,153
53,204,275,73,202,8,194,79,115
53,205,390,59,331,31,300,146,154
53,206,177,29,148,10,138,63,75
53,207,561,88,473,43,430,212,218
53,208,384,84,300,26,274,107,167
53,209,406,56,350,18,332,95,237
53,210,1123,157,966,51,915,311,604
53,211,1179,173,1006,74,932,337,595
53,212,298,30,268,18,250,96,154
53,213,407,60,347,24,323,124,199
53,214,111,15,96,6,90,35,55
53,215,1293,169,1124,64,1060,463,597
53,216,678,105,573,40,533,283,250
53,218,670,138,532,46,486,231,255
53,219,1128,168,960,46,914,428,486
53,220,239,39,200,15,185,110,75
53,221,291,45,246,17,229,91,138
53,222,258,23,235,7,228,91,137
53,223,304,47,257,10,247,98,149
53,224,685,52,633,42,591,287,304
53,225,326,40,286,14,272,122,150
53,226,572,93,479,41,438,193,245
53,228,333,70,263,15,248,94,154
53,229,1078,100,978,63,915,518,397
53,230,201,40,161,12,149,51,98
53,231,156,34,122,10,112,50,62
53,232,244,44,200,22,178,94,84
53,233,256,49,207,14,193,99,94
53,234,262,30,232,12,220,103,117
53,235,170,20,150,6,144,44,100
53,236,132,29,103,5,98,45,53
53,237,332,60,272,12,260,113,147
53,238,473,88,385,27,358,152,206
53,239,347,80,267,14,253,86,167
53,240,383,75,308,22,286,153,133
53,241,123,21,102,4,98,38,60
53,242,175,27,148,11,137,53,84
53,243,1183,162,1021,74,947,437,510
53,244,160,14,146,8,138,55,83
53,245,734,117,617,38,579,193,386
53,246,1482,246,1236,100,1136,550,586
53,247,1493,257,1236,91,1145,546,599
53,248,102,20,82,1,81,43,38
53,249,409,83,326,22,304,129,175
53,250,304,49,255,13,242,77,165
53,251,293,39,254,13,241,116,125
53,252,322,55,267,19,248,110,138
53,253,333,41,292,19,273,129,144
53,254,161,9,152,7,145,54,91
53,255,755,108,647,51,596,270,326
53,256,171,22,149,6,143,65,78
53,257,223,39,184,11,173,63,110
53,258,628,127,501,29,472,183,289
53,259,240,31,209,12,197,34,163
53,260,261,29,232,16,216,72,144
53,261,127,21,106,8,98,35,63
53,262,761,102,659,43,616,288,328
53,263,229,37,192,14,178,83,95
53,264,128,22,106,5,101,39,62
53,265,554,99,455,36,419,179,240
53,266,185,28,157,6,151,44,107
53,267,796,139,657,65,592,225,367
53,269,443,62,381,46,335,149,186
53,270,107,17,90,6,84,20,64
53,271,2267,443,1824,120,1704,827,877
53,272,154,33,121,14,107,36,71
53,273,745,92,653,38,615,261,354
53,274,204,35,169,16,153,60,93
53,276,691,101,590,45,545,335,210
54,1,253,42,211,10,201,101,100
54,2,190,16,174,10,164,97,67
54,3,106,13,93,9,84,24,60
54,4,160,22,138,13,125,62,63
54,5,99,10,89,6,83,30,53
54,6,357,49,308,17,291,127,164
54,7,487,87,400,27,373,164,209
54,8,319,30,289,35,254,126,128
54,9,117,19,98,5,93,35,58
54,10,393,70,323,18,305,148,157
54,11,357,80,277,14,263,95,168
54,12,264,25,239,9,230,126,104
54,13,77,11,66,3,63,17,46
54,14,228,32,196,14,182,83,99
54,15,197,57,140,10,130,64,66
54,16,211,33,178,18,160,51,109
54,17,73,3,70,0,70,26,44
54,18,231,34,197,14,183,93,90
54,19,78,13,65,10,55,18,37
54,20,307,36,271,13,258,125,133
54,21,178,29,149,7,142,67,75
54,22,466,75,391,24,367,213,154
54,23,195,31,164,13,151,58,93
54,24,242,44,198,11,187,109,78
54,25,849,114,735,54,681,316,365
54,26,158,32,126,12,114,42,72
54,27,591,107,484,46,438,163,275
54,28,1877,419,1458,68,1390,1059,331
54,29,1789,471,1318,91,1227,659,568
54,30,89,11,78,9,69,23,46
54,31,200,17,183,9,174,90,84
54,32,155,16,139,8,131,42,89
54,33,66,10,56,5,51,8,43
54,34,180,22,158,12,146,53,93
54,35,305,56,249,18,231,103,128
54,36,696,114,582,47,535,258,277
54,37,317,36,281,20,261,126,135
54,38,649,126,523,31,492,227,265
54,39,3094,704,2390,169,2221,1092,1129
54,40,1133,238,895,68,827,443,384
54,41,105,6,99,11,88,35,53
54,42,254,37,217,17,200,106,94
54,43,907,136,771,36,735,377,358
54,44,128,19,109,15,94,26,68
54,45,335,56,279,29,250,94,156
54,46,280,40,240,15,225,72,153
54,47,160,27,133,11,122,55,67
54,48,324,51,273,33,240,139,101
54,49,400,93,307,26,281,128,153
54,50,69,8,61,5,56,7,49
54,51,980,131,849,62,787,455,332
54,52,90,11,79,9,70,39,31
54,53,105,15,90,4,86,32,54
54,54,961,120,841,48,793,383,410
54,55,250,41,209,21,188,114,74
54,56,137,18,119,12,107,53,54
54,57,63,10,53,3,50,18,32
54,58,83,18,65,2,63,15,48
54,59,518,83,435,24,411,206,205
54,60,1029,188,841,50,791,404,387
54,61,402,58,344,26,318,150,168
54,62,487,70,417,32,385,151,234
54,63,161,22,139,11,128,38,90
54,64,276,45,231,16,215,115,100
54,65,910,169,741,80,661,264,397
54,66,237,30,207,14,193,124,69
54,67,472,83,389,21,368,177,191
54,68,107,20,87,6,81,26,55
54,69,277,49,228,15,213,70,143
54,70,116,10,106,3,103,32,71
54,71,149,26,123,8,115,38,77
54,72,178,24,154,14,140,76,64
54,73,712,120,592,68,524,207,317
54,74,24,3,21,0,21,9,12
54,75,118,12,106,7,99,57,42
54,76,3109,727,2382,184,2198,1326,872
54,77,740,164,576,34,542,263,279
54,78,58,5,53,1,52,11,41
54,79,3210,747,2463,179,2284,1258,1026
54,80,767,142,625,37,588,269,319
54,81,362,67,295,24,271,140,131
54,82,164,20,144,9,135,62,73
54,83,145,24,121,7,114,54,60
54,84,659,150,509,51,458,275,183
54,85,80,11,69,10,59,21,38
54,86,297,59,238,14,224,83,141
54,87,95,7,88,9,79,46,33
54,88,158,14,144,10,134,49,85
54,89,1135,152,983,67,916,406,510
54,90,3170,485,2685,198,2487,1293,1194
54,91,196,27,169,13,156,55,101
54,92,57,9,48,7,41,23,18
54,93,134,15,119,7,112,43,69
54,94,147,10,137,6,131,42,89
54,95,28,6,22,1,21,10,11
54,96,240,40,200,14,186,66,120
54,97,121,27,94,5,89,35,54
54,98,135,17,118,7,111,44,67
54,99,3889,937,2952,141,2811,1647,1164
54,100,549,103,446,27,419,206,213
54,101,111,14,97,6,91,20,71
54,102,465,63,402,26,376,132,244
54,103,180,28,152,6,146,52,94
54,104,187,22,165,13,152,56,96
54,105,377,35,342,13,329,169,160
54,106,56,6,50,2,48,13,35
54,107,49,6,43,4,39,10,29
54,108,91,11,80,3,77,37,40
54,109,604,80,524,31,493,233,260
54,110,448,36,412,24,388,168,220
54,111,2246,412,1834,116,1718,988,730
54,112,445,90,355,27,328,110,218
54,113,870,129,741,59,682,304,378
54,114,271,38,233,16,217,85,132
54,115,4877,936,3941,256,3685,2154,1531
54,116,1531,230,1301,80,1221,538,683
54,117,95,18,77,7,70,27,43
54,118,388,76,312,22,290,117,173
54,119,55,1,54,3,51,21,30
54,120,283,65,218,22,196,92,104
54,121,161,15,146,9,137,80,57
54,122,558,79,479,42,437,204,233
54,123,1257,207,1050,55,995,548,447
54,124,36,3,33,5,28,8,20
54,125,351,50,301,16,285,136,149
54,126,186,27,159,17,142,50,92
54,127,495,77,418,19,399,157,242
54,128,588,120,468,38,430,158,272
54,129,1262,321,941,72,869,396,473
54,130,159,19,140,5,135,50,85
54,131,377,46,331,25,306,142,164
54,132,61,10,51,1,50,26,24
54,133,116,18,98,2,96,20,76
54,134,203,48,155,14,141,62,79
54,135,939,133,806,64,742,274,468
54,136,1829,312,1517,105,1412,900,512
54,137,459,101,358,17,341,168,173
54,138,1782,259,1523,80,1443,638,805
54,139,179,7,172,13,159,62,97
54,140,83,11,72,2,70,24,46
54,141,111,13,98,3,95,40,55
54,142,116,27,89,2,87,40,47
54,143,272,45,227,21,206,83,123
54,144,325,43,282,26,256,133,123
54,145,705,115,590,38,552,310,242
54,146,226,35,191,16,175,91,84
54,147,94,12,82,8,74,34,40
54,148,510,78,432,37,395,201,194
54,149,1191,283,908,46,862,590,272
54,150,2209,404,1805,120,1685,884,801
54,151,733,122,611,45,566,272,294
54,152,2422,381,2041,151,1890,1199,691
54,153,58,6,52,7,45,18,27
54,154,425,65,360,18,342,156,186
54,155,276,26,250,22,228,111,117
54,156,404,60,344,28,316,124,192
54,157,3604,863,2741,230,2511,1412,1099
54,158,85,5,80,5,75,36,39
54,159,7332,1736,5596,413,5183,2821,2362
54,160,274,37,237,22,215,102,113
54,161,234,42,192,6,186,54,132
54,162,951,164,787,46,741,339,402
54,163,210,33,177,13,164,57,107
54,164,68,7,61,4,57,22,35
54,165,555,72,483,17,466,156,310
54,166,30,2,28,6,22,5,17
54,167,1429,215,1214,81,1133,449,684
54,168,238,26,212,3,209,108,101
54,169,57,10,47,1,46,19,27
54,170,55,5,50,3,47,30,17
54,171,881,136,745,56,689,382,307
54,172,188,22,166,9,157,68,89
54,173,120,10,110,5,105,41,64
54,174,2649,466,2183,143,2040,880,1160
54,175,258,53,205,19,186,92,94
54,176,925,135,790,68,722,357,365
54,177,191,24,167,15,152,68,84
54,178,96,14,82,2,80,17,63
54,179,234,35,199,8,191,82,109
54,180,68,3,65,3,62,25,37
54,181,487,97,390,19,371,248,123
54,182,253,37,216,19,197,66,131
54,183,81,12,69,5,64,16,48
54,184,6018,1287,4731,268,4463,2242,2221
54,185,50,3,47,3,44,29,15
54,186,784,92,692,32,660,342,318
54,187,82,11,71,9,62,22,40
54,188,898,156,742,79,663,355,308
54,189,450,88,362,21,341,154,187
54,190,87,12,75,5,70,22,48
54,191,118,22,96,7,89,23,66
54,192,206,21,185,10,175,60,115
54,193,58,7,51,4,47,19,28
54,194,347,57,290,20,270,122,148
54,195,155,9,146,13,133,71,62
54,196,1079,155,924,65,859,419,440
54,197,1961,234,1727,106,1621,775,846
54,198,230,54,176,9,167,90,77
54,199,292,46,246,25,221,80,141
54,200,142,19,123,10,113,23,90
54,201,254,29,225,15,210,64,146
54,202,244,24,220,16,204,70,134
54,203,128,13,115,4,111,36,75
54,204,89,21,68,4,64,28,36
54,205,2082,516,1566,110,1456,796,660
54,206,272,32,240,20,220,81,139
54,207,95,17,78,8,70,22,48
54,208,262,40,222,23,199,71,128
54,209,42,5,37,2,35,16,19
54,210,154,13,141,18,123,53,70
54,211,160,11,149,14,135,40,95
54,212,295,46,249,22,227,103,124
54,213,307,44,263,31,232,145,87
54,214,486,59,427,26,401,177,224
54,215,5057,1210,3847,230,3617,2113,1504
54,216,109,10,99,9,90,48,42
54,217,132,19,113,10,103,40,63
54,218,62,11,51,1,50,20,30
54,219,42,1,41,1,40,11,29
54,220,68,12,56,7,49,21,28
54,221,178,22,156,13,143,60,83
54,222,923,139,784,69,715,352,363
54,223,161,22,139,9,130,54,76
54,224,87,21,66,6,60,16,44
54,225,139,16,123,4,119,68,51
54,226,104,13,91,9,82,35,47
54,227,933,168,765,46,719,494,225
54,228,49,9,40,7,33,14,19
54,229,287,39,248,12,236,95,141
54,230,47,4,43,6,37,16,21
54,231,120,24,96,13,83,37,46
54,232,2008,261,1747,98,1649,701,948
54,233,32,0,32,6,26,3,23
54,234,1536,372,1164,72,1092,580,512
54,235,308,50,258,12,246,109,137
54,236,259,42,217,12,205,69,136
54,237,78,14,64,6,58,23,35
54,238,202,38,164,14,150,75,75
54,239,94,12,82,6,76,16,60
54,240,56,7,49,4,45,17,28
54,241,67,5,62,0,62,24,38
54,242,158,20,138,13,125,54,71
54,243,153,18,135,14,121,53,68
54,244,88,11,77,7,70,38,32
54,245,33,1,32,2,30,7,23
54,246,64,7,57,8,49,26,23
54,247,144,21,123,3,120,39,81
54,248,89,17,72,5,67,31,36
54,249,219,47,172,13,159,43,116
54,250,560,85,475,40,435,202,233
54,251,106,19,87,7,80,30,50
54,252,241,26,215,16,199,95,104
54,253,548,99,449,31,418,257,161
54,254,2041,432,1609,89,1520,965,555
54,255,75,8,67,8,59,25,34
54,256,232,34,198,11,187,95,92
54,257,4878,882,3996,248,3748,1836,1912
54,258,122,20,102,8,94,41,53
54,259,181,20,161,11,150,55,95
54,260,672,78,594,40,554,265,289
54,261,2531,752,1779,108,1671,1051,620
54,262,129,9,120,10,110,40,70
54,263,4200,983,3217,170,3047,2284,763
54,264,193,34,159,8,151,63,88
54,265,2004,360,1644,80,1564,790,774
54,266,325,45,280,22,258,149,109
54,268,134,20,114,7,107,38,69
54,269,289,42,247,11,236,99,137
54,270,2392,449,1943,149,1794,1201,593
54,271,110,12,98,5,93,37,56
54,272,301,38,263,12,251,105,146
54,273,6510,1525,4985,285,4700,3100,1600
54,274,5558,1270,4288,251,4037,2256,1781
54,275,167,18,149,18,131,61,70
54,276,555,106,449,42,407,222,185
54,277,346,86,260,13,247,154,93
54,278,65,14,51,3,48,21,27
54,279,744,136,608,76,532,273,259
54,280,4386,1120,3266,176,3090,2159,931
54,281,691,97,594,44,550,246,304
54,282,94,17,77,3,74,36,38
54,283,250,54,196,9,187,110,77
54,284,872,218,654,38,616,435,181
54,285,52,5,47,12,35,23,12
54,286,1220,242,978,58,920,589,331
54,287,196,39,157,15,142,62,80
54,288,379,60,319,24,295,136,159
54,289,310,53,257,17,240,107,133
54,290,161,39,122,4,118,59,59
54,291,209,27,182,16,166,60,106
54,292,162,19,143,8,135,47,88
54,293,82,11,71,10,61,23,38
54,294,120,13,107,8,99,40,59
54,295,705,134,571,27,544,317,227
54,296,339,44,295,14,281,112,169
54,297,252,40,212,23,189,102,87
54,298,107,19,88,7,81,36,45
54,299,171,27,144,8,136,73,63
54,300,4304,849,3455,237,3218,1593,1625
54,301,109,18,91,6,85,49,36
54,302,610,87,523,31,492,262,230
54,303,314,51,263,19,244,122,122
54,304,8939,1811,7128,367,6761,3648,3113
54,305,2023,346,1677,73,1604,783,821
54,306,263,44,219,21,198,129,69
54,307,122,14,108,13,95,37,58
54,308,133,17,116,11,105,51,54
54,309,262,30,232,19,213,102,111
54,310,8,2,6,0,6,1,5
54,311,453,55,398,25,373,150,223
54,312,439,82,357,30,327,163,164
54,313,156,17,139,12,127,67,60
54,314,2440,401,2039,124,1915,985,930
54,315,711,173,538,42,496,240,256
54,316,156,19,137,7,130,42,88
54,317,79,14,65,4,61,21,40
54,318,4495,906,3589,210,3379,1829,1550
54,320,253,38,215,17,198,109,89
54,321,1484,382,1102,52,1050,704,346
54,322,4140,1069,3071,197,2874,1465,1409
54,323,8269,2305,5964,287,5677,3444,2233
54,324,94,20,74,10,64,33,31
54,325,79,13,66,6,60,38,22
54,326,187,35,152,17,135,62,73
54,327,455,43,412,47,365,170,195
54,328,5326,905,4421,251,4170,2185,1985
54,329,13109,3616,9493,626,8867,4539,4328
54,330,307,42,265,15,250,76,174
54,331,249,37,212,9,203,62,141
54,332,1177,225,952,66,886,409,477
54,333,178,34,144,18,126,64,62
54,334,415,56,359,33,326,204,122
54,335,300,30,270,24,246,120,126
54,336,665,93,572,36,536,230,306
54,337,97,18,79,4,75,35,40
54,338,699,85,614,27,587,314,273
54,339,5381,1002,4379,226,4153,2342,1811
54,340,227,33,194,15,179,82,97
54,341,541,76,465,30,435,218,217
54,342,1231,255,976,57,919,627,292
54,343,144,24,120,12,108,43,65
54,344,180,30,150,20,130,57,73
54,345,214,18,196,19,177,65,112
54,346,188,16,172,13,159,67,92
54,348,183,20,163,6,157,69,88
54,349,142,20,122,17,105,48,57
54,350,513,71,442,42,400,174,226
54,351,1196,202,994,66,928,510,418
54,352,664,109,555,34,521,292,229
54,353,691,129,562,41,521,243,278
54,354,33,5,28,0,28,16,12
54,355,73,6,67,6,61,18,43
54,356,60,7,53,1,52,23,29
54,357,4204,824,3380,188,3192,1848,1344
54,358,187,19,168,14,154,81,73
54,359,189,41,148,18,130,66,64
54,360,274,50,224,18,206,96,110
54,362,1036,241,795,60,735,439,296
54,363,194,36,158,13,145,64,81
54,364,1027,121,906,51,855,405,450
54,365,309,51,258,24,234,99,135
54,366,1283,178,1105,86,1019,540,479
54,367,1764,375,1389,59,1330,805,525
54,368,138,22,116,9,107,35,72
54,369,432,53,379,32,347,175,172
54,370,187,31,156,16,140,57,83
54,371,795,142,653,47,606,400,206
54,372,368,66,302,22,280,163,117
54,373,407,65,342,24,318,161,157
54,374,399,77,322,12,310,164,146
54,375,952,209,743,51,692,322,370
54,376,312,37,275,23,252,150,102
54,377,116,28,88,7,81,42,39
54,378,367,65,302,17,285,128,157
54,379,84,2,82,4,78,27,51
54,380,274,24,250,15,235,98,137
54,381,69,8,61,1,60,14,46
54,382,3995,1018,2977,141,2836,1928,908
54,383,795,114,681,51,630,316,314
54,385,711,133,578,43,535,290,245
54,386,89,7,82,5,77,32,45
54,387,114,23,91,11,80,40,40
54,388,61,9,52,8,44,9,35
54,389,75,13,62,4,58,21,37
54,390,125,30,95,5,90,47,43
54,391,1375,299,1076,62,1014,767,247
54,392,218,17,201,21,180,79,101
54,393,427,73,354,28,326,169,157
54,394,191,30,161,11,150,50,100
54,395,54403,12645,41758,1727,40031,22018,18013
54,396,166,22,144,7,137,68,69
54,397,4977,1120,3857,257,3600,2068,1532
54,398,80,16,64,1,63,30,33
54,399,204,57,147,5,142,72,70
54,400,884,141,743,42,701,351,350
54,401,94,12,82,9,73,27,46
54,402,306,45,261,23,238,109,129
54,403,992,199,793,41,752,327,425
54,404,167,20,147,6,141,63,78
54,405,290,34,256,26,230,95,135
54,406,224,42,182,10,172,86,86
54,407,93,14,79,7,72,21,51
54,408,189,25,164,14,150,58,92
54,409,127,10,117,11,106,34,72
54,410,347,73,274,13,261,131,130
54,411,174,20,154,13,141,59,82
54,412,31,6,25,4,21,9,12
54,413,114,16,98,8,90,47,43
54,414,431,60,371,23,348,171,177
54,415,3227,674,2553,169,2384,1189,1195
54,416,126,10,116,16,100,47,53
54,417,181,28,153,12,141,56,85
54,418,158,25,133,6,127,52,75
54,419,68,10,58,6,52,23,29
54,420,68,13,55,5,50,28,22
54,421,286,44,242,18,224,86,138
54,422,54,2,52,3,49,16,33
54,423,310,57,253,26,227,113,114
54,424,37,4,33,3,30,15,15
54,425,1706,445,1261,81,1180,785,395
54,426,421,63,358,23,335,162,173
54,427,103,13,90,3,87,49,38
54,428,646,155,491,33,458,229,229
54,429,250,42,208,14,194,82,112
54,430,3259,727,2532,160,2372,1438,934
54,431,9539,2563,6976,417,6559,3354,3205
54,432,1451,317,1134,96,1038,592,446
54,433,195,35,160,14,146,51,95
54,434,197,28,169,13,156,54,102
54,435,312,44,268,15,253,153,100
54,436,114,18,96,6,90,40,50
54,437,952,144,808,59,749,422,327
54,438,59,7,52,9,43,20,23
54,439,3686,653,3033,202,2831,1389,1442
54,440,98,13,85,8,77,36,41
54,441,184,16,168,11,157,71,86
54,442,78,19,59,2,57,25,32
54,443,42,9,33,1,32,12,20
54,444,140,20,120,9,111,40,71
54,445,78,13,65,5,60,17,43
54,446,54,3,51,2,49,19,30
54,447,67,14,53,2,51,23,28
54,449,734,83,651,58,593,314,279
54,450,101,16,85,1,84,32,52
54,451,2473,621,1852,110,1742,957,785
54,452,71,13,58,2,56,43,13
54,453,152,18,134,13,121,70,51
54,455,134,21,113,10,103,32,71
54,456,366,51,315,24,291,99,192
54,457,39,5,34,4,30,11,19
54,458,90,17,73,1,72,23,49
54,459,2147,335,1812,88,1724,795,929
54,460,119,15,104,5,99,42,57
54,461,62,1,61,11,50,20,30
54,462,2033,400,1633,119,1514,792,722
54,463,172,14,158,6,152,70,82
54,464,65,4,61,4,57,17,40
54,465,499,80,419,31,388,178,210
54,466,251,48,203,19,184,102,82
54,467,141,19,122,13,109,38,71
54,468,105,11,94,1,93,37,56
54,469,275,39,236,13,223,106,117
54,470,57,7,50,2,48,16,32
54,471,68,13,55,6,49,13,36
54,472,724,167,557,51,506,270,236
54,473,172,13,159,6,153,55,98
54,474,142,19,123,6,117,42,75
54,475,134,24,110,8,102,38,64
54,476,247,23,224,18,206,102,104
54,477,126,19,107,6,101,36,65
54,478,131,19,112,4,108,42,66
54,479,83,12,71,6,65,20,45
54,480,65,16,49,4,45,13,32
54,481,85,12,73,4,69,29,40
54,482,7352,1697,5655,320,5335,2742,2593
54,483,5370,1222,4148,308,3840,1945,1895
54,484,163,22,141,17,124,53,71
54,485,202,55,147,7,140,74,66
54,486,249,39,210,16,194,85,109
54,487,70,10,60,5,55,21,34
54,488,41,7,34,4,30,20,10
54,489,129,25,104,16,88,42,46
54,490,1082,176,906,64,842,398,444
54,491,265,46,219,18,201,117,84
54,492,112,14,98,4,94,42,52
54,493,1701,323,1378,100,1278,790,488
54,494,73,16,57,9,48,23,25
54,495,3244,516,2728,166,2562,1195,1367
54,496,256,52,204,26,178,72,106
54,497,73,12,61,4,57,19,38
54,498,4115,758,3357,169,3188,1602,1586
54,499,77,7,70,3,67,12,55
54,500,139,28,111,5,106,53,53
54,501,77,12,65,6,59,27,32
54,502,176,28,148,17,131,48,83
54,504,464,81,383,38,345,195,150
54,505,486,44,442,25,417,217,200
54,506,261,13,248,13,235,75,160
54,507,117,22,95,8,87,37,50
54,508,183,24,159,11,148,63,85
54,509,733,103,630,61,569,344,225
54,510,213,34,179,10,169,70,99
54,511,119,20,99,8,91,52,39
54,512,98,24,74,1,73,20,53
54,513,477,80,397,36,361,182,179
54,514,373,65,308,12,296,141,155
54,515,236,34,202,11,191,86,105
54,516,15,3,12,2,10,1,9
54,517,167,21,146,6,140,49,91
54,518,738,160,578,57,521,218,303
54,519,425,71,354,33,321,129,192
54,520,300,37,263,32,231,108,123
54,521,1176,309,867,46,821,585,236
54,522,108,9,99,3,96,29,67
54,523,126,14,112,8,104,32,72
54,524,69,6,63,7,56,28,28
54,525,478,85,393,16,377,222,155
54,526,5459,1274,4185,253,3932,2400,1532
54,527,548,62,486,27,459,211,248
54,528,10053,2649,7404,490,6914,3416,3498
54,529,41,4,37,3,34,13,21
54,530,70,11,59,5,54,9,45
54,531,46,7,39,4,35,16,19
54,532,138,8,130,18,112,44,68
54,533,1599,277,1322,89,1233,806,427
54,534,399,76,323,25,298,126,172
54,535,166,30,136,18,118,37,81
54,536,2230,600,1630,85,1545,1081,464
54,537,498,63,435,27,408,208,200
54,538,330,61,269,15,254,136,118
54,539,225,41,184,16,168,66,102
54,540,533,141,392,28,364,216,148
54,541,144,21,123,5,118,51,67
54,542,1791,317,1474,84,1390,935,455
54,543,120,15,105,6,99,44,55
54,544,120,16,104,7,97,43,54
54,545,168,23,145,10,135,70,65
54,546,650,91,559,49,510,208,302
54,547,15382,3191,12191,623,11568,6759,4809
54,548,455,79,376,24,352,255,97
54,549,2841,571,2270,155,2115,1230,885
54,550,250,20,230,15,215,102,113
54,551,60,4,56,6,50,20,30
54,552,81,15,66,2,64,22,42
54,553,159,20,139,16,123,72,51
54,554,59,2,57,2,55,11,44
54,555,70,13,57,1,56,16,40
54,556,103,20,83,3,80,31,49
54,557,1243,182,1061,67,994,374,620
54,558,242,37,205,18,187,107,80
54,559,262,40,222,19,203,115,88
54,560,48,17,31,4,27,13,14
54,561,41,9,32,3,29,15,14
54,562,109,23,86,4,82,32,50
54,563,951,193,758,45,713,341,372
54,564,137,18,119,5,114,22,92
54,565,201,28,173,6,167,90,77
54,566,83,23,60,4,56,29,27
54,567,357,56,301,31,270,114,156
54,568,197,32,165,14,151,86,65
54,569,120,21,99,6,93,51,42
54,570,241,37,204,16,188,83,105
54,571,527,67,460,27,433,166,267
54,572,390,117,273,20,253,143,110
54,573,148,23,125,7,118,41,77
54,574,457,66,391,26,365,167,198
54,575,1141,161,980,72,908,481,427
54,576,84,10,74,4,70,18,52
54,577,81,14,67,6,61,24,37
54,578,11350,2388,8962,453,8509,4435,4074
54,579,280,44,236,12,224,96,128
54,580,5728,1383,4345,207,4138,2833,1305
54,581,229,27,202,17,185,115,70
54,582,142,43,99,8,91,43,48
54,583,317,34,283,18,265,141,124
54,584,836,129,707,25,682,307,375
54,585,349,42,307,36,271,135,136
54,586,558,71,487,44,443,181,262
54,587,156,30,126,12,114,57,57
54,588,306,59,247,12,235,122,113
54,589,100,10,90,7,83,32,51
54,590,454,86,368,22,346,129,217
54,591,261,23,238,14,224,87,137
54,592,198,20,178,7,171,78,93
54,593,310,49,261,16,245,131,114
54,594,97,15,82,8,74,29,45
54,595,430,50,380,24,356,186,170
54,596,611,94,517,53,464,216,248
54,597,360,44,316,26,290,140,150
54,598,204,31,173,14,159,81,78
54,599,98,14,84,8,76,30,46
54,600,102,10,92,9,83,23,60
54,601,100,13,87,11,76,25,51
54,602,93,13,80,8,72,20,52
55,1,250,33,217,34,183,75,108
55,2,88,8,80,6,74,25,49
55,4,66,8,58,7,51,16,35
55,5,46,4,42,2,40,15,25
55,7,211,28,183,10,173,82,91
55,8,128,10,118,10,108,26,82
55,9,421,71,350,24,326,189,137
55,10,2106,341,1765,160,1605,713,892
55,11,183,49,134,9,125,41,84
55,12,295,43,252,9,243,101,142
55,13,353,51,302,17,285,123,162
55,14,340,47,293,20,273,122,151
55,15,362,80,282,25,257,117,140
55,17,99,12,87,8,79,28,51
55,18,35,5,30,1,29,13,16
55,21,62,13,49,5,44,15,29
55,22,101,20,81,12,69,31,38
55,23,98,16,82,16,66,21,45
55,24,137,18,119,6,113,50,63
55,25,206,30,176,15,161,61,100
55,26,112,17,95,12,83,40,43
55,27,132,26,106,8,98,35,63
55,28,103,14,89,7,82,27,55
55,29,10582,2273,8309,546,7763,4259,3504
55,30,65,13,52,6,46,16,30
55,31,378,62,316,18,298,128,170
55,32,45,3,42,4,38,3,35
55,33,16,3,13,1,12,3,9
55,34,80,13,67,3,64,32,32
55,35,145,17,128,16,112,44,68
55,36,70,6,64,6,58,28,30
55,37,119,14,105,3,102,41,61
55,38,46,6,40,1,39,10,29
55,40,229,25,204,18,186,65,121
55,41,589,82,507,32,475,223,252
55,42,362,39,323,19,304,145,159
55,43,2488,443,2045,142,1903,873,1030
55,44,32,3,29,3,26,9,17
55,45,406,55,351,39,312,153,159
55,46,103,14,89,4,85,24,61
55,47,168,42,126,9,117,39,78
55,48,31,2,29,3,26,8,18
55,49,299,39,260,19,241,122,119
55,51,105,20,85,9,76,25,51
55,53,240,39,201,8,193,80,113
55,54,56,5,51,2,49,17,32
55,55,17,0,17,4,13,0,13
55,57,64,14,50,12,38,7,31
55,58,228,14,214,9,205,97,108
55,59,190,40,150,17,133,42,91
55,60,313,50,263,20,243,120,123
55,61,190,36,154,17,137,57,80
55,62,97,17,80,1,79,17,62
55,63,1863,396,1467,97,1370,941,429
55,64,84,13,71,9,62,17,45
55,65,111,14,97,10,87,24,63
55,66,111,15,96,9,87,24,63
55,67,98,13,85,2,83,31,52
55,68,78,16,62,2,60,29,31
55,69,190,24,166,17,149,56,93
55,70,90,7,83,4,79,29,50
55,71,130,32,98,5,93,37,56
55,72,79,10,69,4,65,16,49
55,73,537,57,480,34,446,172,274
55,75,127,24,103,9,94,51,43
55,76,133,15,118,5,113,55,58
55,77,143,35,108,4,104,39,65
55,78,267,44,223,9,214,90,124
55,79,428,51,377,34,343,150,193
55,80,87,7,80,10,70,17,53
55,81,55,3,52,5,47,18,29
55,82,48,2,46,2,44,18,26
55,83,122,23,99,3,96,44,52
55,84,70,18,52,3,49,26,23
55,85,204,38,166,30,136,61,75
55,87,70,11,59,7,52,17,35
55,88,108,21,87,5,82,31,51
55,89,68,12,56,5,51,12,39
55,93,227,20,207,17,190,70,120
55,94,409,65,344,28,316,149,167
55,95,128,35,93,5,88,46,42
55,96,86,17,69,5,64,30,34
55,97,252,36,216,15,201,83,118
55,99,107,17,90,5,85,39,46
55,100,80,7,73,3,70,27,43
55,101,259,38,221,21,200,85,115
55,102,437,79,358,26,332,106,226
55,103,29,4,25,2,23,9,14
55,104,78,10,68,8,60,22,38
55,105,112,12,100,7,93,38,55
55,106,131,24,107,14,93,39,54
55,107,44,6,38,2,36,7,29
55,108,128,18,110,6,104,33,71
55,109,144,26,118,3,115,68,47
55,110,164,34,130,6,124,77,47
55,111,405,53,352,25,327,133,194
55,113,120,14,106,8,98,44,54
55,114,158,22,136,10,126,47,79
55,115,43,4,39,3,36,9,27
55,116,41,5,36,0,36,20,16
55,117,1068,190,878,82,796,375,421
55,118,62,5,57,10,47,24,23
55,119,150,28,122,11,111,50,61
55,120,696,90,606,49,557,255,302
55,121,90,6,84,5,79,38,41
55,122,3776,862,2914,180,2734,1620,1114
55,123,586,93,493,36,457,179,278
55,124,222,42,180,21,159,52,107
55,125,564,97,467,42,425,194,231
55,127,33,2,31,4,27,9,18
55,128,42,2,40,4,36,6,30
55,129,50,15,35,5,30,15,15
55,132,1273,231,1042,102,940,408,532
55,133,89,18,71,3,68,28,40
55,134,113,18,95,4,91,46,45
55,137,43,8,35,0,35,5,30
55,140,10,0,10,1,9,1,8
55,141,65,7,58,9,49,16,33
55,142,143,37,106,7,99,50,49
55,143,111,10,101,4,97,41,56
55,144,351,70,281,21,260,110,150
55,145,421,69,352,20,332,155,177
55,146,166,32,134,16,118,45,73
55,148,115,11,104,10,94,42,52
55,149,75,16,59,3,56,26,30
55,150,441,86,355,46,309,153,156
55,153,143,20,123,6,117,48,69
55,154,1091,227,864,72,792,389,403
55,155,326,46,280,16,264,98,166
55,156,116,24,92,4,88,21,67
55,157,43,7,36,7,29,13,16
55,158,567,106,461,34,427,248,179
55,159,298,69,229,34,195,95,100
55,160,46,3,43,5,38,10,28
55,162,35,5,30,2,28,18,10
55,163,61,7,54,1,53,21,32
55,164,6,0,6,0,6,0,6
55,165,323,53,270,22,248,119,129
55,166,1109,202,907,55,852,494,358
55,167,427,63,364,20,344,173,171
55,168,33,2,31,7,24,8,16
55,169,286,78,208,6,202,104,98
55,170,103,13,90,10,80,43,37
55,171,182,21,161,14,147,67,80
55,172,55,7,48,7,41,13,28
55,173,44,3,41,2,39,10,29
55,174,65,6,59,2,57,15,42
55,175,144,20,124,14,110,44,66
55,177,62,9,53,4,49,14,35
55,178,151,22,129,7,122,38,84
55,179,145,18,127,7,120,35,85
55,180,115,28,87,14,73,32,41
55,181,2466,518,1948,141,1807,822,985
55,182,171,34,137,12,125,42,83
55,183,44,4,40,1,39,16,23
55,184,1376,296,1080,60,1020,440,580
55,185,63,5,58,1,57,13,44
55,186,1722,231,1491,112,1379,700,679
55,188,33,12,21,0,21,9,12
55,191,184,34,150,12,138,59,79
55,192,44,9,35,5,30,14,16
55,193,98,13,85,4,81,32,49
55,194,53,9,44,1,43,10,33
55,195,119,20,99,10,89,49,40
55,196,88,14,74,7,67,27,40
55,197,122,12,110,14,96,39,57
55,198,520,87,433,36,397,158,239
55,199,80,16,64,3,61,28,33
55,200,206,37,169,6,163,60,103
55,201,51,6,45,5,40,17,23
55,202,139,33,106,6,100,50,50
55,204,179,43,136,9,127,73,54
55,206,126,19,107,6,101,31,70
55,207,37,12,25,2,23,14,9
55,208,42,4,38,0,38,11,27
55,210,41,3,38,0,38,13,25
55,211,53,6,47,7,40,16,24
55,212,79,21,58,7,51,31,20
55,214,224,22,202,17,185,102,83
55,215,763,120,643,51,592,270,322
55,216,40,9,31,2,29,13,16
55,217,96,12,84,7,77,27,50
55,218,22,0,22,2,20,9,11
55,219,74,8,66,5,61,23,38
55,220,73,6,67,13,54,30,24
55,221,234,42,192,17,175,91,84
55,222,32,0,32,2,30,7,23
55,224,476,91,385,52,333,156,177
55,225,119,20,99,7,92,34,58
55,226,79,7,72,7,65,35,30
55,228,450,86,364,35,329,142,187
55,229,223,38,185,17,168,63,105
55,232,104,7,97,9,88,32,56
55,236,677,94,583,35,548,227,321
55,237,194,53,141,10,131,58,73
55,241,70,12,58,12,46,10,36
55,242,98,6,92,8,84,49,35
55,243,132,12,120,7,113,48,65
55,244,197,38,159,6,153,32,121
55,245,156,19,137,6,131,49,82
55,246,107,16,91,7,84,29,55
55,247,57,11,46,2,44,16,28
55,248,270,39,231,23,208,86,122
55,250,164,27,137,4,133,54,79
55,251,83,10,73,5,68,9,59
55,252,106,26,80,16,64,22,42
55,253,563,112,451,33,418,166,252
55,254,92,16,76,11,65,26,39
55,255,181,47,134,9,125,51,74
55,256,106,26,80,10,70,24,46
55,257,55,4,51,6,45,16,29
55,258,436,61,375,21,354,156,198
55,260,60,7,53,5,48,17,31
55,261,104,14,90,7,83,43,40
55,262,164,29,135,9,126,57,69
55,263,121,6,115,10,105,50,55
55,264,210,33,177,22,155,80,75
55,265,101,19,82,8,74,29,45
55,266,55,11,44,6,38,23,15
55,267,204,24,180,18,162,66,96
55,268,502,82,420,38,382,141,241
55,269,89,11,78,11,67,37,30
55,270,24,3,21,1,20,7,13
55,271,315,46,269,35,234,86,148
55,272,350,35,315,31,284,158,126
55,274,260,37,223,23,200,82,118
55,275,65,16,49,3,46,24,22
55,276,169,26,143,7,136,71,65
55,278,137,14,123,6,117,34,83
55,279,306,45,261,20,241,121,120
55,280,51,12,39,5,34,5,29
55,281,65,9,56,3,53,19,34
55,282,73,7,66,4,62,21,41
55,284,72,16,56,15,41,18,23
55,285,133,15,118,11,107,52,55
55,286,164,18,146,12,134,57,77
55,288,986,130,856,57,799,455,344
55,289,39,2,37,2,35,3,32
55,290,45,9,36,2,34,15,19
55,291,3167,716,2451,168,2283,1175,1108
55,292,150,38,112,7,105,42,63
55,293,128,19,109,8,101,47,54
55,295,31,1,30,1,29,11,18
55,296,420,78,342,25,317,151,166
55,297,100,20,80,7,73,36,37
55,298,395,47,348,31,317,149,168
55,299,81,21,60,1,59,20,39
55,300,189,46,143,12,131,59,72
55,301,104,13,91,3,88,38,50
55,302,982,182,800,49,751,330,421
55,303,73,6,67,8,59,23,36
55,304,162,19,143,7,136,51,85
55,306,104,20,84,7,77,24,53
55,310,93,10,83,6,77,43,34
55,311,26,8,18,1,17,3,14
55,312,129,15,114,3,111,38,73
55,313,65,11,54,5,49,17,32
55,315,107,9,98,5,93,14,79
55,316,271,49,222,23,199,70,129
55,317,134,20,114,7,107,45,62
55,320,59,10,49,0,49,16,33
55,321,138,20,118,3,115,39,76
55,322,39,2,37,2,35,16,19
55,323,46,1,45,5,40,15,25
55,324,405,73,332,20,312,138,174
55,325,43,5,38,2,36,14,22
55,326,86,10,76,5,71,30,41
55,327,215,38,177,16,161,50,111
55,328,231,27,204,8,196,55,141
55,329,187,32,155,13,142,59,83
55,330,84,11,73,6,67,29,38
55,331,70,4,66,2,64,8,56
55,332,204,38,166,15,151,66,85
55,333,47,9,38,1,37,12,25
55,334,130,15,115,16,99,48,51
55,335,205,38,167,22,145,61,84
55,336,121,25,96,4,92,36,56
55,338,137,22,115,9,106,63,43
55,339,62,6,56,3,53,8,45
55,340,301,56,245,21,224,107,117
55,341,110,17,93,1,92,22,70
55,343,60,11,49,2,47,18,29
55,344,26,4,22,4,18,7,11
55,345,94,21,73,5,68,39,29
55,346,224,34,190,21,169,49,120
55,347,275,45,230,7,223,118,105
55,348,334,64,270,22,248,99,149
55,349,128,19,109,3,106,42,64
55,350,77,12,65,8,57,21,36
55,351,1167,246,921,42,879,410,469
55,352,158,29,129,9,120,43,77
55,353,54,4,50,4,46,13,33
55,355,136,17,119,3,116,48,68
55,356,82,15,67,2,65,22,43
55,357,79,17,62,6,56,19,37
55,358,194,27,167,7,160,57,103
55,359,147,32,115,14,101,30,71
55,360,90,15,75,15,60,29,31
55,361,95,11,84,4,80,30,50
55,362,145,19,126,11,115,38,77
55,363,82,11,71,7,64,31,33
55,364,552,90,462,34,428,265,163
55,365,144,28,116,10,106,63,43
55,366,744,86,658,63,595,297,298
55,367,81,8,73,1,72,19,53
55,368,121,26,95,9,86,20,66
55,369,665,87,578,51,527,283,244
55,370,155,38,117,7,110,44,66
55,371,53,3,50,4,46,13,33
55,372,302,47,255,14,241,121,120
55,373,59,5,54,5,49,23,26
55,374,81,18,63,7,56,26,30
55,375,61,5,56,4,52,8,44
55,376,73,12,61,10,51,16,35
55,377,62,9,53,3,50,11,39
55,378,242,67,175,11,164,75,89
55,379,64,3,61,2,59,28,31
55,380,66,9,57,3,54,12,42
55,381,134,31,103,8,95,42,53
55,382,268,37,231,25,206,71,135
55,383,164,19,145,5,140,55,85
55,384,115,13,102,5,97,43,54
55,385,367,31,336,32,304,117,187
55,386,138,14,124,7,117,30,87
55,387,201,31,170,14,156,47,109
55,388,205,39,166,23,143,49,94
55,389,190,18,172,18,154,52,102
55,391,132,20,112,1,111,55,56
55,394,13,4,9,2,7,1,6
55,395,46,4,42,3,39,11,28
55,396,159,21,138,7,131,63,68
55,397,177,37,140,8,132,43,89
55,398,743,131,612,59,553,272,281
55,399,101,18,83,11,72,27,45
55,400,47,7,40,1,39,20,19
55,401,322,27,295,21,274,104,170
55,403,47,5,42,4,38,9,29
55,404,211,22,189,13,176,93,83
55,405,179,37,142,6,136,54,82
55,406,77,11,66,4,62,25,37
55,407,137,22,115,7,108,45,63
55,408,166,33,133,11,122,53,69
55,409,48,5,43,3,40,13,27
55,410,117,29,88,9,79,31,48
55,411,77,12,65,7,58,12,46
55,412,123,12,111,14,97,30,67
55,414,150,29,121,7,114,45,69
55,415,67,9,58,3,55,24,31
55,416,180,26,154,8,146,77,69
55,419,161,42,119,8,111,39,72
55,420,75,11,64,3,61,27,34
55,421,50,11,39,8,31,10,21
55,422,42,5,37,1,36,19,17
55,423,297,36,261,21,240,91,149
55,424,55,7,48,5,43,8,35
55,425,118,29,89,8,81,44,37
55,426,354,51,303,18,285,158,127
55,427,2062,484,1578,148,1430,702,728
55,428,101,13,88,3,85,44,41
55,429,47,1,46,2,44,22,22
55,430,79,16,63,4,59,6,53
55,431,46,2,44,3,41,10,31
55,433,313,76,237,6,231,88,143
55,434,52,7,45,2,43,11,32
55,435,592,96,496,36,460,222,238
55,436,32,8,24,2,22,8,14
55,437,95,16,79,5,74,31,43
55,438,116,19,97,5,92,37,55
55,439,79,12,67,6,61,27,34
55,442,213,45,168,16,152,62,90
55,443,226,55,171,11,160,63,97
55,444,134,16,118,8,110,42,68
55,445,154,22,132,10,122,43,79
55,446,65,9,56,7,49,22,27
55,447,264,54,210,22,188,91,97
55,448,37,0,37,7,30,19,11
55,449,238,36,202,9,193,91,102
55,450,35,4,31,0,31,17,14
55,452,73,10,63,0,63,38,25
55,453,61,15,46,2,44,6,38
55,454,130,12,118,4,114,47,67
55,456,206,49,157,12,145,53,92
55,457,149,22,127,8,119,60,59
55,458,213,45,168,15,153,68,85
55,459,230,35,195,23,172,72,100
55,460,113,15,98,8,90,38,52
55,461,296,48,248,17,231,106,125
55,462,272,38,234,15,219,125,94
55,463,2638,563,2075,167,1908,904,1004
55,464,127,23,104,11,93,29,64
55,465,60,9,51,10,41,22,19
55,466,248,16,232,24,208,118,90
55,467,575,101,474,40,434,266,168
55,468,64,8,56,4,52,8,44
55,469,84,15,69,5,64,31,33
55,470,154,18,136,20,116,56,60
55,471,79,8,71,4,67,35,32
55,472,112,16,96,4,92,14,78
55,473,107,18,89,4,85,23,62
55,474,205,25,180,16,164,65,99
55,475,55,10,45,5,40,17,23
55,476,386,50,336,27,309,166,143
55,477,346,60,286,20,266,129,137
55,479,166,18,148,16,132,72,60
55,481,203,35,168,14,154,61,93
55,482,75,6,69,7,62,27,35
55,484,45,6,39,3,36,4,32
55,485,70,7,63,3,60,31,29
55,487,88,12,76,8,68,38,30
55,488,150,17,133,12,121,64,57
55,489,221,32,189,13,176,79,97
55,490,269,53,216,20,196,89,107
55,492,619,129,490,34,456,251,205
55,493,180,54,126,9,117,52,65
55,494,412,64,348,29,319,146,173
55,495,175,27,148,6,142,58,84
55,496,751,127,624,52,572,253,319
55,497,267,29,238,17,221,89,132
55,498,254,42,212,12,200,63,137
55,500,521,67,454,34,420,175,245
55,501,314,36,278,17,261,103,158
55,502,1722,437,1285,114,1171,631,540
55,503,116,12,104,5,99,39,60
55,504,306,42,264,28,236,121,115
55,505,1952,377,1575,97,1478,663,815
55,506,35,7,28,1,27,8,19
55,507,159,27,132,7,125,65,60
55,508,97,23,74,1,73,24,49
55,509,186,38,148,17,131,60,71
55,510,90,22,68,8,60,17,43
55,511,96,22,74,5,69,23,46
55,512,225,39,186,18,168,89,79
55,514,470,68,402,31,371,175,196
55,515,57,2,55,3,52,29,23
55,516,489,90,399,38,361,200,161
55,517,403,65,338,22,316,126,190
55,518,99,6,93,8,85,24,61
55,519,1140,185,955,54,901,530,371
55,520,293,49,244,37,207,92,115
55,521,181,24,157,25,132,59,73
55,522,95,11,84,13,71,26,45
55,523,127,23,104,6,98,40,58
55,525,52,8,44,1,43,19,24
55,526,196,29,167,15,152,92,60
55,527,449,74,375,22,353,143,210
55,528,50,4,46,5,41,10,31
55,530,74,12,62,5,57,24,33
55,531,196,26,170,22,148,86,62
55,532,259,42,217,23,194,77,117
55,533,1335,271,1064,80,984,473,511
55,534,53,5,48,6,42,27,15
55,535,48,9,39,1,38,21,17
55,536,24,0,24,2,22,8,14
55,537,59,6,53,4,49,21,28
55,540,51,7,44,1,43,15,28
55,541,397,60,337,17,320,162,158
55,543,808,135,673,70,603,260,343
55,544,83,21,62,3,59,41,18
55,545,12078,3437,8641,476,8165,3841,4324
55,546,117,33,84,5,79,33,46
55,547,71,13,58,2,56,7,49
55,549,90,18,72,8,64,21,43
55,551,1132,182,950,62,888,413,475
55,552,51,10,41,6,35,11,24
55,553,970,129,841,43,798,412,386
55,554,135,22,113,11,102,58,44
55,555,24,0,24,1,23,6,17
55,556,48,6,42,2,40,6,34
55,557,113,22,91,6,85,34,51
55,559,30,7,23,3,20,13,7
55,560,111,7,104,6,98,46,52
55,561,68,11,57,1,56,19,37
55,562,118,19,99,10,89,31,58
55,563,67,10,57,9,48,24,24
55,565,57,11,46,7,39,21,18
55,566,199,34,165,16,149,84,65
55,567,81,14,67,3,64,23,41
55,568,254,32,222,23,199,86,113
55,569,133,26,107,12,95,30,65
55,570,155,17,138,13,125,44,81
55,571,150,22,128,12,116,52,64
55,572,69,11,58,3,55,15,40
55,573,1306,248,1058,93,965,437,528
55,574,60,2,58,2,56,22,34
55,575,76,4,72,5,67,45,22
55,577,52,7,45,3,42,15,27
55,578,138,22,116,10,106,56,50
55,579,89,17,72,2,70,29,41
55,580,41,6,35,1,34,13,21
55,581,103,11,92,8,84,34,50
55,582,87,11,76,7,69,35,34
55,583,149,28,121,5,116,38,78
55,584,88,10,78,8,70,27,43
55,586,78,4,74,3,71,17,54
56,1,2649,329,2320,136,2184,1122,1062
56,2,1416,223,1193,69,1124,568,556
56,3,4508,512,3996,159,3837,1781,2056
56,4,1097,120,977,45,932,428,504
56,5,2147,272,1875,64,1811,641,1170
56,6,1073,124,949,58,891,474,417
56,7,8790,1768,7022,325,6697,3548,3149
56,8,3637,486,3151,159,2992,1301,1691
56,9,865,120,745,44,701,401,300
56,10,4391,588,3803,260,3543,2063,1480
56,11,1083,150,933,40,893,401,492
56,12,971,96,875,44,831,442,389
56,13,3039,503,2536,150,2386,1267,1119
56,14,1142,149,993,63,930,498,432
56,15,1164,124,1040,59,981,504,477
56,16,564,81,483,27,456,298,158
56,17,2127,293,1834,156,1678,793,885
56,18,662,78,584,33,551,284,267
56,19,316,36,280,25,255,115,140
56,20,529,61,468,25,443,267,176
56,21,920,124,796,47,749,396,353
56,22,924,147,777,58,719,359,360
56,23,4739,606,4133,236,3897,2023,1874
56,24,1713,246,1467,98,1369,542,827
56,25,170,25,145,7,138,74,64
56,26,1958,378,1580,110,1470,851,619
56,27,382,65,317,26,291,113,178
56,28,1194,155,1039,45,994,444,550
56,29,781,98,683,49,634,372,262
56,30,752,92,660,30,630,251,379
56,31,2261,322,1939,131,1808,1105,703
56,32,1436,194,1242,73,1169,613,556
56,33,2098,360,1738,121,1617,703,914
56,34,4086,580,3506,187,3319,1131,2188
56,35,913,128,785,44,741,333,408
56,36,5463,852,4611,255,4356,2147,2209
56,37,974,112,862,54,808,458,350
56,38,545,86,459,38,421,251,170
56,39,631,86,545,49,496,242,254
56,40,2611,374,2237,151,2086,1176,910
56,41,2267,262,2005,128,1877,1055,822
56,42,1596,194,1402,88,1314,668,646
56,43,557,76,481,21,460,286,174
56,44,599,66,533,33,500,280,220
56,45,421,37,384,23,361,210,151
56,46,2771,367,2404,125,2279,919,1360
56,47,1029,115,914,61,853,371,482
56,48,585,111,474,24,450,274,176
56,49,122,13,109,12,97,46,51
56,50,598,65,533,34,499,202,297
56,51,475,63,412,21,391,144,247
56,52,1721,245,1476,69,1407,659,748
56,53,3893,566,3327,171,3156,1584,1572
56,54,2948,495,2453,166,2287,1126,1161
56,55,1857,319,1538,81,1457,733,724
56,56,160,23,137,10,127,70,57
56,57,2175,301,1874,101,1773,1057,716
56,58,2287,348,1939,126,1813,935,878
56,59,376,63,313,16,297,125,172
56,60,722,68,654,36,618,296,322
56,61,1661,278,1383,77,1306,669,637
56,62,625,103,522,26,496,270,226
56,63,2047,249,1798,128,1670,924,746
56,64,661,71,590,34,556,296,260
56,65,448,59,389,20,369,200,169
56,66,3316,486,2830,173,2657,1524,1133
56,67,3790,584,3206,212,2994,1445,1549
56,68,243,32,211,14,197,86,111
56,69,2191,359,1832,85,1747,972,775
56,70,1775,269,1506,105,1401,629,772
56,71,637,86,551,29,522,226,296
56,72,391,65,326,26,300,146,154
56,73,772,128,644,41,603,370,233
56,74,1067,122,945,74,871,381,490
56,75,4180,584,3596,185,3411,1411,2000
56,76,1021,132,889,59,830,533,297
56,77,642,93,549,33,516,261,255
56,78,8687,1128,7559,413,7146,3358,3788
56,79,995,121,874,59,815,457,358
56,80,910,147,763,41,722,364,358
56,81,1998,365,1633,116,1517,929,588
56,82,245,24,221,19,202,107,95
56,83,11594,1985,9609,574,9035,5758,3277
56,84,622,97,525,30,495,270,225
56,85,144,15,129,6,123,53,70
56,86,338,75,263,13,250,105,145
56,87,621,68,553,17,536,169,367
56,88,290,28,262,11,251,108,143
56,89,1617,238,1379,102,1277,760,517
56,90,4995,774,4221,261,3960,2677,1283
56,91,1639,272,1367,76,1291,599,692
56,92,604,95,509,41,468,246,222
56,93,528,71,457,29,428,197,231
56,94,4453,504,3949,251,3698,1952,1746
56,96,1647,235,1412,102,1310,736,574
56,97,2497,385,2112,152,1960,1051,909
56,98,16539,3221,13318,833,12485,8209,4276
56,99,274,44,230,10,220,139,81
56,100,1530,272,1258,75,1183,673,510
56,101,5698,791,4907,331,4576,2550,2026
56,102,1397,210,1187,76,1111,484,627
56,103,239,30,209,13,196,100,96
56,104,669,106,563,35,528,302,226
56,105,925,148,777,53,724,466,258
56,106,923,119,804,36,768,295,473
56,107,7407,971,6436,272,6164,2643,3521
56,108,687,94,593,35,558,307,251
56,109,693,90,603,39,564,298,266
56,110,732,139,593,27,566,327,239
56,111,1022,152,870,41,829,358,471
56,112,589,77,512,36,476,259,217
56,113,662,64,598,47,551,302,249
56,114,781,120,661,37,624,325,299
56,115,968,102,866,45,821,429,392
56,116,1594,232,1362,82,1280,508,772
56,117,2771,440,2331,159,2172,1027,1145
56,118,3207,495,2712,131,2581,1569,1012
56,119,2574,380,2194,158,2036,1045,991
56,120,1128,127,1001,58,943,445,498
56,121,38399,8053,30346,1502,28844,17254,11590
56,122,1256,168,1088,72,1016,491,525
56,123,1717,277,1440,90,1350,662,688
56,124,1999,266,1733,102,1631,722,909
56,125,1419,170,1249,100,1149,725,424
56,126,1608,255,1353,83,1270,551,719
56,127,2477,429,2048,99,1949,990,959
56,128,1190,182,1008,70,938,546,392
56,129,1210,173,1037,51,986,458,528
56,130,2225,286,1939,147,1792,985,807
56,131,1122,147,975,71,904,483,421
56,132,1513,152,1361,75,1286,697,589
56,133,848,135,713,32,681,320,361
56,134,754,140,614,30,584,229,355
56,135,1059,161,898,64,834,490,344
56,136,528,74,454,22,432,200,232
56,137,2194,300,1894,123,1771,951,820
56,138,262,42,220,20,200,92,108
56,139,290,33,257,12,245,161,84
56,140,2661,359,2302,182,2120,1000,1120
56,141,1254,174,1080,71,1009,503,506
56,142,500,69,431,32,399,243,156
56,143,3675,278,3397,251,3146,1472,1674
56,144,1391,219,1172,98,1074,540,534
56,145,787,126,661,24,637,346,291
56,146,1124,153,971,80,891,469,422
56,147,3173,447,2726,159,2567,1098,1469
56,148,1094,143,951,64,887,512,375
56,149,1848,214,1634,93,1541,830,711
56,150,636,78,558,15,543,278,265
56,151,2808,380,2428,179,2249,1087,1162
56,152,1990,358,1632,70,1562,893,669
56,153,2007,346,1661,109,1552,699,853
56,154,1404,174,1230,69,1161,609,552
56,155,1789,265,1524,84,1440,656,784
56,156,256,42,214,15,199,108,91
56,157,1345,194,1151,78,1073,458,615
56,158,3924,642,3282,181,3101,1687,1414
56,159,1331,174,1157,66,1091,514,577
56,160,869,116,753,49,704,288,416
56,161,2115,272,1843,117,1726,766,960
56,162,15840,2883,12957,789,12168,6322,5846
56,163,957,162,795,51,744,448,296
56,164,4563,563,4000,203,3797,1849,1948
56,165,6838,1148,5690,360,5330,2622,2708
56,166,4069,578,3491,272,3219,1615,1604
56,167,1845,195,1650,107,1543,791,752
56,168,1695,268,1427,101,1326,514,812
56,169,4313,593,3720,252,3468,1766,1702
56,170,797,104,693,36,657,414,243
56,171,1108,161,947,51,896,472,424
56,172,2039,355,1684,94,1590,676,914
56,173,2625,331,2294,170,2124,1146,978
56,174,1860,261,1599,100,1499,684,815
56,175,2744,417,2327,127,2200,1061,1139
56,176,4060,594,3466,182,3284,1821,1463
56,177,5514,905,4609,269,4340,2254,2086
56,178,9266,1585,7681,427,7254,4030,3224
56,179,2618,481,2137,130,2007,1039,968
56,180,502,69,433,18,415,213,202
56,181,2265,341,1924,78,1846,953,893
56,182,850,141,709,26,683,345,338
56,183,424,67,357,16,341,139,202
56,184,5385,794,4591,300,4291,2418,1873
56,185,7369,1241,6128,373,5755,3153,2602
56,186,4689,832,3857,183,3674,1338,2336
56,187,244,38,206,9,197,119,78
56,188,1091,168,923,73,850,490,360
56,189,729,88,641,62,579,269,310
56,190,1272,150,1122,71,1051,408,643
56,191,289,43,246,7,239,120,119
56,192,744,131,613,64,549,220,329
56,193,4084,584,3500,252,3248,1850,1398
56,194,2380,396,1984,120,1864,1156,708
56,195,519,80,439,25,414,204,210
56,196,413,37,376,8,368,188,180
56,197,755,111,644,40,604,321,283
56,198,1236,184,1052,56,996,514,482
56,199,565,86,479,32,447,255,192
56,200,1128,183,945,71,874,320,554
56,201,524,78,446,32,414,238,176
56,202,408,27,381,23,358,197,161
56,203,481,61,420,25,395,247,148
56,204,465,62,403,30,373,187,186
56,205,818,106,712,31,681,355,326
56,206,8070,1184,6886,320,6566,3536,3030
56,207,901,106,795,40,755,424,331
56,208,268,33,235,4,231,132,99
56,209,132,8,124,3,121,82,39
56,210,376,61,315,18,297,148,149
56,211,586,84,502,19,483,198,285
56,212,1695,230,1465,82,1383,723,660
56,213,805,112,693,60,633,318,315
56,214,1778,200,1578,70,1508,559,949
56,215,831,114,717,34,683,324,359
56,216,260,36,224,16,208,81,127
56,218,552,60,492,37,455,228,227
56,219,853,102,751,38,713,343,370
56,220,932,124,808,48,760,390,370
56,221,1226,150,1076,50,1026,454,572
56,222,2033,298,1735,136,1599,727,872
56,223,1123,129,994,63,931,605,326
56,224,299,31,268,5,263,138,125
56,225,145,16,129,14,115,65,50
56,226,332,43,289,21,268,143,125
56,227,398,58,340,16,324,136,188
56,228,827,112,715,41,674,352,322
56,229,1049,134,915,47,868,367,501
56,230,363,47,316,16,300,129,171
56,231,3086,404,2682,145,2537,1389,1148
56,232,918,116,802,40,762,519,243
56,233,1298,128,1170,49,1121,400,721
56,234,2355,353,2002,102,1900,723,1177
56,236,675,75,600,39,561,278,283
56,237,1529,181,1348,95,1253,694,559
56,238,300,49,251,10,241,136,105
56,239,1072,138,934,50,884,490,394
56,240,6751,866,5885,270,5615,2415,3200
56,241,756,116,640,26,614,295,319
56,242,556,76,480,26,454,236,218
56,243,7232,1014,6218,301,5917,3167,2750
56,244,2293,354,1939,103,1836,965,871
56,245,299,42,257,18,239,151,88
56,246,1644,197,1447,102,1345,786,559
56,247,2478,358,2120,101,2019,1098,921
56,248,2917,419,2498,134,2364,1090,1274
56,249,1757,242,1515,105,1410,690,720
56,250,473,79,394,25,369,218,151
56,251,5160,697,4463,272,4191,2026,2165
56,252,1044,152,892,55,837,359,478
56,253,492,76,416,21,395,182,213
56,254,847,117,730,46,684,348,336
56,255,1449,192,1257,77,1180,586,594
56,256,121,10,111,10,101,83,18
56,257,568,130,438,24,414,193,221
56,258,1692,220,1472,45,1427,404,1023
56,259,887,132,755,59,696,377,319
56,260,35059,6310,28749,1362,27387,13499,13888
56,261,964,115,849,47,802,436,366
56,262,1864,261,1603,88,1515,790,725
56,263,1788,255,1533,80,1453,597,856
56,264,286,34,252,14,238,103,135
57,1,276,50,226,7,219,96,123
57,2,55,11,44,3,41,11,30
57,3,1085,211,874,55,819,267,552
57,4,76,15,61,4,57,16,41
57,6,786,142,644,68,576,173,403
57,7,97,15,82,5,77,18,59
57,8,191,42,149,17,132,63,69
57,9,72,8,64,3,61,28,33
57,10,107,26,81,6,75,24,51
57,11,470,115,355,20,335,142,193
57,12,4360,1277,3083,166,2917,1627,1290
57,13,1695,391,1304,100,1204,432,772
57,14,330,60,270,14,256,88,168
57,15,440,46,394,35,359,147,212
57,16,322,57,265,28,237,89,148
57,17,1711,275,1436,107,1329,585,744
57,18,100,14,86,2,84,28,56
57,19,7835,1593,6242,558,5684,2922,2762
57,20,224,30,194,18,176,71,105
57,21,1149,149,1000,50,950,472,478
57,22,992,254,738,38,700,344,356
57,24,123,19,104,4,100,39,61
57,25,376,69,307,31,276,99,177
57,26,672,139,533,37,496,261,235
57,27,105,18,87,7,80,23,57
57,28,1038,126,912,52,860,394,466
57,29,197,30,167,20,147,57,90
57,30,399,41,358,31,327,142,185
57,31,648,65,583,29,554,260,294
57,32,3649,910,2739,185,2554,1457,1097
57,33,443,76,367,33,334,93,241
57,34,34,8,26,0,26,12,14
57,35,102,12,90,6,84,28,56
57,36,92,15,77,4,73,31,42
57,37,182,26,156,6,150,54,96
57,38,4360,1131,3229,170,3059,1805,1254
57,39,1406,222,1184,67,1117,450,667
57,40,163,18,145,10,135,60,75
57,41,1812,450,1362,87,1275,762,513
57,42,472,74,398,27,371,159,212
57,43,1270,199,1071,47,1024,398,626
57,44,88,17,71,4,67,21,46
57,45,89,17,72,3,69,24,45
57,46,630,138,492,19,473,197,276
57,47,815,124,691,54,637,243,394
57,48,61,9,52,5,47,24,23
57,49,3015,655,2360,137,2223,948,1275
57,50,95,10,85,11,74,23,51
57,51,263,43,220,19,201,89,112
57,52,431,54,377,29,348,125,223
57,53,103,14,89,7,82,39,43
57,54,148,26,122,8,114,37,77
57,55,415,41,374,18,356,156,200
57,56,153,13,140,10,130,40,90
57,57,375,57,318,17,301,140,161
57,58,5035,1492,3543,132,3411,2323,1088
57,59,47,4,43,3,40,13,27
57,60,429,103,326,18,308,135,173
57,61,1049,267,782,59,723,295,428
57,62,301,50,251,18,233,103,130
57,63,194,30,164,13,151,37,114
57,64,227,39,188,17,171,51,120
57,65,180,25,155,11,144,53,91
57,66,400,60,340,24,316,115,201
57,67,2055,339,1716,103,1613,772,841
57,69,325,61,264,18,246,119,127
57,70,146,37,109,11,98,39,59
57,71,336,45,291,24,267,95,172
57,72,492,83,409,27,382,179,203
57,73,669,93,576,37,539,194,345
57,74,660,154,506,37,469,169,300
57,75,198,25,173,13,160,79,81
57,76,379,80,299,23,276,111,165
57,77,67,8,59,3,56,16,40
57,79,328,53,275,20,255,76,179
57,80,60,8,52,4,48,18,30
57,81,112,19,93,4,89,19,70
57,82,249,32,217,14,203,81,122
57,83,937,171,766,62,704,226,478
57,84,237,25,212,10,202,104,98
57,85,318,47,271,11,260,104,156
57,86,219,32,187,13,174,42,132
57,87,210,44,166,8,158,57,101
57,88,250,35,215,15,200,62,138
57,89,3265,689,2576,135,2441,961,1480
57,90,99,10,89,9,80,21,59
57,91,817,152,665,52,613,227,386
57,92,450,101,349,21,328,109,219
57,93,475,97,378,26,352,111,241
57,95,441,92,349,30,319,141,178
57,96,1570,285,1285,70,1215,790,425
57,97,4015,1118,2897,206,2691,1221,1470
57,98,206,34,172,11,161,85,76
57,99,163,22,141,11,130,43,87
57,100,120,34,86,2,84,25,59
57,101,893,170,723,55,668,188,480
57,102,2362,348,2014,144,1870,876,994
57,103,100,15,85,9,76,22,54
57,104,821,146,675,41,634,230,404
57,105,110,10,100,3,97,30,67
57,106,2382,491,1891,101,1790,756,1034
57,107,94,19,75,5,70,24,46
57,108,236,36,200,17,183,51,132
57,109,435,84,351,19,332,109,223
57,110,298,58,240,20,220,94,126
57,111,484,85,399,27,372,245,127
57,112,70,7,63,2,61,18,43
57,113,685,95,590,37,553,205,348
57,114,354,53,301,14,287,126,161
57,115,92,13,79,3,76,33,43
57,116,77,12,65,1,64,23,41
57,117,409,72,337,20,317,164,153
57,118,160,31,129,9,120,45,75
57,119,860,148,712,58,654,216,438
57,120,127,21,106,11,95,21,74
57,121,161,24,137,18,119,53,66
57,122,526,86,440,31,409,148,261
57,123,2449,537,1912,168,1744,792,952
57,124,1828,350,1478,110,1368,524,844
57,125,295,55,240,8,232,101,131
57,126,282,43,239,22,217,92,125
57,127,103,11,92,7,85,38,47
57,128,183,27,156,6,150,73,77
57,129,515,54,461,29,432,163,269
57,130,82,19,63,4,59,20,39
57,131,171,40,131,13,118,36,82
57,132,1667,344,1323,81,1242,508,734
57,133,98,17,81,2,79,41,38
57,134,1422,165,1257,77,1180,544,636
57,136,353,67,286,14,272,117,155
57,137,479,83,396,20,376,124,252
57,138,55,8,47,5,42,16,26
57,139,252,64,188,13,175,73,102
57,140,408,58,350,12,338,135,203
57,141,86,7,79,5,74,21,53
57,142,337,36,301,20,281,92,189
57,143,2624,673,1951,115,1836,1002,834
57,144,2687,627,2060,166,1894,908,986
57,145,249,37,212,20,192,84,108
57,146,579,74,505,22,483,193,290
57,147,254,35,219,16,203,71,132
57,148,291,46,245,23,222,92,130
57,149,155,30,125,8,117,49,68
57,150,465,76,389,23,366,139,227
57,151,143,22,121,6,115,45,70
57,152,348,82,266,15,251,87,164
57,153,1634,206,1428,76,1352,569,783
57,154,556,97,459,41,418,156,262
57,155,2254,489,1765,86,1679,746,933
57,156,836,98,738,50,688,292,396
57,158,183,32,151,10,141,78,63
57,159,3059,717,2342,178,2164,1078,1086
57,160,8266,2000,6266,362,5904,3092,2812
57,161,100,24,76,1,75,24,51
57,162,595,80,515,31,484,166,318
57,163,2312,467,1845,196,1649,552,1097
57,165,412,73,339,15,324,120,204
57,166,93,19,74,5,69,26,43
57,167,259,50,209,20,189,70,119
57,168,471,76,395,29,366,144,222
57,169,426,63,363,26,337,116,221
57,171,657,87,570,42,528,201,327
57,172,205,32,173,12,161,57,104
57,173,82,15,67,4,63,19,44
57,174,75,9,66,7,59,25,34
57,175,171,25,146,17,129,54,75
57,176,1322,244,1078,85,993,381,612
57,177,2020,441,1579,104,1475,620,855
57,178,282,43,239,24,215,67,148
57,179,1267,261,1006,54,952,428,524
57,180,270,43,227,13,214,58,156
57,181,82,7,75,7,68,29,39
57,182,92,16,76,8,68,21,47
57,183,174,18,156,16,140,40,100
57,184,136,22,114,7,107,59,48
57,186,573,108,465,43,422,183,239
57,187,277,35,242,16,226,82,144
57,188,348,71,277,22,255,80,175
57,189,174,23,151,10,141,54,87
57,190,299,46,253,13,240,93,147
57,191,580,97,483,50,433,183,250
57,192,1057,226,831,94,737,301,436
57,193,1441,225,1216,83,1133,492,641
57,194,973,168,805,49,756,321,435
57,195,422,65,357,31,326,99,227
57,196,339,55,284,30,254,85,169
57,197,393,71,322,24,298,104,194
57,198,170,25,145,8,137,51,86
57,199,418,97,321,24,297,129,168
57,200,315,41,274,20,254,113,141
57,201,663,111,552,49,503,156,347
57,202,795,168,627,41,586,212,374
57,203,155,49,106,5,101,28,73
57,204,432,45,387,25,362,148,214
57,205,1742,405,1337,82,1255,611,644
57,206,8607,1914,6693,370,6323,4102,2221
57,207,3519,1068,2451,102,2349,1633,716
57,208,1149,239,910,67,843,337,506
57,209,3991,1023,2968,192,2776,1414,1362
57,210,560,118,442,32,410,155,255
57,211,711,107,604,35,569,297,272
57,212,514,101,413,24,389,139,250
57,213,634,151,483,37,446,198,248
57,214,286,46,240,19,221,96,125
57,215,248,41,207,19,188,40,148
57,216,82,14,68,2,66,26,40
57,217,653,105,548,41,507,218,289
57,218,892,111,781,36,745,332,413
57,219,426,71,355,21,334,162,172
57,220,109,18,91,2,89,30,59
57,221,8424,1968,6456,415,6041,3419,2622
57,222,1038,161,877,70,807,345,462
57,224,2989,845,2144,146,1998,1073,925
57,225,111,12,99,9,90,27,63
57,226,2176,424,1752,98,1654,954,700
57,227,13914,4272,9642,524,9118,4425,4693
57,228,112,11,101,12,89,48,41
57,229,144,15,129,13,116,52,64
57,230,147,20,127,6,121,37,84
57,231,80,13,67,10,57,19,38
57,232,550,107,443,24,419,128,291
57,233,74,7,67,7,60,26,34
57,234,422,91,331,36,295,119,176
57,235,861,163,698,73,625,235,390
57,236,45,8,37,3,34,3,31
57,237,249,32,217,8,209,72,137
57,238,138,16,122,7,115,45,70
57,239,329,58,271,27,244,65,179
57,240,9163,2460,6703,472,6231,3067,3164
57,241,137,14,123,11,112,26,86
57,242,2152,444,1708,141,1567,859,708
57,244,426,82,344,28,316,111,205
57,245,446,67,379,17,362,161,201
57,246,200,33,167,7,160,48,112
57,247,97,13,84,5,79,37,42
57,248,87,15,72,8,64,26,38
57,249,222,41,181,17,164,80,84
57,250,1350,294,1056,81,975,497,478
57,251,285,64,221,21,200,76,124
57,252,427,84,343,27,316,137,179
57,253,370,54,316,27,289,109,180
57,254,725,142,583,45,538,257,281
57,255,505,70,435,39,396,151,245
57,256,587,89,498,26,472,190,282
57,257,88,15,73,4,69,28,41
57,258,120,25,95,11,84,29,55
57,259,264,56,208,11,197,52,145
57,260,2262,510,1752,137,1615,604,1011
57,261,1049,194,855,56,799,274,525
57,262,513,97,416,32,384,129,255
57,263,525,109,416,17,399,119,280
57,264,333,63,270,29,241,99,142
57,265,38,8,30,2,28,13,15
57,266,125,18,107,10,97,32,65
57,267,721,137,584,56,528,207,321
57,268,132,44,88,7,81,37,44
57,269,5482,1364,4118,273,3845,2298,1547
57,270,454,95,359,37,322,169,153
57,271,533,69,464,30,434,150,284
57,272,80,12,68,5,63,24,39
57,273,243,57,186,12,174,73,101
57,274,685,128,557,49,508,252,256
57,275,769,110,659,57,602,265,337
57,276,215,28,187,11,176,58,118
57,277,122,15,107,4,103,59,44
57,278,49,2,47,1,46,3,43
57,280,297,44,253,15,238,82,156
57,281,157,34,123,12,111,34,77
57,282,205,46,159,6,153,45,108
57,283,6970,1503,5467,330,5137,2812,2325
57,284,100,31,69,6,63,26,37
57,286,213,44,169,10,159,71,88
57,287,1744,323,1421,102,1319,563,756
57,288,1971,374,1597,117,1480,675,805
57,289,2148,446,1702,137,1565,552,1013
57,290,155,31,124,7,117,54,63
57,291,233,44,189,16,173,45,128
57,292,15,1,14,1,13,1,12
57,293,175,16,159,21,138,64,74
57,294,147,36,111,10,101,39,62
57,295,113,16,97,10,87,33,54
57,296,761,148,613,48,565,235,330
57,297,170,37,133,9,124,59,65
57,298,296,58,238,22,216,100,116
57,299,749,117,632,66,566,202,364
57,300,256,40,216,25,191,71,120
57,301,250,40,210,15,195,74,121
57,302,162,36,126,3,123,27,96
57,303,423,78,345,20,325,143,182
57,304,268,46,222,29,193,61,132
57,305,310,71,239,14,225,92,133
57,306,11285,3205,8080,571,7509,4267,3242
57,307,180,20,160,9,151,53,98
57,308,99,9,90,9,81,21,60
57,309,300,53,247,13,234,105,129
57,310,163,32,131,6,125,21,104
57,311,466,72,394,31,363,119,244
57,312,359,58,301,26,275,122,153
57,313,121,12,109,3,106,45,61
57,314,354,95,259,16,243,109,134
57,315,514,65,449,29,420,135,285
57,316,618,91,527,39,488,154,334
57,317,95,10,85,3,82,11,71
57,318,198,20,178,15,163,72,91
57,319,380,52,328,27,301,148,153
57,320,166,37,129,7,122,40,82
57,321,487,76,411,35,376,122,254
57,322,355,63,292,26,266,136,130
57,323,5434,1111,4323,244,4079,1665,2414
57,324,474,69,405,37,368,112,256
57,325,633,86,547,41,506,179,327
57,326,214,31,183,17,166,59,107
57,328,52,8,44,4,40,15,25
57,329,326,71,255,21,234,67,167
57,330,1007,188,819,58,761,353,408
57,331,359,71,288,26,262,117,145
57,332,4924,1118,3806,284,3522,1817,1705
57,333,695,122,573,50,523,166,357
57,334,311,62,249,14,235,76,159
57,335,171,27,144,11,133,37,96
57,336,3846,994,2852,204,2648,1192,1456
57,337,525,100,425,23,402,167,235
57,338,487,92,395,24,371,94,277
57,339,325,67,258,21,237,92,145
57,340,1209,255,954,78,876,339,537
57,341,571,109,462,27,435,186,249
57,342,75,15,60,6,54,14,40
57,343,1668,276,1392,92,1300,603,697
57,344,589,127,462,39,423,128,295
57,345,320,38,282,25,257,89,168
57,346,484,95,389,26,363,134,229
57,347,162,37,125,5,120,37,83
57,348,647,126,521,49,472,171,301
57,349,116,25,91,10,81,36,45
57,350,1233,190,1043,54,989,385,604
57,351,718,86,632,39,593,269,324
57,352,430,56,374,15,359,146,213
57,353,75,11,64,4,60,25,35
57,354,93,18,75,6,69,29,40
57,355,676,122,554,60,494,179,315
57,356,821,150,671,39,632,224,408
57,357,336,49,287,19,268,88,180
57,358,884,187,697,49,648,271,377
57,359,114,25,89,5,84,18,66
57,360,768,109,659,46,613,250,363
57,361,431,88,343,16,327,118,209
57,362,112,25,87,3,84,28,56
57,364,232,33,199,14,185,50,135
57,365,368,51,317,21,296,96,200
57,366,94,25,69,5,64,28,36
57,367,185,28,157,19,138,64,74
57,368,2397,728,1669,105,1564,883,681
57,370,1689,400,1289,109,1180,460,720
57,371,423,78,345,29,316,112,204
57,372,920,149,771,56,715,417,298
57,373,572,70,502,49,453,198,255
57,374,170,26,144,14,130,46,84
57,375,163,18,145,13,132,48,84
57,376,433,91,342,21,321,146,175
57,377,191,33,158,12,146,49,97
57,379,212,42,170,12,158,56,102
57,380,81,10,71,7,64,16,48
57,381,201,37,164,11,153,77,76
57,382,401,73,328,24,304,67,237
57,383,151,20,131,11,120,38,82
57,384,419,53,366,32,334,124,210
57,385,829,96,733,38,695,309,386
57,386,293,45,248,13,235,113,122
57,387,223,61,162,20,142,50,92
57,388,160,32,128,10,118,53,65
57,389,389,47,342,38,304,116,188
57,390,1120,196,924,67,857,363,494
57,391,61,8,53,5,48,19,29
57,392,247,29,218,20,198,75,123
57,393,171,25,146,9,137,35,102
57,394,231,47,184,11,173,65,108
57,395,147,21,126,8,118,28,90
57,396,650,72,578,29,549,225,324
57,397,104,17,87,4,83,26,57
57,398,364,55,309,20,289,78,211
57,399,72,18,54,2,52,22,30
57,401,77,18,59,5,54,19,35
57,402,81,18,63,6,57,20,37
57,403,119,14,105,5,100,25,75
57,404,223,45,178,19,159,65,94
57,405,44,5,39,10,29,14,15
57,406,110,18,92,5,87,35,52
57,407,417,86,331,23,308,88,220
57,408,715,148,567,47,520,172,348
57,409,596,134,462,25,437,141,296
57,410,95,21,74,7,67,19,48
57,411,223,53,170,12,158,64,94
57,412,2930,670,2260,137,2123,919,1204
57,413,2865,600,2265,174,2091,801,1290
57,414,870,190,680,48,632,261,371
57,415,1376,222,1154,54,1100,530,570
57,416,470,70,400,28,372,143,229
57,417,64,3,61,5,56,12,44
57,418,227,37,190,26,164,75,89
57,419,855,175,680,50,630,257,373
57,421,114,23,91,7,84,30,54
57,422,657,111,546,35,511,195,316
57,423,51,4,47,4,43,15,28
57,424,200,38,162,11,151,66,85
57,425,451,88,363,24,339,125,214
57,426,694,114,580,46,534,214,320
57,427,540,95,445,38,407,110,297
57,428,2471,530,1941,117,1824,789,1035
57,430,242,58,184,22,162,59,103
57,431,241,25,216,15,201,113,88
57,432,134,13,121,7,114,44,70
57,433,7796,1664,6132,402,5730,3254,2476
57,434,336,44,292,30,262,100,162
57,436,112,14,98,5,93,36,57
57,437,450,77,373,23,350,151,199
57,438,334,40,294,9,285,107,178
57,439,348,60,288,30,258,81,177
57,440,113,17,96,12,84,26,58
57,441,2443,655,1788,117,1671,826,845
57,442,207,40,167,11,156,76,80
57,443,4420,868,3552,235,3317,1911,1406
57,444,243,34,209,12,197,69,128
57,445,588,99,489,28,461,193,268
57,446,45,8,37,2,35,11,24
57,447,8491,1586,6905,348,6557,2545,4012
57,448,227,37,190,17,173,71,102
57,449,402,77,325,22,303,134,169
57,451,157,23,134,11,123,64,59
57,452,715,116,599,37,562,207,355
57,453,247,50,197,9,188,59,129
57,454,997,144,853,55,798,314,484
57,455,156,35,121,6,115,66,49
57,456,622,100,522,34,488,221,267
57,457,103,17,86,12,74,27,47
57,459,154,27,127,3,124,39,85
57,460,1063,275,788,56,732,294,438
57,461,236,46,190,14,176,73,103
57,462,241,39,202,23,179,52,127
57,463,70878,19418,51460,2693,48767,25218,23549
57,464,643,94,549,51,498,246,252
57,465,1437,263,1174,78,1096,414,682
57,466,525,108,417,27,390,162,228
57,467,220,33,187,8,179,86,93
57,468,557,127,430,26,404,135,269
57,469,471,97,374,22,352,120,232
57,470,11,0,11,1,10,2,8
57,471,212,28,184,23,161,58,103
57,472,101,22,79,6,73,32,41
57,473,63,15,48,3,45,17,28
57,474,4139,896,3243,201,3042,1574,1468
57,475,359,112,247,11,236,107,129
57,476,266,45,221,12,209,72,137
57,477,1289,228,1061,58,1003,395,608
57,478,66,13,53,2,51,27,24
57,479,340,64,276,19,257,95,162
57,480,15994,3696,12298,742,11556,5454,6102
57,481,1886,363,1523,107,1416,854,562
57,482,900,129,771,56,715,307,408
57,483,2347,549,1798,86,1712,878,834
57,484,1987,438,1549,89,1460,607,853
57,485,88,11,77,6,71,25,46
57,486,108,29,79,7,72,29,43
57,487,3792,799,2993,196,2797,1244,1553
57,488,469,83,386,44,342,133,209
57,489,230,35,195,23,172,73,99
57,490,245,33,212,13,199,74,125
57,491,5807,1591,4216,286,3930,2733,1197
57,492,379,62,317,31,286,130,156
57,493,192,36,156,12,144,81,63
57,494,190,36,154,18,136,41,95
57,495,105,23,82,0,82,21,61
57,496,266,61,205,9,196,94,102
57,497,253,73,180,9,171,36,135
57,498,1884,312,1572,106,1466,755,711
57,499,1046,182,864,73,791,296,495
57,500,34,2,32,2,30,12,18
57,501,48,11,37,5,32,16,16
57,502,193,46,147,9,138,66,72
57,504,249,58,191,13,178,63,115
57,505,909,159,750,64,686,214,472
57,506,230,47,183,20,163,53,110
57,507,185,21,164,14,150,29,121
57,508,3983,1198,2785,161,2624,1611,1013
57,509,430,73,357,17,340,133,207
57,510,849,130,719,56,663,295,368
57,511,877,176,701,27,674,334,340
57,512,391,50,341,22,319,120,199
57,513,125,16,109,13,96,33,63
57,514,872,132,740,48,692,240,452
57,515,1422,316,1106,92,1014,540,474
57,516,335,72,263,16,247,118,129
57,517,231,43,188,15,173,62,111
57,518,274,32,242,21,221,78,143
57,519,136,15,121,2,119,42,77
57,520,41,7,34,1,33,16,17
57,521,1772,315,1457,93,1364,462,902
57,523,457,65,392,31,361,161,200
57,524,80,13,67,4,63,20,43
57,525,51,9,42,3,39,15,24
57,526,263,53,210,12,198,55,143
57,527,248,41,207,9,198,66,132
57,528,94,21,73,2,71,34,37
57,529,1926,502,1424,89,1335,805,530
57,530,333,46,287,20,267,107,160
57,531,601,113,488,50,438,195,243
57,532,174,35,139,12,127,51,76
57,533,822,137,685,40,645,272,373
57,534,1369,179,1190,65,1125,475,650
57,535,1253,218,1035,69,966,337,629
57,536,183,26,157,14,143,51,92
57,537,4340,1179,3161,239,2922,1325,1597
57,538,230,33,197,9,188,68,120
57,539,47,7,40,5,35,15,20
57,540,3311,727,2584,137,2447,886,1561
57,541,454,92,362,29,333,122,211
57,542,621,98,523,35,488,211,277
57,543,1115,185,930,55,875,462,413
57,544,447,72,375,37,338,103,235
57,545,1841,295,1546,59,1487,595,892
57,546,632,58,574,25,549,221,328
57,547,577,108,469,26,443,171,272
57,548,354,80,274,16,258,112,146
57,549,607,123,484,42,442,181,261
57,550,2227,486,1741,138,1603,662,941
57,551,144,11,133,10,123,44,79
57,552,602,94,508,34,474,186,288
57,553,524,76,448,32,416,148,268
57,554,464,71,393,30,363,142,221
57,555,91,6,85,7,78,34,44
57,556,2105,462,1643,111,1532,686,846
57,557,592,113,479,28,451,134,317
57,558,81,19,62,4,58,23,35
57,559,158,29,129,14,115,67,48
57,560,425,51,374,21,353,159,194
57,561,667,114,553,47,506,119,387
57,562,614,115,499,42,457,211,246
57,563,185,34,151,11,140,74,66
57,564,560,160,400,28,372,177,195
57,565,618,170,448,28,420,235,185
57,566,1943,359,1584,86,1498,487,1011
57,567,140,29,111,14,97,41,56
57,568,1104,199,905,92,813,303,510
57,569,220,40,180,18,162,49,113
57,570,336,72,264,20,244,83,161
57,571,782,125,657,63,594,222,372
57,572,1668,288,1380,96,1284,522,762
57,573,109,17,92,7,85,22,63
57,574,307,73,234,9,225,88,137
57,575,1100,157,943,72,871,367,504
57,576,533,84,449,28,421,173,248
57,577,337,57,280,22,258,83,175
57,578,293,40,253,15,238,97,141
57,579,99,11,88,5,83,17,66
57,580,161,29,132,9,123,59,64
57,581,273,35,238,29,209,73,136
57,582,1535,367,1168,77,1091,524,567
57,583,108,23,85,10,75,17,58
57,584,391,56,335,24,311,112,199
57,585,129,42,87,7,80,27,53
57,586,141,30,111,8,103,38,65
57,587,192,30,162,9,153,52,101
57,588,753,114,639,47,592,266,326
57,589,1696,320,1376,106,1270,457,813
57,590,178,29,149,12,137,27,110
57,591,6566,1655,4911,313,4598,2694,1904
57,592,309,54,255,23,232,71,161
57,593,706,106,600,42,558,287,271
57,594,88,17,71,1,70,20,50
57,595,48,10,38,1,37,15,22
57,596,609,155,454,21,433,146,287
57,597,2020,594,1426,95,1331,806,525
57,598,1565,302,1263,103,1160,558,602
57,599,291,39,252,16,236,85,151
57,600,814,161,653,35,618,219,399
57,601,1142,223,919,42,877,338,539
57,602,1811,258,1553,103,1450,590,860
57,603,759,161,598,27,571,282,289
57,604,407,75,332,25,307,120,187
57,605,210,41,169,12,157,82,75
57,606,11968,2853,9115,574,8541,4118,4423
57,607,600,79,521,26,495,192,303
57,609,93,13,80,3,77,44,33
57,610,187,41,146,16,130,36,94
57,611,177,23,154,8,146,43,103
57,612,187,41,146,8,138,53,85
57,613,268,52,216,7,209,52,157
57,614,221,41,180,11,169,52,117
57,615,689,129,560,42,518,182,336
57,616,2480,466,2014,111,1903,763,1140
57,617,238,44,194,17,177,66,111
57,618,573,98,475,39,436,162,274
57,619,433,97,336,21,315,137,178
57,620,2846,514,2332,140,2192,1257,935
57,621,96,26,70,4,66,39,27
57,622,1327,249,1078,73,1005,553,452
57,623,575,135,440,34,406,169,237
57,624,459,58,401,17,384,137,247
57,625,135,13,122,15,107,41,66
57,626,458,77,381,27,354,161,193
57,627,282,38,244,24,220,121,99
57,628,3059,644,2415,170,2245,894,1351
57,629,614,105,509,34,475,167,308
57,630,7876,1777,6099,378,5721,2240,3481
57,631,14916,3956,10960,719,10241,4799,5442
57,633,973,182,791,53,738,298,440
57,634,1199,147,1052,55,997,417,580
57,635,269,49,220,18,202,41,161
57,636,302,56,246,23,223,67,156
57,637,272,42,230,18,212,78,134
57,638,1585,302,1283,97,1186,495,691
57,639,456,76,380,24,356,89,267
57,640,317,40,277,14,263,80,183
57,641,209,26,183,14,169,47,122
57,642,2150,389,1761,91,1670,661,1009
57,643,149,23,126,12,114,36,78
57,644,1484,262,1222,89,1133,502,631
57,645,729,117,612,32,580,261,319
57,647,3242,746,2496,179,2317,1319,998
57,648,295,38,257,17,240,90,150
57,649,358,48,310,22,288,136,152
57,650,1303,351,952,51,901,391,510
57,651,521,103,418,35,383,149,234
57,652,341,51,290,11,279,103,176
57,653,35,3,32,2,30,4,26
57,654,598,83,515,30,485,199,286
57,655,797,159,638,33,605,258,347
57,656,254,41,213,19,194,91,103
57,657,22,1,21,2,19,3,16
57,658,1028,204,824,71,753,318,435
57,659,1977,370,1607,91,1516,593,923
57,660,8294,2204,6090,371,5719,2733,2986
57,661,137,20,117,0,117,43,74
57,662,90,3,87,4,83,32,51
57,663,5584,1544,4040,250,3790,2325,1465
57,664,67,11,56,9,47,11,36
57,665,886,149,737,46,691,258,433
57,666,5046,1241,3805,222,3583,2039,1544
57,667,489,70,419,35,384,176,208
57,668,987,158,829,50,779,389,390
57,669,1631,286,1345,75,1270,630,640
57,670,124,13,111,7,104,43,61
57,671,125,17,108,9,99,35,64
57,672,26727,5978,20749,1150,19599,9268,10331
57,673,34,4,30,4,26,11,15
57,674,141,23,118,8,110,41,69
57,675,132,29,103,15,88,30,58
57,676,84,8,76,5,71,17,54
57,677,877,129,748,53,695,319,376
57,678,1502,297,1205,63,1142,626,516
57,679,402,68,334,23,311,137,174
57,680,1070,227,843,75,768,283,485
57,681,265,43,222,20,202,92,110
57,682,37,6,31,2,29,12,17
57,683,3969,1070,2899,177,2722,1716,1006
57,684,411,67,344,35,309,122,187
57,685,101,13,88,5,83,16,67
57,686,199,43,156,9,147,41,106
57,687,186,31,155,16,139,36,103
57,689,188,44,144,11,133,56,77
57,690,2380,556,1824,117,1707,795,912
57,691,72,10,62,4,58,17,41
57,692,62,11,51,11,40,14,26
57,693,751,120,631,38,593,265,328
57,694,261,37,224,11,213,92,121
57,695,365,37,328,25,303,91,212
57,696,744,137,607,48,559,220,339
57,697,233,22,211,10,201,75,126
57,698,275,45,230,23,207,85,122
57,700,410,79,331,14,317,119,198
57,701,707,114,593,24,569,241,328
57,702,85,10,75,2,73,21,52
57,703,205,20,185,21,164,49,115
57,704,536,103,433,34,399,175,224
57,705,189,38,151,28,123,49,74
57,706,439,66,373,28,345,136,209
57,707,530,99,431,41,390,178,212
57,708,1494,217,1277,76,1201,465,736
57,709,192,29,163,9,154,39,115
57,711,350,70,280,25,255,72,183
57,712,1020,181,839,51,788,399,389
57,713,177,34,143,7,136,48,88
57,714,333,57,276,15,261,91,170
57,715,268,57,211,18,193,88,105
57,716,1182,160,1022,65,957,396,561
57,717,165,25,140,8,132,67,65
57,718,181,27,154,18,136,48,88
57,719,46,9,37,7,30,11,19
57,720,261,65,196,25,171,59,112
57,721,308,68,240,24,216,59,157
57,722,134,43,91,8,83,30,53
57,723,216,38,178,16,162,39,123
57,724,2025,392,1633,96,1537,848,689
57,725,247,28,219,13,206,53,153
57,726,292,45,247,19,228,98,130
57,727,95,12,83,7,76,24,52
57,728,179,21,158,5,153,78,75
57,730,401,70,331,30,301,169,132
57,731,1503,326,1177,66,1111,505,606
57,732,636,86,550,33,517,171,346
57,733,1151,184,967,48,919,412,507
57,734,363,56,307,21,286,108,178
57,736,428,69,359,26,333,127,206
57,737,33,4,29,3,26,8,18
57,738,285,48,237,19,218,67,151
57,739,335,67,268,24,244,98,146
57,740,427,92,335,30,305,132,173
57,741,352,65,287,12,275,78,197
57,742,1308,256,1052,88,964,329,635
57,743,199,33,166,15,151,35,116
57,745,834,126,708,56,652,265,387
57,746,1133,225,908,71,837,327,510
57,747,211,35,176,11,165,28,137
57,748,676,115,561,53,508,224,284
57,749,133,17,116,2,114,41,73
57,750,545,80,465,34,431,141,290
57,751,7838,1915,5923,347,5576,3272,2304
57,752,2269,497,1772,128,1644,620,1024
57,753,54,4,50,6,44,13,31
57,754,92,10,82,4,78,24,54
57,755,61,8,53,1,52,24,28
57,756,227,18,209,17,192,73,119
57,757,12596,3427,9169,592,8577,4248,4329
57,759,57,6,51,1,50,18,32
57,760,687,116,571,47,524,250,274
57,761,209,24,185,15,170,32,138
57,762,452,87,365,25,340,123,217
57,763,32,1,31,1,30,13,17
57,764,618,108,510,21,489,208,281
57,765,913,191,722,48,674,281,393
57,767,747,115,632,44,588,249,339
58,1,111,16,95,8,87,52,35
58,2,738,148,590,48,542,303,239
58,3,558,121,437,33,404,197,207
58,4,319,44,275,32,243,127,116
58,5,192,31,161,10,151,66,85
58,6,228,64,164,13,151,83,68
58,7,257,43,214,27,187,83,104
58,8,155,26,129,9,120,64,56
58,9,123,22,101,5,96,53,43
58,10,625,107,518,49,469,331,138
58,11,240,44,196,15,181,115,66
58,12,474,110,364,28,336,163,173
58,13,97,8,89,5,84,41,43
58,14,78,19,59,4,55,26,29
58,15,138,28,110,13,97,66,31
58,16,152,25,127,8,119,50,69
58,17,242,49,193,10,183,96,87
58,18,45,7,38,8,30,12,18
58,19,67,6,61,5,56,44,12
58,20,223,41,182,8,174,95,79
58,21,159,26,133,10,123,60,63
58,22,186,20,166,17,149,98,51
58,23,173,32,141,9,132,60,72
58,24,226,28,198,5,193,78,115
58,25,131,24,107,9,98,60,38
58,26,36,6,30,1,29,15,14
58,27,97,16,81,9,72,40,32
58,28,99,13,86,4,82,35,47
58,29,86,18,68,1,67,39,28
58,30,235,48,187,16,171,104,67
58,31,263,48,215,14,201,111,90
58,32,332,49,283,20,263,139,124
58,33,271,37,234,16,218,122,96
58,34,159,31,128,8,120,53,67
58,35,295,46,249,10,239,135,104
58,36,402,63,339,25,314,128,186
58,37,531,90,441,28,413,243,170
58,38,135,18,117,6,111,62,49
58,39,248,32,216,17,199,109,90
58,40,121,20,101,6,95,31,64
58,41,173,31,142,5,137,65,72
58,42,123,22,101,6,95,54,41
58,43,41,2,39,4,35,21,14
58,44,614,105,509,45,464,253,211
58,45,140,21,119,10,109,72,37
58,46,1524,285,1239,73,1166,735,431
58,47,491,63,428,30,398,221,177
58,48,119,20,99,10,89,37,52
58,49,83,14,69,4,65,35,30
58,50,67,13,54,1,53,37,16
58,51,1097,168,929,72,857,494,363
58,52,48,8,40,6,34,20,14
58,53,280,52,228,13,215,120,95
58,54,52,9,43,2,41,16,25
58,55,662,117,545,25,520,327,193
58,56,239,38,201,19,182,107,75
58,57,863,133,730,53,677,393,284
58,58,271,35,236,10,226,132,94
58,59,3581,748,2833,180,2653,1553,1100
58,60,459,53,406,31,375,218,157
58,61,131,28,103,5,98,48,50
58,62,1284,249,1035,67,968,686,282
58,63,553,82,471,44,427,268,159
58,64,471,89,382,19,363,177,186
58,65,711,115,596,39,557,323,234
58,66,105,29,76,3,73,50,23
58,67,1104,179,925,47,878,546,332
58,68,220,37,183,19,164,107,57
58,69,149,23,126,10,116,61,55
58,70,62,20,42,3,39,20,19
58,71,159,26,133,10,123,63,60
58,72,478,68,410,27,383,252,131
58,73,120,25,95,9,86,58,28
58,74,282,35,247,16,231,131,100
58,75,235,36,199,17,182,89,93
58,76,57,12,45,4,41,17,24
58,77,365,61,304,27,277,146,131
58,78,47,12,35,3,32,20,12
58,79,2724,651,2073,126,1947,1224,723
58,80,148,25,123,7,116,53,63
58,81,280,62,218,19,199,97,102
58,82,294,41,253,20,233,180,53
58,83,1205,224,981,50,931,515,416
58,84,95,15,80,8,72,41,31
58,85,551,116,435,26,409,251,158
58,86,7931,1723,6208,383,5825,3035,2790
58,87,589,111,478,40,438,269,169
58,88,2996,541,2455,153,2302,1450,852
58,89,208,24,184,14,170,79,91
58,90,185,22,163,10,153,80,73
58,92,360,50,310,17,293,151,142
58,93,140,12,128,5,123,50,73
58,94,393,73,320,24,296,150,146
58,95,4128,825,3303,186,3117,1986,1131
58,96,394,53,341,20,321,192,129
58,97,92,11,81,3,78,24,54
58,98,105,21,84,4,80,42,38
58,99,160,21,139,9,130,74,56
58,100,61,15,46,11,35,24,11
58,101,139,26,113,5,108,54,54
58,102,1265,231,1034,59,975,492,483
58,103,431,84,347,19,328,198,130
58,104,996,185,811,63,748,436,312
58,105,259,38,221,12,209,132,77
58,106,324,50,274,11,263,122,141
58,107,154,25,129,14,115,79,36
58,108,83,10,73,8,65,39,26
58,109,658,107,551,30,521,233,288
58,110,187,31,156,22,134,91,43
58,111,109,24,85,11,74,54,20
58,112,494,67,427,25,402,258,144
58,113,105,17,88,4,84,38,46
58,114,88,11,77,5,72,40,32
58,115,188,30,158,7,151,96,55
58,116,119,15,104,10,94,52,42
58,117,3104,729,2375,166,2209,1471,738
58,118,571,86,485,47,438,270,168
58,119,54,6,48,5,43,23,20
58,120,234,38,196,12,184,89,95
58,121,2770,515,2255,152,2103,1439,664
58,122,372,68,304,19,285,140,145
58,123,124,19,105,5,100,27,73
58,124,591,72,519,34,485,304,181
58,125,94,8,86,5,81,64,17
58,126,319,47,272,27,245,166,79
58,127,193,34,159,12,147,80,67
58,128,97,13,84,5,79,67,12
58,129,177,33,144,14,130,77,53
58,130,118,18,100,6,94,54,40
58,131,1902,329,1573,116,1457,987,470
58,132,213,39,174,14,160,83,77
58,133,68,18,50,5,45,13,32
58,134,2670,617,2053,129,1924,1427,497
58,135,104,13,91,3,88,29,59
58,136,66,6,60,4,56,26,30
58,137,57,9,48,6,42,12,30
58,138,275,45,230,18,212,102,110
58,139,114,17,97,9,88,38,50
58,140,224,27,197,15,182,90,92
58,141,67,9,58,8,50,30,20
58,142,199,28,171,9,162,98,64
58,143,126,29,97,7,90,54,36
58,144,526,125,401,22,379,234,145
58,145,987,192,795,47,748,443,305
58,146,789,187,602,56,546,289,257
58,147,273,42,231,12,219,127,92
58,148,436,70,366,28,338,205,133
58,149,1587,224,1363,100,1263,746,517
58,150,103,12,91,4,87,42,45
58,151,2758,671,2087,110,1977,1333,644
58,152,1053,166,887,73,814,497,317
58,153,68,12,56,8,48,24,24
58,154,124,18,106,8,98,48,50
58,155,481,88,393,34,359,210,149
58,156,153,25,128,11,117,59,58
58,157,319,86,233,14,219,127,92
58,158,210,24,186,22,164,96,68
58,159,152,23,129,9,120,62,58
58,160,2910,465,2445,162,2283,1251,1032
58,161,136,28,108,2,106,54,52
58,162,112,23,89,8,81,39,42
58,163,179,26,153,9,144,85,59
58,164,483,75,408,38,370,197,173
58,165,146,21,125,12,113,45,68
58,166,241,37,204,13,191,103,88
58,167,60,2,58,2,56,32,24
58,168,375,59,316,15,301,152,149
58,169,29,3,26,3,23,11,12
58,170,110,21,89,3,86,57,29
58,171,256,59,197,12,185,91,94
58,172,116,13,103,9,94,52,42
58,173,135,26,109,8,101,49,52
58,174,124,19,105,13,92,41,51
58,175,169,24,145,8,137,57,80
58,176,421,57,364,19,345,200,145
58,177,272,35,237,12,225,123,102
58,178,140,13,127,9,118,37,81
58,179,251,36,215,12,203,99,104
58,180,458,117,341,28,313,182,131
58,181,114,13,101,2,99,49,50
58,182,1163,209,954,64,890,522,368
58,183,85,14,71,5,66,45,21
58,184,104,17,87,4,83,21,62
58,185,542,111,431,31,400,179,221
58,186,69,9,60,4,56,28,28
58,187,420,74,346,19,327,171,156
58,188,103,17,86,6,80,54,26
58,189,393,64,329,23,306,171,135
58,190,115,24,91,14,77,30,47
58,191,116,26,90,3,87,41,46
58,192,180,36,144,18,126,84,42
58,193,1098,192,906,67,839,412,427
58,194,23465,5793,17672,1131,16541,10303,6238
58,195,255,36,219,16,203,112,91
58,196,318,64,254,28,226,141,85
58,197,117,11,106,9,97,53,44
58,198,278,56,222,12,210,124,86
58,199,136,18,118,6,112,66,46
58,200,163,29,134,10,124,71,53
58,201,137,31,106,7,99,48,51
58,202,37,6,31,1,30,15,15
58,203,82,12,70,6,64,36,28
58,204,239,33,206,19,187,110,77
58,205,597,137,460,27,433,257,176
58,206,42,10,32,4,28,16,12
58,207,816,152,664,42,622,392,230
58,208,268,37,231,25,206,98,108
58,209,164,24,140,15,125,51,74
58,210,247,54,193,20,173,109,64
58,211,131,21,110,7,103,46,57
58,212,255,43,212,17,195,124,71
58,213,369,64,305,26,279,132,147
58,214,1776,258,1518,95,1423,756,667
58,215,1336,243,1093,66,1027,464,563
58,216,152,30,122,9,113,86,27
58,217,171,34,137,13,124,73,51
58,218,1543,315,1228,87,1141,672,469
58,219,182,33,149,9,140,51,89
58,220,544,89,455,30,425,275,150
58,221,142,21,121,10,111,52,59
58,222,187,34,153,20,133,90,43
58,223,463,78,385,26,359,211,148
58,224,99,11,88,13,75,41,34
58,225,321,50,271,14,257,139,118
58,226,139,15,124,7,117,58,59
58,227,1049,241,808,64,744,382,362
58,228,450,72,378,31,347,118,229
58,229,273,59,214,16,198,115,83
58,230,75,18,57,6,51,20,31
58,231,353,57,296,34,262,160,102
58,232,953,153,800,43,757,434,323
58,233,169,41,128,8,120,69,51
58,234,62,10,52,9,43,23,20
58,235,258,43,215,5,210,146,64
58,236,102,18,84,14,70,34,36
58,237,30,6,24,1,23,11,12
58,238,1648,232,1416,96,1320,787,533
58,239,128,21,107,9,98,57,41
58,240,80,8,72,6,66,30,36
58,241,255,33,222,14,208,127,81
58,242,108,12,96,9,87,45,42
58,243,100,19,81,3,78,30,48
58,244,207,27,180,13,167,85,82
58,245,153,21,132,12,120,73,47
58,246,639,98,541,34,507,261,246
58,247,406,63,343,29,314,179,135
58,248,165,35,130,11,119,63,56
58,249,202,23,179,18,161,94,67
58,250,1545,324,1221,73,1148,778,370
58,251,403,61,342,30,312,173,139
58,252,141,18,123,12,111,56,55
58,253,90,14,76,2,74,23,51
58,254,444,40,404,32,372,182,190
58,255,285,46,239,22,217,119,98
58,256,320,41,279,29,250,123,127
58,257,57,5,52,3,49,14,35
58,258,411,67,344,20,324,183,141
58,259,158,33,125,6,119,71,48
58,260,968,116,852,64,788,469,319
58,261,970,145,825,61,764,401,363
58,262,233,44,189,10,179,72,107
58,263,162,25,137,8,129,40,89
58,264,1405,243,1162,79,1083,621,462
58,265,110,19,91,3,88,41,47
58,266,170,23,147,4,143,67,76
58,267,579,81,498,35,463,219,244
58,268,191,28,163,14,149,73,76
58,269,358,63,295,23,272,158,114
58,270,349,81,268,16,252,152,100
58,271,117,22,95,2,93,38,55
58,272,98,15,83,4,79,52,27
58,273,1160,169,991,68,923,547,376
58,274,86,10,76,3,73,44,29
58,275,227,32,195,17,178,90,88
58,276,225,48,177,12,165,84,81
58,277,191,19,172,9,163,79,84
58,278,1189,169,1020,53,967,625,342
58,279,156,21,135,15,120,67,53
58,280,542,74,468,17,451,261,190
58,281,503,75,428,29,399,191,208
58,282,339,64,275,19,256,133,123
58,283,80,12,68,6,62,28,34
58,284,55,8,47,2,45,25,20
58,285,163,18,145,6,139,75,64
58,286,468,80,388,19,369,163,206
58,287,196,32,164,11,153,66,87
58,288,94,13,81,4,77,34,43
58,289,150,31,119,6,113,49,64
58,290,50,3,47,2,45,18,27
58,291,177,43,134,4,130,80,50
58,292,172,32,140,9,131,72,59
58,293,357,42,315,24,291,191,100
58,294,114,12,102,5,97,41,56
58,295,738,96,642,48,594,319,275
58,296,139,28,111,5,106,40,66
58,297,175,32,143,11,132,87,45
58,298,255,32,223,14,209,122,87
58,299,210,32,178,7,171,116,55
58,300,1314,190,1124,69,1055,712,343
58,301,304,49,255,14,241,151,90
58,302,625,86,539,23,516,308,208
58,303,7558,1342,6216,415,5801,4023,1778
58,304,838,156,682,36,646,357,289
58,305,103,21,82,9,73,43,30
58,306,252,52,200,10,190,111,79
58,307,142,20,122,9,113,60,53
58,308,72,11,61,7,54,30,24
58,309,372,53,319,26,293,206,87
58,310,48,6,42,2,40,29,11
58,311,243,37,206,11,195,125,70
58,312,259,43,216,10,206,136,70
58,313,82,15,67,6,61,38,23
59,1,344,40,304,19,285,128,157
59,2,2782,628,2154,192,1962,1232,730
59,3,249,47,202,10,192,80,112
59,4,836,80,756,32,724,224,500
59,5,2611,466,2145,123,2022,1057,965
59,6,174,25,149,9,140,40,100
59,7,708,122,586,47,539,329,210
59,8,6647,1740,4907,351,4556,2992,1564
59,9,39672,8255,31417,1549,29868,17838,12030
59,10,182,22,160,6,154,68,86
59,11,7069,1496,5573,445,5128,2724,2404
59,12,2236,498,1738,142,1596,957,639
59,13,995,155,840,51,789,422,367
59,14,8583,2447,6136,406,5730,3537,2193
59,15,2151,322,1829,149,1680,881,799
59,16,1875,221,1654,133,1521,807,714
59,17,17015,4374,12641,820,11821,7127,4694
59,18,1172,131,1041,68,973,462,511
59,19,761,155,606,38,568,277,291
59,21,1296,192,1104,74,1030,580,450
59,22,1819,307,1512,110,1402,621,781
59,23,398,80,318,19,299,144,155
59,24,3447,796,2651,190,2461,1646,815
59,25,1315,200,1115,76,1039,383,656
59,26,892,155,737,55,682,314,368
59,27,1150,193,957,66,891,410,481
59,28,5089,1011,4078,315,3763,2612,1151
59,29,1098,144,954,54,900,392,508
59,31,265,53,212,21,191,61,130
59,32,4782,1112,3670,250,3420,2060,1360
59,33,6684,1808,4876,324,4552,3107,1445
59,34,2052,297,1755,79,1676,618,1058
59,35,1972,438,1534,83,1451,745,706
59,36,2990,819,2171,101,2070,1131,939
59,37,2605,510,2095,164,1931,1318,613
59,38,1012,146,866,70,796,413,383
59,39,590,80,510,30,480,227,253
59,41,1874,455,1419,118,1301,874,427
59,42,1150,157,993,58,935,403,532
59,43,11196,2313,8883,589,8294,4219,4075
59,44,3523,595,2928,185,2743,1158,1585
59,45,112,27,85,3,82,27,55
59,46,553,72,481,33,448,179,269
59,47,286,75,211,20,191,94,97
59,48,357,54,303,16,287,150,137
59,49,318,107,211,21,190,97,93
59,50,255,35,220,8,212,78,134
59,51,4423,1010,3413,237,3176,1719,1457
59,52,4047,878,3169,253,2916,1748,1168
59,53,2355,463,1892,135,1757,826,931
59,54,726,107,619,47,572,277,295
59,55,421,55,366,21,345,155,190
59,56,701,89,612,28,584,165,419
59,57,421,59,362,26,336,148,188
59,58,782,146,636,46,590,191,399
59,59,331,49,282,32,250,158,92
59,60,162,26,136,9,127,62,65
59,61,192,43,149,13,136,60,76
59,62,110,12,98,5,93,45,48
59,63,1591,282,1309,101,1208,745,463
59,64,932,162,770,64,706,371,335
59,65,635,166,469,43,426,207,219
59,66,109,20,89,7,82,32,50
59,67,3063,622,2441,156,2285,1185,1100
59,68,2424,528,1896,125,1771,941,830
59,69,526,61,465,39,426,249,177
59,70,289,43,246,25,221,71,150
59,71,1780,276,1504,95,1409,562,847
59,72,217,33,184,10,174,65,109
59,73,434,59,375,23,352,144,208
59,74,1609,277,1332,95,1237,700,537
59,75,532,71,461,30,431,212,219
59,76,209,40,169,7,162,67,95
59,77,174,31,143,13,130,62,68
59,78,429,80,349,25,324,162,162
59,79,4489,1241,3248,220,3028,1900,1128
59,80,2242,340,1902,110,1792,907,885
59,81,415,57,358,25,333,190,143
59,82,1322,174,1148,69,1079,536,543
59,83,175,19,156,10,146,41,105
59,84,1592,233,1359,111,1248,620,628
59,85,274,47,227,24,203,94,109
59,86,1729,318,1411,90,1321,745,576
59,87,578,105,473,30,443,249,194
59,88,1228,188,1040,52,988,317,671
59,89,1039,154,885,59,826,329,497
59,90,8525,1552,6973,218,6755,1269,5486
59,91,418,36,382,33,349,143,206
59,92,3025,579,2446,151,2295,1276,1019
59,93,241,32,209,10,199,63,136
59,94,5218,1295,3923,272,3651,1856,1795
59,96,1185,135,1050,48,1002,371,631
59,97,229,37,192,15,177,79,98
59,98,3648,766,2882,159,2723,967,1756
59,99,1314,250,1064,74,990,578,412
59,100,241,27,214,13,201,74,127
59,101,345,156,189,12,177,74,103
59,102,337,45,292,12,280,123,157
59,103,355,62,293,20,273,138,135
59,104,2264,536,1728,119,1609,931,678
59,105,1269,214,1055,64,991,439,552
59,106,557,60,497,26,471,190,281
59,107,3941,851,3090,197,2893,1370,1523
59,108,528,78,450,30,420,282,138
59,109,598,74,524,27,497,195,302
59,110,1089,156,933,76,857,377,480
59,111,265,36,229,16,213,96,117
59,112,7922,2044,5878,426,5452,3192,2260
59,113,914,119,795,63,732,466,266
59,114,1236,245,991,80,911,473,438
59,115,500,81,419,42,377,197,180
59,116,281,49,232,18,214,88,126
59,117,741,91,650,54,596,316,280
59,118,1780,345,1435,113,1322,690,632
59,119,397,50,347,20,327,149,178
59,120,1412,212,1200,64,1136,481,655
59,121,414,86,328,32,296,127,169
59,122,23003,6191,16812,1042,15770,8004,7766
59,123,1435,251,1184,67,1117,482,635
59,124,1593,236,1357,65,1292,473,819
59,125,351,51,300,23,277,112,165
59,126,1115,175,940,70,870,448,422
59,127,122,17,105,7,98,47,51
59,128,1297,195,1102,69,1033,370,663
59,129,1603,206,1397,85,1312,529,783
59,130,883,178,705,55,650,285,365
59,131,6329,1095,5234,485,4749,2977,1772
59,132,817,161,656,67,589,310,279
59,133,754,87,667,48,619,301,318
59,134,866,139,727,41,686,214,472
59,135,1767,272,1495,94,1401,628,773
59,136,4608,960,3648,201,3447,1921,1526
59,137,621,93,528,28,500,291,209
59,138,506,72,434,44,390,204,186
59,139,10369,3009,7360,519,6841,4103,2738
59,140,358,58,300,23,277,161,116
59,141,429,63,366,24,342,175,167
59,142,475,83,392,29,363,127,236
59,143,6215,1253,4962,302,4660,2014,2646
59,144,614,112,502,38,464,181,283
59,145,567,74,493,30,463,178,285
59,146,2507,322,2185,102,2083,875,1208
59,147,54,7,47,2,45,17,28
59,148,249,52,197,17,180,81,99
59,149,884,138,746,56,690,319,371
59,150,427,54,373,24,349,117,232
59,151,1218,218,1000,58,942,352,590
59,152,9730,2521,7209,422,6787,3165,3622
59,153,6077,1656,4421,299,4122,2375,1747
59,154,1043,142,901,66,835,378,457
59,155,16294,2985,13309,1060,12249,7073,5176
59,156,1945,332,1613,109,1504,881,623
59,157,1649,404,1245,52,1193,484,709
59,158,2097,328,1769,89,1680,698,982
59,159,434,54,380,38,342,172,170
59,160,2974,738,2236,146,2090,1191,899
59,161,558,71,487,40,447,211,236
59,162,524,57,467,37,430,191,239
59,163,14744,3581,11163,574,10589,4739,5850
59,164,180,34,146,10,136,62,74
59,165,5121,942,4179,242,3937,2280,1657
59,166,1003,164,839,42,797,332,465
59,167,157,24,133,12,121,37,84
59,168,3608,615,2993,115,2878,1263,1615
59,169,174,25,149,12,137,47,90
59,170,3556,867,2689,186,2503,1696,807
59,171,32,0,32,3,29,6,23
59,172,10747,2922,7825,575,7250,4723,2527
59,173,1309,241,1068,63,1005,321,684
59,174,254,39,215,18,197,76,121
59,175,246,34,212,19,193,82,111
59,176,238,32,206,6,200,90,110
59,177,711,114,597,54,543,256,287
59,178,27676,7905,19771,1111,18660,10607,8053
59,179,7441,2076,5365,403,4962,3209,1753
59,180,1051,114,937,53,884,359,525
59,181,432,86,346,25,321,109,212
59,182,212,30,182,15,167,72,95
59,183,64891,14361,50530,3727,46803,25972,20831
59,184,483,67,416,23,393,177,216
59,185,1365,264,1101,72,1029,687,342
59,186,69,13,56,2,54,29,25
59,187,215,37,178,7,171,77,94
59,188,91,12,79,6,73,24,49
59,189,901,131,770,48,722,308,414
59,190,730,95,635,34,601,220,381
59,191,483,101,382,30,352,158,194
59,192,741,156,585,49,536,345,191
59,193,2487,379,2108,124,1984,983,1001
59,194,953,176,777,52,725,403,322
59,195,414,58,356,18,338,118,220
59,196,991,144,847,32,815,206,609
59,197,1639,181,1458,77,1381,617,764
59,198,154,19,135,12,123,65,58
59,199,596,66,530,33,497,207,290
59,200,337,46,291,24,267,109,158
59,201,366,39,327,22,305,98,207
59,202,3550,612,2938,197,2741,1309,1432
59,203,1079,173,906,77,829,507,322
59,204,363,59,304,22,282,137,145
59,205,6053,1711,4342,290,4052,2753,1299
59,206,2553,529,2024,124,1900,1140,760
59,207,3083,908,2175,154,2021,1261,760
59,208,251,23,228,5,223,48,175
59,209,508,89,419,22,397,185,212
59,210,1733,248,1485,100,1385,627,758
59,211,602,73,529,34,495,226,269
59,212,4642,987,3655,289,3366,1736,1630
59,213,367,35,332,23,309,135,174
59,214,805,83,722,40,682,388,294
59,215,771,88,683,45,638,283,355
59,216,273,40,233,14,219,112,107
59,217,280,37,243,22,221,74,147
59,218,973,173,800,66,734,253,481
59,219,483,73,410,30,380,171,209
59,220,12389,2862,9527,529,8998,4902,4096
59,221,1769,378,1391,90,1301,650,651
59,222,1688,274,1414,112,1302,518,784
59,223,353,54,299,17,282,121,161
59,224,1268,248,1020,62,958,523,435
59,225,4420,915,3505,257,3248,1731,1517
59,226,891,155,736,54,682,355,327
59,227,3980,831,3149,253,2896,1997,899
59,228,1124,155,969,78,891,430,461
59,229,471,85,386,27,359,166,193
59,230,3605,719,2886,232,2654,1339,1315
59,231,779,111,668,49,619,299,320
59,232,268,40,228,19,209,89,120
59,233,305,64,241,12,229,122,107
59,234,3664,685,2979,239,2740,1672,1068
59,236,198,37,161,14,147,77,70
59,237,667,81,586,29,557,240,317
59,238,1268,296,972,52,920,426,494
59,239,4249,761,3488,218,3270,1606,1664
59,240,104,13,91,4,87,34,53
59,241,399,64,335,27,308,118,190
59,242,536,77,459,57,402,176,226
59,243,849,138,711,57,654,347,307
59,244,1298,200,1098,92,1006,481,525
59,246,371,52,319,25,294,142,152
59,247,1234,220,1014,62,952,433,519
59,249,9099,2695,6404,454,5950,3478,2472
59,250,1711,225,1486,64,1422,552,870
59,251,237,25,212,12,200,93,107
59,252,1913,293,1620,94,1526,544,982
59,253,5192,1511,3681,339,3342,1925,1417
59,254,684,95,589,42,547,292,255
59,255,429,88,341,22,319,164,155
59,256,2463,369,2094,133,1961,1057,904
59,257,767,118,649,30,619,179,440
59,258,1713,251,1462,87,1375,575,800
59,259,375,47,328,24,304,152,152
59,260,2509,452,2057,132,1925,962,963
59,261,1330,338,992,74,918,532,386
59,262,1530,181,1349,72,1277,660,617
59,263,880,129,751,55,696,311,385
59,264,581,147,434,23,411,160,251
59,265,1622,273,1349,89,1260,627,633
59,266,3106,491,2615,165,2450,1205,1245
59,267,231,43,188,15,173,81,92
59,268,4193,844,3349,235,3114,1697,1417
59,269,1029,164,865,67,798,419,379
59,270,363,47,316,30,286,139,147
59,271,14918,3802,11116,766,10350,7334,3016
59,272,4213,840,3373,273,3100,1856,1244
59,273,9205,1882,7323,598,6725,4065,2660
59,274,342,58,284,20,264,99,165
59,275,916,78,838,36,802,205,597
59,276,3702,800,2902,205,2697,1957,740
59,277,168,31,137,7,130,59,71
59,278,3039,530,2509,172,2337,1136,1201
59,279,14565,3436,11129,699,10430,4716,5714
59,280,607,62,545,31,514,283,231
59,281,786,87,699,49,650,353,297
59,282,279,30,249,24,225,103,122
59,283,451,77,374,33,341,142,199
59,284,2944,628,2316,149,2167,1136,1031
59,285,2207,429,1778,157,1621,1008,613
59,286,9680,2147,7533,532,7001,3776,3225
59,287,173,14,159,11,148,48,100
59,288,1619,261,1358,106,1252,729,523
59,289,1201,231,970,56,914,544,370
59,290,286,47,239,20,219,104,115
59,291,9655,3009,6646,398,6248,3437,2811
59,292,2145,509,1636,110,1526,1051,475
59,293,1088,165,923,92,831,394,437
59,294,228,36,192,13,179,66,113
59,295,16883,3892,12991,815,12176,6841,5335
59,296,273,42,231,11,220,103,117
59,297,1361,314,1047,75,972,498,474
59,299,13335,2838,10497,478,10019,4893,5126
59,300,382,51,331,18,313,157,156
59,301,3425,940,2485,186,2299,1186,1113
59,302,2793,575,2218,194,2024,1220,804
59,303,1667,225,1442,85,1357,561,796
59,304,310,35,275,20,255,113,142
59,305,1151,154,997,64,933,385,548
59,306,212,44,168,13,155,75,80
59,307,699,163,536,36,500,283,217
59,308,714,81,633,43,590,223,367
59,309,2948,634,2314,144,2170,1105,1065
59,310,523,89,434,26,408,188,220
59,311,350,53,297,18,279,153,126
59,312,512,102,410,39,371,190,181
59,313,1091,165,926,93,833,482,351
59,314,2511,472,2039,115,1924,1291,633
59,315,656,139,517,38,479,228,251
59,316,2582,354,2228,147,2081,1076,1005
59,317,5836,1409,4427,318,4109,2260,1849
59,318,777,142,635,41,594,240,354
59,319,2728,419,2309,141,2168,982,1186
59,320,1073,134,939,59,880,405,475
59,321,565,125,440,43,397,214,183
59,322,2338,414,1924,148,1776,1033,743
59,323,862,154,708,44,664,269,395
59,324,6812,2280,4532,257,4275,2384,1891
59,325,722,100,622,47,575,262,313
59,326,725,94,631,34,597,256,341
59,327,4458,1016,3442,279,3163,2026,1137
59,328,20297,3925,16372,781,15591,6959,8632
59,329,3890,708,3182,224,2958,1537,1421
59,330,1863,253,1610,89,1521,617,904
59,331,2653,492,2161,159,2002,1101,901
59,332,1278,379,899,54,845,419,426
59,333,221,39,182,22,160,67,93
59,334,1439,262,1177,85,1092,587,505
59,335,2227,429,1798,98,1700,695,1005
59,336,1074,218,856,57,799,493,306
59,337,468,82,386,18,368,155,213
59,338,488,51,437,42,395,193,202
59,339,8153,1635,6518,399,6119,2626,3493
59,340,3754,682,3072,211,2861,1584,1277
59,341,316,44,272,20,252,139,113
59,342,158,17,141,11,130,46,84
59,343,4707,828,3879,254,3625,1585,2040
59,344,1852,374,1478,129,1349,912,437
59,345,1942,371,1571,118,1453,900,553
59,346,2630,485,2145,122,2023,1230,793
59,347,403,72,331,14,317,156,161
59,348,1011,149,862,92,770,440,330
59,349,1310,235,1075,97,978,491,487
59,350,122616,31448,91168,4287,86881,54243,32638
59,351,462,87,375,33,342,122,220
59,352,6276,1206,5070,304,4766,1853,2913
59,353,238,37,201,24,177,79,98
59,354,622,85,537,28,509,255,254
59,356,1836,246,1590,75,1515,461,1054
59,357,1521,291,1230,92,1138,473,665
59,358,931,158,773,63,710,333,377
59,359,4649,788,3861,321,3540,1897,1643
59,360,12570,3189,9381,572,8809,5112,3697
59,361,2176,576,1600,98,1502,1046,456
59,363,757,105,652,41,611,297,314
59,364,647,82,565,31,534,258,276
59,365,3918,1028,2890,146,2744,1812,932
59,366,542,70,472,30,442,195,247
59,367,9065,1655,7410,469,6941,3181,3760
59,368,15408,3787,11621,532,11089,5562,5527
59,369,3069,729,2340,149,2191,1099,1092
59,370,563,92,471,38,433,153,280
59,371,520,62,458,29,429,116,313
59,372,413,83,330,23,307,97,210
59,374,364,51,313,28,285,130,155
59,375,3619,747,2872,187,2685,1446,1239
59,377,1488,243,1245,97,1148,623,525
59,378,28357,5355,23002,954,22048,7787,14261
59,379,494,50,444,38,406,222,184
59,381,707,128,579,28,551,268,283
59,382,952,154,798,71,727,384,343
59,383,8538,1939,6599,416,6183,3655,2528
59,384,1181,271,910,72,838,397,441
59,385,1790,457,1333,85,1248,666,582
59,386,7391,1589,5802,364,5438,2668,2770
59,387,1143,199,944,68,876,523,353
59,388,1521,258,1263,90,1173,550,623
59,389,1947,384,1563,118,1445,961,484
59,390,2960,666,2294,153,2141,1408,733
59,391,693,89,604,55,549,251,298
59,392,20045,5714,14331,835,13496,7867,5629
59,393,791,182,609,38,571,260,311
59,394,261,51,210,16,194,105,89
59,395,240,55,185,8,177,74,103
59,396,440,68,372,23,349,164,185
59,397,481,70,411,37,374,159,215
59,398,1963,211,1752,85,1667,494,1173
59,399,755,90,665,29,636,235,401
59,400,7225,1567,5658,408,5250,2913,2337
59,401,1665,193,1472,87,1385,540,845
59,402,576,70,506,56,450,199,251
59,403,529,76,453,23,430,192,238
59,404,680,123,557,47,510,196,314
59,405,345,76,269,19,250,115,135
59,406,324,62,262,20,242,116,126
59,407,435,61,374,16,358,162,196
59,408,1159,203,956,58,898,389,509
59,409,1866,334,1532,125,1407,868,539
59,410,12954,2837,10117,567,9550,5758,3792
59,411,1680,257,1423,71,1352,548,804
59,412,234,27,207,17,190,122,68
59,413,470,72,398,29,369,168,201
59,414,3270,661,2609,199,2410,1535,875
59,415,197,30,167,15,152,87,65
59,416,2048,331,1717,125,1592,774,818
59,418,1149,354,795,51,744,385,359
59,419,1066,164,902,56,846,334,512
59,420,37,5,32,2,30,13,17
59,421,10481,1960,8521,349,8172,2210,5962
59,422,516,88,428,20,408,213,195
59,423,968,123,845,51,794,381,413
59,424,848,185,663,55,608,341,267
59,425,226,16,210,11,199,78,121
59,426,8194,1639,6555,313,6242,2258,3984
59,427,534,73,461,23,438,170,268
59,428,2860,673,2187,188,1999,1119,880
59,429,1982,370,1612,145,1467,950,517
59,430,759,130,629,43,586,278,308
59,431,6309,1342,4967,305,4662,2246,2416
59,432,444,69,375,17,358,159,199
59,433,760,138,622,67,555,301,254
59,434,965,117,848,55,793,349,444
59,435,2017,327,1690,108,1582,578,1004
59,436,602,69,533,41,492,201,291
59,437,688,91,597,38,559,235,324
59,438,547,70,477,36,441,223,218
59,439,255,58,197,18,179,95,84
59,440,565,87,478,25,453,225,228
59,441,516,83,433,31,402,162,240
59,442,209,30,179,16,163,64,99
59,443,260,29,231,15,216,78,138
59,444,733,209,524,32,492,251,241
59,445,953,220,733,45,688,361,327
59,446,417,57,360,16,344,153,191
59,447,6286,1547,4739,302,4437,2647,1790
59,448,381,64,317,32,285,142,143
59,449,6157,1148,5009,344,4665,2556,2109
59,450,532,76,456,27,429,201,228
59,451,405,47,358,27,331,131,200
59,452,3672,872,2800,151,2649,1603,1046
59,453,513,86,427,30,397,158,239
59,454,390,62,328,24,304,121,183
59,455,742,127,615,48,567,304,263
59,456,4366,1007,3359,216,3143,2057,1086
59,457,5926,1288,4638,302,4336,2063,2273
59,458,615,74,541,30,511,181,330
59,459,3837,800,3037,256,2781,1562,1219
59,461,218,32,186,11,175,58,117
59,462,3624,513,3111,171,2940,1361,1579
59,463,702,96,606,37,569,215,354
59,464,1469,285,1184,80,1104,625,479
59,465,518,83,435,16,419,211,208
59,466,1893,283,1610,103,1507,730,777
59,467,1818,384,1434,95,1339,749,590
59,468,307,52,255,11,244,115,129
59,469,247,44,203,7,196,81,115
59,470,1555,207,1348,71,1277,523,754
59,471,1485,281,1204,91,1113,585,528
59,472,627,77,550,27,523,352,171
59,473,209,30,179,7,172,60,112
59,474,824,157,667,30,637,264,373
59,475,1645,305,1340,117,1223,692,531
59,476,2837,588,2249,150,2099,988,1111
59,477,3037,586,2451,215,2236,1276,960
59,478,966,170,796,38,758,259,499
59,479,2568,608,1960,116,1844,920,924
59,480,649,85,564,41,523,250,273
59,481,3728,889,2839,201,2638,1484,1154
59,482,5332,1160,4172,237,3935,1561,2374
59,483,118,18,100,2,98,31,67
59,484,3903,1084,2819,185,2634,1677,957
59,485,1387,264,1123,68,1055,614,441
59,486,2064,436,1628,106,1522,844,678
59,487,1122,138,984,61,923,277,646
59,488,1782,336,1446,97,1349,673,676
59,489,3166,620,2546,191,2355,1217,1138
59,490,168,32,136,7,129,39,90
59,491,9865,2915,6950,506,6444,4051,2393
59,492,462,53,409,29,380,189,191
59,493,192,34,158,14,144,55,89
59,494,124,32,92,0,92,58,34
59,495,1710,505,1205,83,1122,598,524
59,496,185,19,166,18,148,63,85
59,497,1769,287,1482,100,1382,640,742
59,498,251,23,228,17,211,114,97
59,499,1469,253,1216,89,1127,535,592
59,500,307,48,259,20,239,89,150
59,501,1153,231,922,56,866,520,346
59,502,1032,159,873,72,801,506,295
59,503,135,12,123,12,111,50,61
59,504,2721,540,2181,157,2024,1238,786
59,505,549,86,463,46,417,175,242
59,506,312,51,261,17,244,101,143
59,507,12957,3052,9905,576,9329,5300,4029
59,508,10673,2204,8469,417,8052,2929,5123
59,509,4772,1055,3717,246,3471,2047,1424
59,511,1486,228,1258,90,1168,550,618
59,512,46068,13979,32089,1341,30748,20710,10038
59,513,317,39,278,15,263,132,131
59,514,2899,495,2404,171,2233,1036,1197
59,515,461,79,382,30,352,197,155
59,516,648,84,564,36,528,225,303
59,517,559,81,478,27,451,202,249
59,518,355,61,294,24,270,121,149
59,519,1287,246,1041,59,982,378,604
59,520,1160,226,934,66,868,475,393
59,521,341,43,298,21,277,125,152
59,522,1451,236,1215,53,1162,372,790
59,523,2092,259,1833,83,1750,627,1123
59,524,4265,792,3473,238,3235,1609,1626
59,525,2046,405,1641,116,1525,854,671
59,526,12422,2913,9509,644,8865,4922,3943
59,527,7823,1761,6062,331,5731,2900,2831
59,528,1181,182,999,75,924,562,362
59,529,290,34,256,20,236,100,136
59,530,286,57,229,18,211,92,119
59,531,268,46,222,29,193,100,93
59,532,220,22,198,18,180,85,95
59,533,1238,214,1024,57,967,602,365
59,534,609,98,511,45,466,236,230
59,535,1296,148,1148,77,1071,438,633
59,536,633,40,593,36,557,267,290
59,537,407,60,347,21,326,160,166
59,538,310,44,266,22,244,130,114
59,539,718,104,614,49,565,276,289
59,541,757,125,632,54,578,363,215
59,542,380,86,294,24,270,125,145
59,543,902,193,709,56,653,294,359
59,544,8422,1786,6636,433,6203,2945,3258
59,545,951,193,758,68,690,357,333
59,546,912,122,790,39,751,373,378
59,547,628,81,547,44,503,325,178
59,548,486,75,411,40,371,170,201
59,549,237,41,196,12,184,82,102
59,550,2191,436,1755,140,1615,941,674
59,551,1203,213,990,56,934,383,551
59,552,155,18,137,11,126,49,77
59,553,4563,907,3656,217,3439,1464,1975
59,554,398,63,335,14,321,129,192
59,555,996,229,767,62,705,380,325
59,556,217,33,184,20,164,57,107
59,557,1563,258,1305,94,1211,615,596
59,558,1398,234,1164,83,1081,587,494
59,559,1507,243,1264,59,1205,416,789
59,560,8830,2053,6777,417,6360,3386,2974
59,562,416,88,328,20,308,148,160
59,563,178,21,157,18,139,56,83
59,564,2394,684,1710,122,1588,977,611
59,565,435,54,381,23,358,140,218
59,566,3018,546,2472,158,2314,1011,1303
59,567,275,49,226,25,201,72,129
59,568,298,37,261,16,245,91,154
59,569,10861,2613,8248,589,7659,4759,2900
59,570,803,85,718,39,679,225,454
59,571,3446,770,2676,159,2517,1420,1097
59,572,1401,308,1093,69,1024,510,514
59,573,92,16,76,5,71,34,37
59,574,9147,2398,6749,472,6277,4246,2031
59,575,292,39,253,15,238,125,113
59,576,1240,147,1093,81,1012,504,508
59,577,514,81,433,29,404,185,219
59,578,1269,165,1104,60,1044,539,505
59,579,1047,172,875,69,806,342,464
59,580,3178,506,2672,167,2505,1126,1379
59,581,2648,420,2228,139,2089,922,1167
59,582,603,84,519,51,468,197,271
59,583,413,93,320,22,298,138,160
59,584,623,137,486,26,460,141,319
59,585,2735,526,2209,134,2075,967,1108
59,586,4879,918,3961,232,3729,1660,2069
59,587,486,61,425,28,397,165,232
59,588,5688,900,4788,306,4482,1889,2593
59,589,1983,502,1481,120,1361,814,547
59,590,648,83,565,32,533,273,260
59,591,608,114,494,30,464,238,226
59,592,2911,517,2394,186,2208,1034,1174
59,593,514,82,432,18,414,213,201
59,594,728,118,610,31,579,277,302
59,595,379,38,341,30,311,160,151
59,596,387,57,330,27,303,106,197
59,597,448,43,405,24,381,155,226
59,598,3235,592,2643,162,2481,987,1494
59,599,61012,19119,41893,2227,39666,22009,17657
59,600,526,49,477,27,450,178,272
59,601,1993,470,1523,109,1414,746,668
59,602,1039,138,901,44,857,336,521
59,603,4858,1163,3695,296,3399,2204,1195
59,604,592,90,502,29,473,231,242
59,605,1005,129,876,50,826,392,434
59,606,24527,6018,18509,1030,17479,8422,9057
59,607,369,53,316,15,301,150,151
59,608,819,86,733,44,689,300,389
59,609,1350,230,1120,62,1058,454,604
59,610,709,87,622,48,574,292,282
59,611,1850,234,1616,81,1535,398,1137
59,612,415,65,350,32,318,160,158
59,613,977,195,782,56,726,358,368
59,614,1154,168,986,77,909,554,355
59,615,1780,272,1508,98,1410,588,822
59,616,7633,2234,5399,352,5047,2928,2119
59,617,428,71,357,33,324,148,176
59,618,591,133,458,21,437,175,262
59,619,742,145,597,46,551,267,284
59,620,471,44,427,36,391,201,190
59,622,929,153,776,47,729,421,308
59,623,552,95,457,42,415,192,223
59,624,1603,372,1231,75,1156,417,739
59,625,325,56,269,16,253,120,133
59,626,930,126,804,42,762,350,412
59,627,795,211,584,41,543,225,318
59,628,432,52,380,28,352,134,218
59,629,1033,174,859,56,803,436,367
59,630,1854,381,1473,108,1365,776,589
59,631,1572,337,1235,76,1159,567,592
59,632,4055,866,3189,225,2964,1582,1382
59,633,179,34,145,10,135,55,80
59,634,660,55,605,38,567,229,338
59,635,273,24,249,15,234,123,111
59,636,7719,1699,6020,319,5701,2250,3451
59,637,988,199,789,66,723,387,336
59,638,786,86,700,27,673,302,371
59,639,766,126,640,48,592,267,325
59,640,560,74,486,25,461,194,267
59,641,1715,308,1407,107,1300,577,723
59,642,377,48,329,28,301,142,159
59,643,194,26,168,5,163,48,115
59,645,455,68,387,22,365,178,187
59,646,15141,3417,11724,612,11112,4655,6457
59,647,1951,335,1616,120,1496,947,549
59,648,9049,1866,7183,391,6792,3549,3243
59,649,196,26,170,9,161,45,116
59,650,30024,8114,21910,1383,20527,11185,9342
59,651,1042,228,814,87,727,471,256
59,652,277,25,252,19,233,109,124
59,653,5854,1155,4699,326,4373,2252,2121
59,654,4945,1292,3653,236,3417,2492,925
59,655,166,19,147,12,135,54,81
59,656,3224,629,2595,122,2473,1017,1456
59,657,442,55,387,25,362,142,220
59,658,284,38,246,10,236,99,137
59,659,2175,514,1661,128,1533,893,640
59,660,2264,371,1893,80,1813,787,1026
59,661,98,19,79,2,77,33,44
59,662,903,114,789,50,739,331,408
59,663,4343,748,3595,278,3317,1510,1807
59,664,232,33,199,15,184,81,103
59,665,218,32,186,8,178,69,109
59,666,1105,208,897,70,827,360,467
59,667,156,21,135,13,122,48,74
59,668,1126,132,994,67,927,487,440
59,669,438,52,386,28,358,167,191
59,670,953,128,825,57,768,396,372
60,1,456,68,388,34,354,134,220
60,2,579,98,481,37,444,199,245
60,3,423,52,371,35,336,139,197
60,4,271,26,245,20,225,84,141
60,5,588,125,463,37,426,186,240
60,6,904,178,726,38,688,349,339
60,7,2199,286,1913,125,1788,765,1023
60,8,298,47,251,19,232,106,126
60,9,1170,163,1007,82,925,363,562
60,10,1203,240,963,73,890,380,510
60,11,282,50,232,24,208,99,109
60,12,2298,512,1786,120,1666,749,917
60,13,1086,176,910,86,824,361,463
60,14,153,21,132,13,119,61,58
60,15,868,139,729,75,654,269,385
60,16,207,31,176,8,168,65,103
60,17,760,109,651,46,605,255,350
60,18,401,81,320,19,301,105,196
60,19,324,68,256,20,236,118,118
60,20,194,36,158,20,138,62,76
60,21,357,69,288,23,265,128,137
60,22,583,52,531,20,511,128,383
60,23,425,51,374,23,351,153,198
60,24,620,76,544,61,483,254,229
60,25,1398,303,1095,81,1014,481,533
60,26,355,51,304,24,280,96,184
60,27,356,60,296,13,283,113,170
60,28,452,63,389,11,378,105,273
60,29,2018,454,1564,124,1440,666,774
60,30,433,54,379,15,364,113,251
60,31,211,50,161,7,154,60,94
60,32,574,120,454,36,418,216,202
60,33,758,119,639,22,617,196,421
60,34,857,121,736,44,692,327,365
60,35,178,20,158,13,145,65,80
60,36,269,35,234,13,221,102,119
60,37,368,49,319,19,300,120,180
60,38,332,58,274,23,251,88,163
60,39,326,56,270,13,257,131,126
60,40,487,87,400,40,360,167,193
60,41,1452,198,1254,98,1156,619,537
60,42,1098,166,932,81,851,412,439
60,43,527,91,436,32,404,229,175
60,44,1217,289,928,65,863,411,452
60,45,377,65,312,10,302,110,192
60,46,206,29,177,11,166,56,110
60,47,559,73,486,26,460,191,269
60,48,239,40,199,19,180,80,100
60,49,111,10,101,2,99,53,46
60,50,238,20,218,15,203,80,123
60,51,152,27,125,12,113,39,74
60,52,82,14,68,5,63,18,45
60,53,327,45,282,21,261,98,163
60,54,270,40,230,13,217,60,157
60,55,229,31,198,30,168,72,96
60,56,57,7,50,9,41,19,22
60,57,33249,7937,25312,1486,23826,13083,10743
60,58,210,28,182,13,169,76,93
60,59,173,31,142,15,127,63,64
60,60,438,69,369,21,348,152,196
60,61,67,9,58,5,53,21,32
60,62,240,44,196,12,184,77,107
60,63,680,100,580,45,535,228,307
60,64,724,149,575,52,523,262,261
60,65,1140,190,950,63,887,387,500
60,66,201,26,175,6,169,56,113
60,67,784,165,619,41,578,281,297
60,68,2126,500,1626,122,1504,806,698
60,69,719,105,614,35,579,309,270
60,70,358,77,281,21,260,133,127
60,71,127,16,111,6,105,34,71
60,72,229,40,189,16,173,76,97
60,73,420,53,367,41,326,118,208
60,74,839,91,748,56,692,268,424
60,75,97,19,78,7,71,31,40
60,76,413,55,358,33,325,124,201
60,77,275,36,239,21,218,80,138
60,78,71,6,65,5,60,26,34
60,79,643,98,545,44,501,233,268
60,80,135,12,123,10,113,35,78
60,81,271,31,240,14,226,89,137
60,82,647,97,550,47,503,217,286
60,83,706,130,576,41,535,225,310
60,84,137,21,116,7,109,34,75
60,85,170,34,136,10,126,43,83
60,86,1509,264,1245,73,1172,471,701
60,87,224,22,202,4,198,58,140
60,88,2545,553,1992,147,1845,852,993
60,89,303,45,258,14,244,108,136
60,90,265,37,228,5,223,90,133
60,91,289,44,245,22,223,88,135
60,92,146,29,117,11,106,57,49
60,93,322,44,278,21,257,110,147
60,94,217,46,171,9,162,84,78
60,95,299,38,261,10,251,111,140
60,96,66,1,65,2,63,25,38
60,97,191,27,164,21,143,38,105
60,98,157,22,135,8,127,32,95
60,99,132,15,117,9,108,56,52
60,100,94,10,84,5,79,24,55
60,101,399,58,341,29,312,107,205
60,102,1598,309,1289,77,1212,611,601
60,103,2934,670,2264,168,2096,1008,1088
60,104,2883,702,2181,148,2033,999,1034
60,105,281,73,208,22,186,70,116
60,106,1688,327,1361,105,1256,677,579
60,107,2297,364,1933,109,1824,896,928
60,108,237,34,203,19,184,75,109
60,109,184,26,158,10,148,60,88
60,110,179,39,140,9,131,62,69
60,111,96,13,83,13,70,31,39
60,112,250,29,221,15,206,119,87
60,113,120,21,99,7,92,32,60
60,114,124,14,110,5,105,43,62
60,115,634,102,532,51,481,219,262
60,116,2025,380,1645,142,1503,740,763
60,117,220,26,194,15,179,79,100
60,118,350,54,296,24,272,137,135
60,119,1497,364,1133,101,1032,578,454
60,120,803,92,711,51,660,253,407
60,121,115,26,89,9,80,31,49
60,122,368,52,316,21,295,101,194
60,123,295,50,245,5,240,102,138
60,124,222,45,177,14,163,63,100
60,125,591,70,521,49,472,272,200
60,126,421,95,326,32,294,141,153
60,127,266,54,212,20,192,72,120
60,128,149,31,118,12,106,41,65
60,129,1124,258,866,60,806,431,375
60,130,818,154,664,37,627,269,358
60,131,97,4,93,11,82,25,57
60,132,146,14,132,7,125,51,74
60,133,438,69,369,28,341,159,182
60,134,1725,300,1425,120,1305,608,697
60,135,1059,156,903,64,839,339,500
60,136,344,52,292,21,271,117,154
60,137,173,24,149,19,130,53,77
60,138,670,104,566,22,544,171,373
60,139,6327,1236,5091,340,4751,2656,2095
60,140,279,46,233,13,220,96,124
60,141,7857,1950,5907,276,5631,2134,3497
60,142,1825,235,1590,94,1496,595,901
60,143,2039,418,1621,111,1510,715,795
60,144,132,18,114,6,108,70,38
60,145,363,57,306,15,291,121,170
60,146,276,36,240,10,230,93,137
60,147,625,85,540,44,496,238,258
60,148,331,63,268,19,249,88,161
60,149,1310,206,1104,69,1035,444,591
60,150,878,209,669,48,621,303,318
60,151,2553,360,2193,138,2055,923,1132
60,152,170,16,154,10,144,57,87
60,153,89,6,83,6,77,25,52
60,154,1218,174,1044,70,974,397,577
60,155,2275,426,1849,124,1725,820,905
60,156,1489,221,1268,71,1197,564,633
60,157,6538,1543,4995,348,4647,2554,2093
60,158,196,20,176,17,159,77,82
60,159,24776,6070,18706,937,17769,8521,9248
60,160,452,87,365,22,343,145,198
60,161,74,20,54,6,48,17,31
60,162,245,42,203,14,189,58,131
60,163,260,41,219,16,203,84,119
60,164,600,129,471,30,441,179,262
60,165,410,83,327,22,305,123,182
60,166,737,106,631,42,589,338,251
60,167,354,85,269,28,241,110,131
60,168,131,14,117,5,112,40,72
60,169,634,100,534,31,503,206,297
60,170,501,62,439,28,411,115,296
60,171,153,24,129,7,122,55,67
60,172,2826,489,2337,107,2230,910,1320
60,173,402,72,330,33,297,128,169
60,174,124,25,99,8,91,46,45
60,175,15003,3613,11390,494,10896,7634,3262
60,176,10325,2152,8173,599,7574,4059,3515
60,177,291,52,239,17,222,102,120
60,178,2384,467,1917,196,1721,830,891
60,179,82,17,65,4,61,37,24
60,180,349,42,307,25,282,121,161
60,181,724,161,563,40,523,276,247
60,182,126,27,99,7,92,41,51
60,183,199,29,170,12,158,67,91
60,184,175,23,152,11,141,68,73
60,185,734,155,579,39,540,230,310
60,186,179,33,146,3,143,66,77
60,187,735,145,590,70,520,221,299
60,188,1605,387,1218,86,1132,618,514
60,189,677,115,562,37,525,217,308
60,190,229,39,190,8,182,79,103
60,191,468,107,361,31,330,135,195
60,192,178,37,141,15,126,58,68
60,193,164,30,134,10,124,48,76
60,194,212,25,187,10,177,86,91
60,195,451,93,358,19,339,127,212
60,196,349,51,298,18,280,106,174
60,197,636,113,523,32,491,200,291
60,198,284,39,245,17,228,108,120
60,199,188,36,152,13,139,58,81
60,200,126,31,95,9,86,36,50
60,201,179,44,135,17,118,54,64
60,203,297,37,260,12,248,92,156
60,204,218,40,178,6,172,55,117
60,205,46,5,41,4,37,22,15
60,206,682,94,588,39,549,277,272
60,207,216,26,190,16,174,89,85
60,208,114,10,104,5,99,31,68
60,209,147,12,135,4,131,44,87
60,210,200,31,169,15,154,64,90
60,211,423,80,343,37,306,155,151
60,212,973,159,814,56,758,287,471
60,213,608,97,511,23,488,160,328
60,214,149,21,128,12,116,52,64
60,215,408,56,352,20,332,181,151
60,216,129,17,112,9,103,45,58
60,217,197,33,164,5,159,56,103
60,218,825,93,732,54,678,266,412
60,219,121,16,105,11,94,21,73
60,220,371,63,308,25,283,91,192
60,221,547,130,417,22,395,246,149
60,222,411,76,335,12,323,129,194
60,223,2742,566,2176,155,2021,962,1059
60,224,97,23,74,7,67,38,29
60,225,583,77,506,34,472,251,221
60,226,270,39,231,17,214,86,128
60,227,140,27,113,17,96,38,58
60,228,294,30,264,16,248,115,133
60,229,175,32,143,14,129,50,79
60,230,373,52,321,31,290,116,174
60,231,320,32,288,25,263,149,114
60,232,364,67,297,27,270,132,138
60,233,1105,245,860,71,789,440,349
60,234,1737,347,1390,98,1292,701,591
60,235,612,140,472,31,441,201,240
60,236,157,34,123,8,115,48,67
60,237,83,10,73,2,71,29,42
60,238,1392,178,1214,70,1144,410,734
60,239,351,64,287,20,267,102,165
60,240,225,55,170,19,151,40,111
60,241,280,41,239,4,235,69,166
60,242,322,61,261,37,224,96,128
60,243,129,19,110,9,101,41,60
60,244,132,27,105,10,95,30,65
60,245,1508,313,1195,79,1116,505,611
60,246,628,165,463,33,430,169,261
60,247,79,11,68,2,66,17,49
60,248,141,23,118,10,108,50,58
60,249,157,13,144,8,136,61,75
60,250,371,27,344,13,331,165,166
60,251,228,40,188,9,179,81,98
60,252,422,62,360,24,336,171,165
60,253,346,47,299,30,269,100,169
60,254,357,54,303,14,289,118,171
60,255,244,59,185,9,176,79,97
60,256,552,76,476,25,451,187,264
60,257,329,64,265,16,249,94,155
60,258,111,7,104,11,93,34,59
60,259,665,102,563,40,523,229,294
60,260,486,115,371,30,341,141,200
60,261,347,37,310,20,290,107,183
60,262,171,22,149,16,133,54,79
60,263,200,49,151,5,146,62,84
60,264,354,51,303,24,279,133,146
60,265,690,85,605,68,537,237,300
60,267,112,16,96,12,84,37,47
60,268,274,60,214,16,198,78,120
60,269,268,66,202,15,187,89,98
60,270,220,30,190,19,171,64,107
60,271,107,15,92,8,84,25,59
60,272,405,61,344,24,320,153,167
60,273,428,37,391,30,361,195,166
60,274,335,51,284,29,255,112,143
60,275,158,26,132,8,124,59,65
60,276,138,8,130,18,112,49,63
60,277,1027,148,879,64,815,362,453
60,278,314,59,255,29,226,118,108
60,279,174,18,156,9,147,77,70
60,280,106,7,99,2,97,50,47
60,281,433,64,369,19,350,173,177
60,282,6648,1195,5453,234,5219,1815,3404
60,283,30,5,25,0,25,14,11
60,284,1237,220,1017,82,935,439,496
60,285,243,30,213,17,196,84,112
60,286,2162,520,1642,136,1506,701,805
60,287,223,31,192,15,177,92,85
60,288,313,34,279,19,260,87,173
60,289,192,21,171,14,157,55,102
60,290,321,51,270,23,247,87,160
60,291,1300,347,953,57,896,399,497
60,292,161,31,130,8,122,67,55
60,293,268,35,233,21,212,84,128
60,294,45,5,40,2,38,21,17
60,295,343,56,287,14,273,131,142
60,296,110,11,99,7,92,36,56
60,297,132,19,113,10,103,39,64
60,298,467,82,385,39,346,140,206
60,299,401,71,330,24,306,183,123
60,300,95,9,86,6,80,41,39
60,301,108,19,89,10,79,42,37
60,302,663,118,545,40,505,208,297
60,303,108,20,88,6,82,35,47
60,304,222,28,194,6,188,80,108
60,305,225,18,207,12,195,110,85
60,306,123,20,103,5,98,47,51
60,307,429,62,367,19,348,174,174
60,308,308,51,257,20,237,83,154
60,309,594,116,478,33,445,186,259
60,310,469,72,397,28,369,177,192
60,311,144,25,119,8,111,57,54
60,312,81,16,65,11,54,20,34
60,313,1614,340,1274,104,1170,570,600
60,314,172,25,147,13,134,58,76
60,315,371,49,322,29,293,136,157
60,316,159,18,141,6,135,38,97
60,317,459,60,399,27,372,163,209
60,318,487,76,411,34,377,184,193
60,319,422,98,324,21,303,118,185
60,320,174,29,145,18,127,49,78
60,321,458,58,400,31,369,160,209
60,322,226,37,189,5,184,66,118
60,323,503,108,395,44,351,167,184
60,324,599,135,464,39,425,222,203
60,325,1407,207,1200,80,1120,484,636
60,326,493,49,444,31,413,149,264
60,327,681,111,570,43,527,248,279
60,328,236,39,197,20,177,70,107
60,329,156,23,133,13,120,38,82
60,330,905,171,734,46,688,278,410
60,331,377,77,300,13,287,134,153
60,332,352,48,304,16,288,135,153
60,333,1136,178,958,75,883,361,522
60,334,699,121,578,43,535,204,331
60,335,128,9,119,11,108,48,60
60,336,156,14,142,6,136,35,101
60,337,530,86,444,35,409,179,230
60,338,3250,549,2701,180,2521,1207,1314
60,339,267,48,219,23,196,85,111
60,340,354,61,293,29,264,118,146
60,341,1418,237,1181,72,1109,491,618
60,342,2852,581,2271,149,2122,1099,1023
60,343,513,81,432,35,397,182,215
60,344,388,77,311,18,293,112,181
60,345,154,27,127,14,113,54,59
60,346,6830,1227,5603,251,5352,1406,3946
60,347,183,25,158,13,145,51,94
60,348,318,55,263,21,242,101,141
60,350,1027,213,814,59,755,388,367
60,351,93,15,78,5,73,41,32
60,352,113,14,99,8,91,23,68
60,353,150,28,122,7,115,49,66
60,354,38,0,38,4,34,2,32
60,355,814,114,700,59,641,273,368
60,356,340,45,295,21,274,112,162
60,357,349,45,304,23,281,139,142
60,358,606,91,515,27,488,234,254
60,359,132,10,122,7,115,51,64
60,360,3778,770,3008,221,2787,1538,1249
60,361,460,57,403,28,375,184,191
60,362,177,49,128,7,121,56,65
60,363,179,35,144,6,138,47,91
60,364,479,66,413,34,379,199,180
60,365,312,31,281,33,248,113,135
60,366,288,49,239,32,207,84,123
60,367,208,33,175,17,158,58,100
60,368,1757,354,1403,90,1313,678,635
60,369,1272,233,1039,80,959,415,544
60,370,897,137,760,51,709,307,402
60,371,128,14,114,6,108,39,69
60,372,432,52,380,44,336,118,218
60,373,582,104,478,44,434,226,208
60,374,1780,240,1540,133,1407,861,546
60,375,261,29,232,11,221,99,122
60,376,114,20,94,10,84,43,41
60,377,258,42,216,24,192,85,107
60,378,320,51,269,27,242,130,112
60,379,478,78,400,46,354,193,161
60,380,972,194,778,73,705,297,408
60,381,192,50,142,9,133,65,68
60,382,5141,1215,3926,251,3675,1877,1798
60,383,380,65,315,21,294,121,173
60,385,473,110,363,34,329,144,185
60,386,329,42,287,26,261,115,146
60,387,862,180,682,55,627,342,285
60,388,109,15,94,8,86,33,53
60,389,133,31,102,6,96,54,42
60,390,184,27,157,12,145,40,105
60,391,186,27,159,7,152,57,95
60,392,542,78,464,45,419,223,196
60,393,351,55,296,26,270,151,119
60,394,72,13,59,5,54,19,35
60,395,7212,1482,5730,289,5441,3156,2285
60,396,450,63,387,41,346,159,187
60,397,89,3,86,5,81,30,51
60,398,1607,260,1347,101,1246,545,701
60,399,121,21,100,8,92,54,38
60,400,191,44,147,9,138,60,78
60,401,560,101,459,35,424,219,205
60,402,1461,198,1263,80,1183,521,662
60,403,1227,179,1048,61,987,437,550
60,404,993,133,860,57,803,410,393
60,405,726,119,607,47,560,253,307
60,406,602,89,513,40,473,218,255
60,407,171,27,144,11,133,50,83
60,408,535,110,425,20,405,203,202
60,409,1434,272,1162,81,1081,549,532
60,410,191,37,154,8,146,62,84
60,411,585,112,473,31,442,165,277
60,412,452,71,381,18,363,138,225
60,413,337,42,295,27,268,118,150
60,414,6869,1531,5338,332,5006,3405,1601
60,415,133,13,120,1,119,36,83
60,416,131,23,108,5,103,54,49
60,417,105,15,90,5,85,21,64
60,418,297,48,249,9,240,113,127
60,420,369,62,307,17,290,111,179
60,421,324,59,265,17,248,96,152
60,422,166,10,156,8,148,49,99
60,423,866,150,716,42,674,355,319
60,424,177,33,144,4,140,67,73
60,425,381,56,325,25,300,133,167
60,426,179,24,155,7,148,53,95
60,427,161,30,131,3,128,33,95
60,428,459,36,423,22,401,125,276
60,429,243,17,226,14,212,62,150
60,430,825,166,659,36,623,304,319
60,431,401,60,341,27,314,179,135
60,432,597,95,502,19,483,154,329
60,433,609,131,478,23,455,200,255
60,434,171,23,148,11,137,47,90
60,435,352,52,300,31,269,106,163
60,436,92,17,75,5,70,32,38
60,437,69,10,59,0,59,20,39
60,438,153,30,123,22,101,55,46
60,439,3565,953,2612,217,2395,1279,1116
60,440,466,78,388,26,362,137,225
60,441,429,60,369,29,340,131,209
60,442,97,11,86,8,78,31,47
60,443,418,87,331,18,313,155,158
60,444,118,12,106,8,98,28,70
60,445,187,27,160,11,149,65,84
60,446,2328,454,1874,128,1746,894,852
60,447,523,90,433,26,407,147,260
60,448,271,61,210,15,195,82,113
60,449,190,25,165,17,148,73,75
60,450,2134,420,1714,120,1594,649,945
60,451,1191,167,1024,86,938,469,469
60,452,399,76,323,23,300,103,197
60,453,227,32,195,6,189,57,132
60,454,807,131,676,49,627,304,323
60,455,213,44,169,12,157,53,104
60,456,679,82,597,41,556,274,282
60,457,131,20,111,7,104,48,56
60,458,244,42,202,13,189,78,111
60,459,166,37,129,6,123,82,41
60,460,128,8,120,8,112,45,67
60,461,161,23,138,13,125,42,83
60,462,2043,510,1533,103,1430,650,780
60,463,10870,2648,8222,470,7752,4617,3135
60,464,814,113,701,44,657,313,344
60,465,130,24,106,5,101,36,65
60,466,158,22,136,12,124,50,74
60,468,252,33,219,23,196,64,132
60,469,286,50,236,11,225,69,156
60,470,564,69,495,50,445,192,253
60,471,7521,2033,5488,368,5120,2663,2457
60,472,82,13,69,7,62,18,44
60,473,207,35,172,11,161,95,66
60,474,205,27,178,14,164,75,89
60,475,136,25,111,8,103,36,67
60,476,127,16,111,7,104,15,89
60,477,994,183,811,75,736,346,390
60,478,201,33,168,12,156,53,103
60,479,490,95,395,29,366,191,175
60,480,444,49,395,31,364,150,214
60,481,373,40,333,23,310,167,143
60,482,2703,381,2322,130,2192,926,1266
60,483,366,49,317,17,300,111,189
60,484,197,18,179,24,155,55,100
60,485,156,19,137,12,125,52,73
60,486,483,121,362,23,339,169,170
60,487,286,46,240,14,226,90,136
60,488,217,28,189,14,175,89,86
60,489,705,105,600,51,549,262,287
60,490,315,34,281,22,259,96,163
60,491,1397,232,1165,61,1104,496,608
60,492,563,105,458,41,417,230,187
60,493,296,43,253,19,234,87,147
60,494,1216,175,1041,51,990,385,605
60,495,268,22,246,21,225,120,105
60,496,136,24,112,12,100,57,43
60,497,142,17,125,7,118,57,61
60,498,412,73,339,39,300,178,122
60,499,195,46,149,13,136,71,65
60,500,2381,618,1763,102,1661,854,807
60,501,1104,174,930,70,860,468,392
60,502,87,10,77,6,71,30,41
60,503,100,12,88,7,81,41,40
60,504,779,136,643,41,602,239,363
60,505,530,76,454,33,421,159,262
60,506,478,99,379,35,344,191,153
60,507,317,43,274,27,247,92,155
60,508,2288,351,1937,122,1815,795,1020
60,509,7770,1926,5844,393,5451,2934,2517
60,510,252,25,227,19,208,77,131
60,511,275,55,220,12,208,100,108
60,512,126,20,106,9,97,32,65
60,513,2546,497,2049,124,1925,772,1153
60,514,137,16,121,10,111,46,65
60,515,287,46,241,22,219,95,124
60,516,331,68,263,19,244,121,123
60,517,652,157,495,36,459,207,252
60,518,169,29,140,11,129,68,61
60,519,145,22,123,12,111,38,73
60,520,150,15,135,9,126,32,94
60,521,308,48,260,15,245,92,153
60,522,185,31,154,16,138,60,78
60,523,720,79,641,52,589,271,318
60,524,1603,335,1268,90,1178,606,572
60,525,102,17,85,7,78,22,56
60,526,882,141,741,55,686,414,272
60,527,115,15,100,9,91,44,47
60,528,140,23,117,7,110,37,73
60,529,71,14,57,6,51,16,35
60,530,178,25,153,16,137,58,79
60,531,1358,230,1128,81,1047,461,586
60,532,90,12,78,4,74,16,58
60,533,1110,198,912,78,834,449,385
60,534,557,75,482,28,454,193,261
60,535,210,39,171,19,152,59,93
60,536,110,15,95,5,90,34,56
60,537,2605,499,2106,187,1919,1136,783
60,538,158,16,142,10,132,62,70
60,539,1122,172,950,68,882,430,452
60,540,378,83,295,17,278,114,164
60,541,279,49,230,11,219,88,131
60,542,627,85,542,34,508,229,279
60,543,90,7,83,2,81,31,50
60,544,144,30,114,4,110,49,61
60,545,363,51,312,23,289,134,155
60,546,88,14,74,10,64,14,50
60,547,467,72,395,27,368,128,240
60,548,324,53,271,20,251,117,134
60,549,151,17,134,13,121,48,73
60,550,157,20,137,5,132,69,63
60,551,239,52,187,16,171,49,122
60,552,219,33,186,8,178,65,113
60,553,209,28,181,12,169,84,85
60,554,290,43,247,24,223,92,131
60,555,40,3,37,4,33,13,20
60,556,177,31,146,20,126,59,67
60,557,252,34,218,24,194,81,113
60,558,316,51,265,14,251,124,127
60,559,570,109,461,43,418,181,237
60,560,602,90,512,17,495,175,320
60,561,166,41,125,17,108,40,68
60,562,1107,161,946,65,881,335,546
60,563,413,68,345,25,320,140,180
60,564,189,36,153,19,134,53,81
60,565,438,61,377,40,337,162,175
60,566,168,31,137,9,128,61,67
60,567,692,137,555,41,514,236,278
60,568,236,27,209,10,199,97,102
60,569,225,48,177,7,170,41,129
60,570,836,129,707,49,658,303,355
60,571,66,9,57,2,55,24,31
60,572,269,36,233,15,218,90,128
60,573,254,38,216,15,201,77,124
60,574,401,60,341,35,306,179,127
60,575,1943,390,1553,102,1451,606,845
60,576,347,49,298,20,278,113,165
60,577,1384,328,1056,85,971,365,606
60,578,614,123,491,38,453,249,204
60,579,300,21,279,11,268,70,198
60,581,4002,939,3063,204,2859,1658,1201
60,582,657,127,530,42,488,275,213
60,583,315,59,256,19,237,86,151
60,584,3377,716,2661,165,2496,1249,1247
60,585,220,35,185,17,168,72,96
60,586,771,113,658,31,627,298,329
60,587,1077,189,888,73,815,342,473
60,588,308,66,242,24,218,88,130
60,589,1841,408,1433,107,1326,696,630
60,590,713,114,599,49,550,235,315
60,591,1246,202,1044,69,975,370,605
60,592,471,81,390,28,362,135,227
60,593,105,20,85,3,82,30,52
60,594,251,32,219,13,206,85,121
60,595,301,47,254,36,218,114,104
60,596,209,49,160,11,149,59,90
60,597,1257,224,1033,77,956,475,481
60,598,735,108,627,32,595,237,358
60,599,215,38,177,11,166,58,108
60,600,473,72,401,29,372,155,217
60,601,667,158,509,45,464,195,269
60,602,50,4,46,4,42,8,34
60,603,678,94,584,38,546,208,338
60,604,216,33,183,14,169,73,96
60,605,256,34,222,20,202,83,119
60,608,87,12,75,3,72,21,51
60,609,550,61,489,25,464,210,254
60,610,565,67,498,35,463,212,251
60,611,507,91,416,28,388,149,239
60,612,10886,2284,8602,432,8170,2919,5251
60,613,235,40,195,18,177,85,92
60,614,177,33,144,9,135,56,79
60,615,89,13,76,1,75,39,36
60,616,2005,414,1591,90,1501,804,697
60,617,206,28,178,19,159,62,97
60,618,229,34,195,12,183,92,91
60,619,745,112,633,44,589,258,331
60,620,347,44,303,15,288,103,185
60,621,74,10,64,3,61,23,38
60,622,325,46,279,27,252,116,136
60,623,799,144,655,44,611,243,368
60,624,146,23,123,7,116,63,53
60,625,442,99,343,23,320,132,188
60,626,482,70,412,40,372,155,217
60,627,200,29,171,17,154,75,79
60,628,673,94,579,54,525,230,295
60,629,157,28,129,7,122,60,62
60,630,133,14,119,12,107,34,73
60,631,814,127,687,39,648,217,431
60,632,543,125,418,31,387,200,187
60,633,264,59,205,18,187,71,116
60,634,302,44,258,16,242,86,156
60,635,641,139,502,32,470,274,196
60,636,3550,750,2800,222,2578,1537,1041
60,637,355,62,293,24,269,137,132
60,638,532,97,435,28,407,178,229
60,639,853,168,685,56,629,252,377
60,640,126,14,112,7,105,43,62
60,641,1262,250,1012,72,940,468,472
60,642,768,104,664,34,630,317,313
60,643,1055,199,856,68,788,432,356
60,644,1035,162,873,60,813,308,505
60,645,270,50,220,14,206,95,111
60,646,937,173,764,54,710,282,428
60,647,1454,222,1232,85,1147,540,607
60,648,269,29,240,14,226,103,123
60,649,159,11,148,5,143,47,96
60,650,365,36,329,29,300,131,169
60,651,1346,257,1089,70,1019,382,637
60,652,710,157,553,45,508,215,293
60,653,217,43,174,11,163,72,91
60,654,218,38,180,6,174,94,80
60,655,299,37,262,12,250,117,133
60,656,206,50,156,11,145,58,87
60,657,233,64,169,25,144,64,80
60,658,485,99,386,30,356,188,168
60,659,144,10,134,7,127,49,78
60,660,261,45,216,12,204,83,121
60,661,541,114,427,43,384,205,179
60,662,389,78,311,19,292,98,194
60,663,185,14,171,17,154,68,86
60,664,393,68,325,23,302,130,172
60,665,1809,348,1461,106,1355,641,714
60,666,776,135,641,47,594,249,345
60,667,2704,667,2037,143,1894,861,1033
60,668,616,68,548,38,510,208,302
60,669,432,68,364,21,343,173,170
60,670,3222,489,2733,160,2573,1058,1515
60,671,272,27,245,10,235,90,145
60,672,251,44,207,16,191,97,94
60,673,140,22,118,5,113,40,73
60,674,510,74,436,25,411,168,243
60,675,326,29,297,30,267,126,141
60,676,549,90,459,55,404,194,210
60,677,175,28,147,17,130,58,72
60,678,932,176,756,44,712,303,409
60,679,130,27,103,12,91,43,48
60,680,479,84,395,23,372,133,239
60,681,407,62,345,16,329,124,205
60,682,445,46,399,16,383,104,279
60,683,251,38,213,18,195,89,106
60,684,3742,768,2974,163,2811,1739,1072
60,685,647,132,515,33,482,218,264
60,686,1680,263,1417,86,1331,563,768
60,687,274,61,213,14,199,75,124
60,688,137,30,107,8,99,38,61
60,689,1061,138,923,57,866,255,611
60,690,282,52,230,17,213,100,113
60,691,107,23,84,9,75,19,56
60,692,128,19,109,11,98,49,49
60,693,274,65,209,16,193,100,93
60,694,228,36,192,11,181,83,98
60,695,1164,215,949,37,912,326,586
60,697,38,1,37,1,36,6,30
60,698,233,39,194,25,169,72,97
60,699,134,9,125,11,114,57,57
60,700,903,136,767,55,712,258,454
60,701,834,130,704,57,647,356,291
60,702,174,26,148,13,135,49,86
60,703,606,95,511,40,471,219,252
61,1,15965,3696,12269,683,11586,6549,5037
61,2,520,82,438,37,401,184,217
61,3,151,20,131,7,124,60,64
61,4,102,13,89,3,86,35,51
61,5,201,22,179,13,166,72,94
61,6,9343,2086,7257,437,6820,4110,2710
61,7,2055,322,1733,122,1611,796,815
61,8,892,169,723,55,668,387,281
61,9,229,34,195,15,180,79,101
61,10,87,11,76,4,72,37,35
61,11,320,24,296,20,276,136,140
61,12,132,23,109,9,100,35,65
61,13,124,16,108,14,94,42,52
61,14,227,30,197,15,182,106,76
61,15,214,50,164,8,156,57,99
61,16,129,13,116,6,110,33,77
61,17,49,5,44,3,41,25,16
61,18,64,10,54,8,46,15,31
61,19,50,6,44,1,43,24,19
61,20,194,22,172,8,164,88,76
61,21,117,18,99,9,90,42,48
61,23,539,66,473,36,437,199,238
61,24,458,57,401,27,374,190,184
61,25,302,56,246,19,227,78,149
61,26,169,21,148,7,141,52,89
61,27,135,24,111,7,104,62,42
61,28,327,47,280,15,265,128,137
61,29,660,89,571,30,541,185,356
61,30,202,29,173,20,153,78,75
61,31,164,24,140,13,127,42,85
61,32,280,28,252,16,236,123,113
61,33,127,17,110,10,100,26,74
61,34,169,16,153,11,142,35,107
61,35,202,31,171,12,159,72,87
61,36,140,27,113,7,106,41,65
61,37,121,7,114,8,106,33,73
61,38,1084,225,859,49,810,326,484
61,39,99,8,91,7,84,42,42
61,40,814,127,687,68,619,275,344
61,41,170,32,138,9,129,71,58
61,42,363,44,319,33,286,131,155
61,43,872,151,721,50,671,293,378
61,44,373,74,299,20,279,157,122
61,45,74,12,62,0,62,23,39
61,46,112,21,91,4,87,37,50
61,47,142,35,107,5,102,26,76
61,48,102,13,89,12,77,36,41
61,49,100,19,81,6,75,34,41
61,50,298,41,257,22,235,125,110
61,51,246,37,209,13,196,81,115
61,52,130,14,116,12,104,36,68
61,53,204,32,172,18,154,77,77
61,54,182,36,146,7,139,43,96
61,55,452,59,393,22,371,132,239
61,56,126,14,112,11,101,54,47
61,57,317,31,286,22,264,136,128
61,58,120,13,107,4,103,62,41
61,59,34,4,30,1,29,16,13
61,60,117,19,98,10,88,43,45
61,61,1030,171,859,44,815,320,495
61,62,69,11,58,6,52,24,28
61,63,1247,219,1028,62,966,436,530
61,64,83,12,71,4,67,33,34
61,65,107,9,98,8,90,38,52
61,66,89,15,74,6,68,21,47
61,67,148,24,124,4,120,33,87
61,68,159,34,125,12,113,53,60
61,69,135,21,114,9,105,63,42
61,70,698,126,572,44,528,295,233
61,71,164,17,147,13,134,47,87
61,72,146,20,126,10,116,41,75
61,73,402,76,326,17,309,144,165
61,74,513,97,416,33,383,146,237
61,75,992,132,860,52,808,291,517
61,76,102,8,94,11,83,29,54
61,77,549,70,479,35,444,246,198
61,78,562,88,474,28,446,231,215
61,79,1334,269,1065,78,987,372,615
61,80,83,11,72,3,69,33,36
61,81,401,58,343,20,323,149,174
61,82,66,8,58,1,57,16,41
61,83,327,50,277,15,262,111,151
61,84,104,6,98,5,93,38,55
61,85,26,0,26,0,26,5,21
61,86,100,19,81,5,76,19,57
61,87,148,21,127,8,119,49,70
61,88,45,12,33,2,31,8,23
61,89,83,12,71,6,65,25,40
61,90,90,15,75,5,70,27,43
61,91,764,132,632,36,596,272,324
61,92,535,73,462,36,426,194,232
61,93,935,129,806,81,725,371,354
61,94,424,48,376,24,352,195,157
61,95,399,46,353,25,328,179,149
61,96,1127,201,926,58,868,382,486
61,97,490,66,424,25,399,150,249
61,98,304,29,275,23,252,121,131
61,99,250,56,194,13,181,95,86
61,100,219,33,186,14,172,53,119
61,101,163,32,131,16,115,52,63
61,102,287,42,245,15,230,129,101
61,103,147,30,117,14,103,35,68
61,104,50,6,44,3,41,16,25
61,105,174,34,140,13,127,51,76
61,106,133,18,115,5,110,48,62
61,107,330,58,272,14,258,107,151
61,108,172,37,135,10,125,69,56
61,109,94,9,85,6,79,39,40
61,110,123,26,97,9,88,38,50
61,111,292,29,263,19,244,112,132
61,112,207,41,166,7,159,67,92
61,113,60,8,52,4,48,14,34
61,114,114,13,101,2,99,39,60
61,115,323,53,270,10,260,116,144
61,116,855,123,732,57,675,350,325
61,117,1708,263,1445,113,1332,772,560
61,118,122,8,114,8,106,48,58
61,120,84,15,69,2,67,20,47
61,121,238,36,202,11,191,73,118
61,122,74,9,65,2,63,21,42
61,123,164,12,152,8,144,60,84
61,124,395,33,362,40,322,155,167
61,125,323,44,279,23,256,115,141
61,126,347,49,298,19,279,83,196
61,127,51,7,44,2,42,22,20
61,128,143,23,120,4,116,40,76
61,129,286,48,238,18,220,67,153
61,130,376,38,338,21,317,119,198
61,131,100,23,77,5,72,19,53
61,133,534,87,447,33,414,164,250
61,135,704,102,602,52,550,220,330
61,136,147,18,129,3,126,36,90
61,137,132,22,110,12,98,43,55
61,138,173,27,146,9,137,55,82
61,139,213,31,182,11,171,49,122
61,140,733,103,630,51,579,232,347
61,141,314,31,283,16,267,112,155
61,142,139,22,117,4,113,48,65
61,143,2135,295,1840,117,1723,932,791
61,144,298,49,249,15,234,87,147
61,145,2955,631,2324,158,2166,1010,1156
61,146,297,45,252,15,237,109,128
61,147,311,60,251,21,230,102,128
61,148,194,20,174,6,168,91,77
61,149,285,33,252,16,236,143,93
61,150,593,111,482,38,444,182,262
61,151,272,35,237,15,222,85,137
61,152,107,15,92,4,88,14,74
61,153,927,147,780,63,717,345,372
61,154,109,14,95,1,94,37,57
61,155,133,25,108,3,105,40,65
61,156,406,54,352,35,317,122,195
61,157,191,22,169,20,149,56,93
61,158,115,24,91,3,88,24,64
61,159,63,8,55,7,48,16,32
61,160,179,20,159,13,146,63,83
61,161,215,26,189,13,176,64,112
61,162,158,21,137,8,129,33,96
61,163,1131,199,932,67,865,474,391
61,164,161,29,132,13,119,31,88
61,165,546,72,474,33,441,219,222
61,166,162,21,141,9,132,58,74
61,167,479,95,384,25,359,155,204
61,168,3811,681,3130,197,2933,1519,1414
61,169,9850,2220,7630,385,7245,4223,3022
61,170,195,21,174,16,158,64,94
61,171,93,15,78,6,72,29,43
61,172,211,19,192,15,177,97,80
61,173,239,28,211,14,197,99,98
61,174,149,13,136,11,125,59,66
61,175,197,26,171,11,160,57,103
61,176,141,12,129,10,119,54,65
61,177,609,84,525,47,478,253,225
61,178,55,11,44,0,44,20,24
61,179,165,18,147,9,138,64,74
61,180,80,9,71,4,67,19,48
61,181,1370,319,1051,71,980,439,541
61,182,312,41,271,26,245,100,145
61,183,97,13,84,5,79,43,36
61,184,408,66,342,20,322,142,180
61,185,115,24,91,4,87,39,48
61,186,224,31,193,17,176,60,116
61,187,159,34,125,3,122,49,73
61,188,95,12,83,4,79,18,61
61,189,310,49,261,32,229,111,118
61,190,66,10,56,1,55,22,33
61,191,395,109,286,22,264,104,160
61,192,83,6,77,5,72,37,35
61,193,244,30,214,12,202,82,120
61,194,294,21,273,20,253,120,133
61,195,171,21,150,10,140,44,96
61,196,613,104,509,34,475,192,283
61,197,113,10,103,7,96,27,69
61,198,103,21,82,5,77,31,46
61,199,262,39,223,22,201,96,105
61,200,184,18,166,14,152,64,88
61,201,476,57,419,44,375,139,236
61,202,361,49,312,20,292,140,152
61,203,778,128,650,48,602,295,307
61,204,228,33,195,12,183,82,101
61,205,174,31,143,6,137,50,87
61,206,193,18,175,13,162,70,92
61,207,584,120,464,17,447,195,252
61,208,454,83,371,23,348,149,199
61,209,341,48,293,23,270,82,188
61,210,202,34,168,12,156,62,94
61,211,791,175,616,64,552,244,308
61,212,74,7,67,5,62,33,29
61,213,209,26,183,11,172,59,113
61,214,5028,1085,3943,245,3698,1819,1879
61,215,303,61,242,26,216,77,139
61,216,140,23,117,5,112,66,46
61,217,51,9,42,3,39,11,28
61,218,1412,218,1194,79,1115,616,499
61,219,122,20,102,7,95,54,41
61,220,166,32,134,9,125,44,81
61,221,357,43,314,18,296,168,128
61,222,622,82,540,40,500,287,213
61,223,228,38,190,12,178,89,89
61,224,344,35,309,32,277,136,141
61,225,39,5,34,2,32,5,27
61,226,140,21,119,5,114,49,65
61,227,125,25,100,2,98,42,56
61,228,124,11,113,6,107,57,50
61,229,120,16,104,6,98,50,48
61,230,1069,195,874,57,817,284,533
61,231,93,8,85,11,74,35,39
61,232,943,162,781,65,716,262,454
61,233,199,32,167,17,150,58,92
61,234,770,69,701,50,651,353,298
61,235,104,10,94,2,92,51,41
61,236,93,12,81,5,76,29,47
61,237,255,37,218,20,198,95,103
61,238,70,9,61,9,52,18,34
61,239,75,10,65,3,62,19,43
61,240,331,61,270,22,248,135,113
61,241,308,61,247,10,237,103,134
61,242,214,30,184,11,173,68,105
61,243,1187,177,1010,62,948,361,587
61,244,232,43,189,10,179,60,119
61,245,64,4,60,5,55,26,29
61,246,481,74,407,21,386,187,199
61,247,91,10,81,12,69,34,35
61,248,454,79,375,23,352,102,250
61,249,150,18,132,13,119,51,68
61,250,180,24,156,17,139,70,69
61,251,117,10,107,5,102,44,58
61,252,98,15,83,4,79,35,44
61,253,127,12,115,9,106,46,60
61,255,496,66,430,20,410,188,222
61,256,108,13,95,11,84,48,36
61,257,74,11,63,4,59,18,41
61,258,523,99,424,27,397,155,242
61,259,60,7,53,9,44,18,26
61,260,378,47,331,14,317,134,183
61,261,137,24,113,10,103,64,39
61,262,104,9,95,8,87,32,55
61,263,172,25,147,7,140,44,96
61,264,54,4,50,2,48,13,35
61,265,145,15,130,13,117,47,70
61,266,84,6,78,2,76,19,57
61,267,144,31,113,13,100,35,65
61,268,100,10,90,12,78,32,46
61,269,347,42,305,25,280,159,121
61,270,81,7,74,4,70,31,39
61,271,68,6,62,5,57,19,38
61,272,32,11,21,0,21,2,19
61,273,47,6,41,0,41,16,25
61,274,154,20,134,7,127,49,78
61,275,708,116,592,38,554,208,346
61,276,130,17,113,9,104,55,49
61,277,242,30,212,12,200,57,143
61,278,1595,192,1403,108,1295,710,585
61,279,469,66,403,26,377,187,190
61,280,79,10,69,3,66,21,45
61,281,178,20,158,3,155,72,83
61,282,175,34,141,9,132,42,90
61,283,259,34,225,7,218,99,119
61,284,175,21,154,16,138,45,93
61,285,297,37,260,15,245,129,116
61,286,92,21,71,5,66,30,36
61,287,620,111,509,40,469,320,149
61,288,349,29,320,20,300,162,138
61,289,49,6,43,3,40,20,20
61,290,101,10,91,8,83,31,52
61,291,77,8,69,3,66,21,45
61,292,374,45,329,26,303,164,139
61,293,2676,577,2099,115,1984,884,1100
61,294,800,155,645,48,597,217,380
61,295,132,28,104,6,98,23,75
61,296,252,37,215,10,205,72,133
61,297,549,114,435,37,398,154,244
61,298,294,39,255,14,241,133,108
61,299,197,21,176,8,168,34,134
61,300,391,51,340,13,327,133,194
61,301,155,28,127,3,124,46,78
61,302,116,9,107,8,99,33,66
61,303,387,59,328,20,308,186,122
61,304,201,23,178,16,162,62,100
61,305,469,63,406,21,385,128,257
61,306,109,19,90,6,84,35,49
61,307,196,20,176,15,161,62,99
61,308,176,22,154,8,146,64,82
61,309,555,77,478,29,449,191,258
61,310,437,73,364,25,339,119,220
61,311,90,10,80,1,79,24,55
61,313,51,9,42,5,37,16,21
61,314,408,39,369,25,344,169,175
61,315,80,15,65,5,60,25,35
61,316,101,9,92,5,87,38,49
61,317,157,24,133,14,119,37,82
61,318,95,15,80,10,70,41,29
61,319,229,42,187,11,176,65,111
61,320,84,11,73,11,62,20,42
61,321,296,32,264,27,237,113,124
61,322,92,15,77,4,73,31,42
61,323,120,14,106,8,98,38,60
61,324,553,72,481,34,447,164,283
61,325,256,30,226,13,213,117,96
61,326,181,21,160,9,151,79,72
61,327,272,56,216,24,192,82,110
61,328,260,44,216,20,196,80,116
61,329,511,96,415,29,386,148,238
61,330,157,23,134,20,114,46,68
61,331,105,20,85,7,78,36,42
61,332,243,24,219,26,193,75,118
61,333,159,44,115,5,110,65,45
61,335,136,25,111,9,102,44,58
61,336,107,16,91,4,87,42,45
61,337,435,54,381,31,350,184,166
61,338,107,13,94,5,89,30,59
61,339,710,114,596,35,561,249,312
61,340,123,22,101,3,98,43,55
61,341,776,87,689,38,651,296,355
61,342,1081,173,908,71,837,469,368
61,343,498,120,378,35,343,164,179
61,344,810,132,678,48,630,247,383
61,345,915,143,772,43,729,288,441
61,346,176,24,152,15,137,52,85
61,347,172,26,146,9,137,55,82
61,348,284,32,252,19,233,92,141
61,349,116,18,98,8,90,32,58
61,350,117,15,102,6,96,42,54
61,351,97,7,90,6,84,30,54
61,352,132,20,112,7,105,48,57
61,353,270,28,242,20,222,108,114
61,354,99,6,93,3,90,20,70
61,355,155,15,140,19,121,41,80
61,356,540,90,450,43,407,175,232
61,357,117,16,101,10,91,36,55
61,358,202,29,173,15,158,76,82
61,359,117,13,104,7,97,38,59
61,360,85,6,79,5,74,33,41
61,361,154,20,134,13,121,44,77
61,362,463,66,397,33,364,178,186
61,363,70,17,53,0,53,14,39
61,364,103,17,86,6,80,31,49
61,365,309,49,260,13,247,94,153
61,366,116,17,99,1,98,28,70
61,367,134,17,117,8,109,41,68
61,368,67,4,63,2,61,25,36
61,369,748,91,657,47,610,249,361
61,370,144,11,133,17,116,50,66
61,371,113,16,97,10,87,35,52
61,372,161,32,129,4,125,63,62
61,373,219,37,182,9,173,60,113
61,374,70,15,55,3,52,30,22
61,375,210,16,194,15,179,89,90
61,376,705,122,583,48,535,339,196
61,377,492,65,427,34,393,175,218
61,378,67,13,54,11,43,26,17
61,379,199,43,156,9,147,66,81
61,380,107,9,98,11,87,18,69
61,381,48,10,38,1,37,7,30
61,382,750,108,642,44,598,269,329
61,383,122,19,103,15,88,50,38
61,384,198,42,156,21,135,58,77
61,385,257,38,219,19,200,79,121
61,386,362,66,296,14,282,112,170
61,387,470,73,397,22,375,138,237
61,388,139,27,112,10,102,44,58
61,389,885,161,724,38,686,281,405
61,390,122,18,104,8,96,36,60
61,391,2597,303,2294,123,2171,1084,1087
61,392,115,14,101,13,88,43,45
61,393,134,29,105,12,93,37,56
61,394,685,132,553,33,520,252,268
61,395,192,32,160,6,154,43,111
61,396,86,9,77,3,74,28,46
61,397,3184,603,2581,192,2389,1241,1148
61,398,43,4,39,1,38,22,16
61,399,57,9,48,2,46,17,29
61,400,226,26,200,14,186,81,105
61,401,84,11,73,8,65,30,35
61,402,216,34,182,17,165,82,83
61,403,100,10,90,4,86,43,43
61,404,493,69,424,34,390,152,238
61,405,431,81,350,15,335,149,186
61,406,253,46,207,20,187,102,85
61,407,556,76,480,45,435,218,217
61,408,296,47,249,14,235,108,127
61,409,143,18,125,5,120,47,73
61,410,147,23,124,6,118,53,65
61,411,216,23,193,16,177,73,104
61,412,560,116,444,28,416,167,249
61,413,112,28,84,7,77,40,37
61,414,706,114,592,31,561,236,325
61,415,244,27,217,19,198,64,134
61,416,46,7,39,2,37,9,28
61,417,313,42,271,16,255,130,125
61,418,359,48,311,23,288,114,174
61,419,185,32,153,15,138,64,74
61,420,67,10,57,6,51,27,24
61,421,544,92,452,37,415,126,289
61,422,532,81,451,34,417,138,279
61,423,447,75,372,25,347,176,171
61,424,176,24,152,15,137,52,85
61,425,103,14,89,4,85,35,50
61,426,520,108,412,23,389,168,221
61,427,159,18,141,13,128,66,62
61,428,562,38,524,33,491,221,270
61,429,306,46,260,9,251,89,162
61,430,49,7,42,2,40,17,23
61,431,270,32,238,14,224,102,122
61,432,428,54,374,29,345,128,217
61,433,204,17,187,10,177,71,106
61,434,67,11,56,3,53,17,36
61,435,191,37,154,11,143,55,88
61,436,178,19,159,13,146,56,90
61,437,60,7,53,4,49,29,20
61,438,159,22,137,7,130,38,92
61,439,110,15,95,5,90,12,78
61,440,707,119,588,46,542,238,304
61,441,97,9,88,16,72,38,34
61,442,174,19,155,8,147,58,89
61,443,513,67,446,32,414,219,195
61,444,120,22,98,4,94,64,30
61,445,546,82,464,39,425,235,190
61,446,131,18,113,11,102,51,51
61,447,1068,150,918,54,864,490,374
61,448,340,58,282,15,267,145,122
61,449,140,18,122,6,116,46,70
61,450,61,8,53,6,47,24,23
61,451,233,39,194,15,179,89,90
61,452,160,24,136,9,127,48,79
61,453,225,40,185,15,170,94,76
61,454,387,71,316,21,295,108,187
61,455,191,37,154,7,147,54,93
61,456,1186,184,1002,59,943,480,463
61,457,423,50,373,19,354,154,200
61,458,195,36,159,17,142,67,75
61,459,213,26,187,9,178,90,88
61,460,638,132,506,25,481,178,303
61,461,111,15,96,2,94,23,71
61,462,735,71,664,35,629,339,290
61,463,676,93,583,42,541,233,308
61,464,2869,629,2240,140,2100,941,1159
61,465,325,62,263,23,240,155,85
61,466,1055,133,922,65,857,499,358
61,467,322,35,287,25,262,86,176
61,468,117,12,105,5,100,45,55
61,469,222,25,197,6,191,66,125
61,470,183,17,166,9,157,59,98
61,471,332,46,286,21,265,101,164
61,472,302,27,275,15,260,127,133
61,473,181,19,162,19,143,54,89
61,474,324,39,285,7,278,114,164
61,475,522,111,411,35,376,144,232
61,476,254,28,226,11,215,87,128
61,477,138,31,107,6,101,47,54
61,478,128,18,110,6,104,53,51
61,479,138,9,129,10,119,54,65
61,480,190,24,166,11,155,69,86
61,481,73,12,61,4,57,29,28
61,482,294,57,237,20,217,89,128
61,483,1871,277,1594,98,1496,573,923
61,484,1311,273,1038,85,953,497,456
61,485,185,35,150,5,145,53,92
61,486,2033,318,1715,112,1603,867,736
61,487,223,29,194,10,184,72,112
61,488,59,10,49,4,45,19,26
61,489,64,10,54,4,50,22,28
61,490,261,41,220,25,195,101,94
61,491,1182,205,977,59,918,396,522
61,492,78,20,58,4,54,21,33
61,493,60,6,54,7,47,14,33
61,494,807,114,693,45,648,283,365
61,496,661,74,587,32,555,270,285
61,497,1137,132,1005,58,947,481,466
61,498,87,17,70,4,66,26,40
61,499,131,20,111,13,98,40,58
61,500,112,18,94,6,88,36,52
61,501,328,52,276,16,260,91,169
61,502,66,6,60,4,56,21,35
61,503,174,35,139,8,131,67,64
61,504,104,11,93,6,87,25,62
61,505,189,27,162,21,141,69,72
61,506,273,30,243,20,223,95,128
61,507,282,62,220,19,201,88,113
61,508,2571,596,1975,117,1858,781,1077
61,509,319,40,279,12,267,107,160
61,510,182,19,163,14,149,45,104
61,511,263,37,226,20,206,86,120
61,512,83,6,77,7,70,32,38
61,513,119,22,97,7,90,34,56
62,1,1468,219,1249,67,1182,597,585
62,2,156,9,147,17,130,62,68
62,3,499,76,423,24,399,184,215
62,4,5927,1004,4923,367,4556,2797,1759
62,5,673,117,556,34,522,306,216
62,6,250,27,223,11,212,107,105
62,7,519,55,464,18,446,209,237
62,8,537,51,486,34,452,203,249
62,9,182,26,156,14,142,60,82
62,10,171,10,161,6,155,95,60
62,11,549,71,478,32,446,149,297
62,12,175,28,147,11,136,65,71
62,13,1700,346,1354,84,1270,696,574
62,14,7524,1537,5987,431,5556,3211,2345
62,15,169,10,159,14,145,65,80
62,16,170,11,159,9,150,40,110
62,17,116,17,99,3,96,55,41
62,18,212,27,185,9,176,84,92
62,19,2869,523,2346,172,2174,1232,942
62,20,415,58,357,51,306,114,192
62,21,272,35,237,12,225,70,155
62,22,282,21,261,15,246,98,148
62,23,2516,475,2041,182,1859,1110,749
62,24,621,96,525,35,490,228,262
62,25,1533,272,1261,75,1186,573,613
62,26,100,11,89,3,86,51,35
62,27,163,15,148,9,139,55,84
62,28,478,67,411,40,371,195,176
62,29,350,59,291,14,277,131,146
62,30,229,31,198,16,182,79,103
62,31,1139,211,928,61,867,494,373
62,32,3274,609,2665,207,2458,1523,935
62,33,3004,566,2438,215,2223,1240,983
62,34,1713,268,1445,146,1299,798,501
62,35,4581,1021,3560,316,3244,1852,1392
62,36,665,148,517,29,488,273,215
62,37,2317,294,2023,122,1901,853,1048
62,38,3214,606,2608,173,2435,1339,1096
62,39,657,84,573,44,529,241,288
62,40,7280,1694,5586,413,5173,3254,1919
62,41,26221,5679,20542,1243,19299,11017,8282
62,42,792,116,676,51,625,352,273
62,43,1423,238,1185,76,1109,554,555
62,44,582,98,484,30,454,262,192
62,45,1065,129,936,96,840,405,435
62,46,625,137,488,41,447,273,174
62,47,113,15,98,3,95,31,64
62,48,7995,2463,5532,395,5137,3458,1679
62,49,354,38,316,17,299,147,152
62,50,1216,218,998,59,939,535,404
62,51,3494,811,2683,244,2439,1450,989
62,52,302,38,264,21,243,89,154
62,53,521,67,454,34,420,241,179
62,54,450,77,373,17,356,151,205
62,55,356,50,306,27,279,147,132
62,56,641,124,517,27,490,202,288
62,57,3845,645,3200,228,2972,1392,1580
62,58,175,27,148,5,143,60,83
62,59,221,35,186,11,175,66,109
62,60,2170,388,1782,101,1681,1020,661
62,61,193,21,172,15,157,67,90
62,62,37,6,31,6,25,9,16
62,63,1485,269,1216,78,1138,633,505
62,64,135,19,116,11,105,47,58
62,65,12634,3244,9390,686,8704,6099,2605
62,66,42,5,37,0,37,5,32
62,67,425,36,389,39,350,167,183
62,68,264,33,231,18,213,96,117
62,69,236,22,214,8,206,64,142
62,70,203,21,182,15,167,66,101
62,71,302,35,267,30,237,148,89
62,72,209,23,186,20,166,85,81
62,73,973,154,819,49,770,369,401
62,74,188,19,169,10,159,51,108
62,75,1106,173,933,61,872,362,510
62,76,147,19,128,10,118,47,71
62,77,271,39,232,16,216,134,82
62,78,757,117,640,45,595,334,261
62,79,69,5,64,8,56,15,41
62,80,2117,463,1654,110,1544,831,713
62,81,395,60,335,16,319,171,148
62,82,211,38,173,15,158,56,102
62,83,5852,1612,4240,360,3880,2499,1381
62,84,193,17,176,10,166,75,91
62,85,126,7,119,6,113,38,75
62,86,256,39,217,13,204,83,121
62,87,737,114,623,39,584,341,243
62,88,266,29,237,17,220,117,103
62,89,319,42,277,15,262,119,143
62,90,110,8,102,3,99,42,57
62,91,91,8,83,9,74,18,56
62,92,330,31,299,21,278,125,153
62,93,179,26,153,12,141,76,65
62,94,286,26,260,9,251,121,130
62,95,178,30,148,19,129,59,70
62,96,454,85,369,12,357,185,172
62,97,718,70,648,47,601,258,343
62,99,4129,700,3429,233,3196,1979,1217
62,100,1573,243,1330,81,1249,763,486
62,101,100,11,89,2,87,28,59
62,102,181,16,165,12,153,63,90
62,103,112,13,99,4,95,30,65
62,104,235,21,214,13,201,74,127
62,105,428,47,381,27,354,135,219
62,106,204,24,180,10,170,56,114
62,107,285,29,256,18,238,82,156
62,108,10745,2188,8557,571,7986,4100,3886
62,109,165,30,135,14,121,49,72
62,111,188,27,161,11,150,62,88
62,112,435,49,386,25,361,159,202
62,113,385,46,339,20,319,172,147
62,114,118,16,102,8,94,25,69
62,115,369,29,340,33,307,155,152
62,116,170,25,145,8,137,50,87
62,117,704,148,556,58,498,213,285
62,118,125,25,100,8,92,41,51
62,119,18014,4813,13201,812,12389,7083,5306
62,120,387,63,324,20,304,170,134
62,121,87,14,73,9,64,39,25
62,122,262,35,227,21,206,83,123
62,123,375,42,333,31,302,154,148
62,124,373,54,319,27,292,169,123
62,125,300,19,281,17,264,97,167
62,126,6839,1696,5143,432,4711,2789,1922
62,127,247,32,215,8,207,53,154
62,128,3247,700,2547,192,2355,1455,900
62,129,79,7,72,6,66,39,27
62,130,491,76,415,26,389,185,204
62,131,246,52,194,24,170,105,65
62,132,3665,753,2912,257,2655,1559,1096
62,133,5605,1232,4373,348,4025,2465,1560
62,134,113,16,97,7,90,38,52
62,135,219,20,199,12,187,84,103
62,137,87,10,77,5,72,27,45
62,138,602,77,525,19,506,225,281
62,139,4062,896,3166,245,2921,1781,1140
62,140,366,60,306,22,284,156,128
62,141,607,64,543,33,510,279,231
62,142,107,14,93,3,90,41,49
62,143,37,3,34,2,32,7,25
62,144,342,43,299,18,281,105,176
62,145,363,42,321,21,300,166,134
62,146,235,30,205,15,190,89,101
62,147,309,44,265,22,243,122,121
62,148,648,112,536,38,498,237,261
62,149,175,28,147,8,139,62,77
62,150,398,40,358,21,337,162,175
62,151,388,48,340,27,313,172,141
62,152,172,12,160,16,144,63,81
62,153,482,60,422,38,384,182,202
62,154,530,69,461,33,428,182,246
62,155,499,69,430,30,400,222,178
62,156,468,43,425,27,398,193,205
62,157,77,6,71,5,66,33,33
62,158,483,93,390,26,364,182,182
62,160,26130,6044,20086,1143,18943,11712,7231
62,161,493,87,406,33,373,213,160
62,162,380,41,339,22,317,195,122
62,163,224,24,200,13,187,75,112
62,164,932,145,787,60,727,307,420
62,165,181,20,161,9,152,81,71
62,166,456,61,395,32,363,171,192
62,167,180,15,165,11,154,52,102
62,168,570,61,509,28,481,178,303
62,169,167,11,156,4,152,84,68
62,170,2039,409,1630,144,1486,744,742
62,171,94,13,81,7,74,30,44
62,172,257,13,244,16,228,106,122
62,173,3631,659,2972,250,2722,1643,1079
62,174,990,140,850,59,791,450,341
62,175,118,11,107,5,102,59,43
62,176,548,90,458,18,440,176,264
62,177,653,96,557,33,524,293,231
62,178,16123,4496,11627,877,10750,7104,3646
62,179,260,36,224,16,208,97,111
62,180,222,28,194,24,170,68,102
62,181,1010,169,841,57,784,415,369
62,182,189,21,168,6,162,56,106
62,183,608,91,517,27,490,296,194
62,184,185,31,154,13,141,81,60
62,185,206,41,165,11,154,73,81
62,186,9549,2667,6882,561,6321,4134,2187
62,187,135,18,117,8,109,45,64
62,188,2280,333,1947,138,1809,1187,622
62,189,87,9,78,6,72,21,51
62,190,1065,138,927,68,859,400,459
62,191,442,55,387,20,367,232,135
62,192,299,31,268,12,256,140,116
62,193,51589,13996,37593,2485,35108,21766,13342
62,194,4283,1042,3241,272,2969,2038,931
62,195,1262,221,1041,62,979,422,557
62,196,482,85,397,34,363,146,217
62,197,1271,255,1016,86,930,493,437
62,198,274,35,239,11,228,103,125
62,199,523,77,446,29,417,185,232
62,200,719,96,623,48,575,313,262
62,201,2072,381,1691,129,1562,830,732
62,202,420,47,373,25,348,159,189
62,203,355,43,312,15,297,147,150
62,204,1171,133,1038,44,994,570,424
62,205,974,138,836,68,768,378,390
62,206,247,23,224,16,208,90,118
62,207,466,56,410,34,376,195,181
62,208,57,8,49,2,47,8,39
62,209,125,11,114,14,100,41,59
62,210,13,1,12,0,12,0,12
62,211,157,19,138,7,131,47,84
62,212,335,38,297,19,278,169,109
62,213,607,72,535,38,497,229,268
62,214,411,46,365,20,345,167,178
62,215,12520,3128,9392,688,8704,5099,3605
62,216,158,18,140,16,124,43,81
62,217,2311,466,1845,176,1669,1095,574
62,218,264,39,225,16,209,99,110
62,219,169,16,153,6,147,46,101
62,220,362,56,306,15,291,149,142
62,221,232,30,202,7,195,88,107
62,222,129,10,119,6,113,46,67
62,223,222,28,194,17,177,89,88
62,224,2522,601,1921,137,1784,1053,731
62,225,534,65,469,29,440,172,268
62,226,232,26,206,8,198,99,99
62,227,169,14,155,8,147,51,96
62,228,228,28,200,12,188,83,105
62,229,534,61,473,28,445,223,222
62,230,577,67,510,48,462,196,266
62,231,120,9,111,3,108,49,59
62,232,617,70,547,33,514,246,268
62,233,867,143,724,52,672,347,325
62,234,169,24,145,3,142,40,102
62,235,2157,307,1850,84,1766,797,969
62,236,247,28,219,18,201,128,73
62,237,362,31,331,26,305,128,177
62,238,64,6,58,2,56,27,29
62,239,2000,367,1633,96,1537,705,832
62,240,1545,264,1281,104,1177,741,436
62,241,216,22,194,12,182,85,97
62,242,83,12,71,7,64,34,30
62,243,86,12,74,7,67,36,31
62,244,4465,787,3678,252,3426,1874,1552
62,245,491,62,429,37,392,201,191
62,246,156,29,127,7,120,68,52
62,247,392,26,366,17,349,181,168
62,248,374,60,314,32,282,144,138
62,249,3998,889,3109,246,2863,1751,1112
62,250,7811,1815,5996,485,5511,3319,2192
62,251,408,49,359,30,329,103,226
62,252,2174,377,1797,145,1652,764,888
62,253,73,10,63,9,54,25,29
62,254,484,46,438,30,408,220,188
62,255,594,79,515,35,480,211,269
62,256,143,18,125,2,123,37,86
62,257,406,43,363,22,341,143,198
62,258,241,30,211,13,198,131,67
62,259,1093,138,955,72,883,480,403
62,260,230,31,199,17,182,80,102
62,261,4365,847,3518,193,3325,1353,1972
62,262,1296,204,1092,90,1002,588,414
62,263,4445,640,3805,223,3582,1987,1595
62,264,1043,184,859,65,794,500,294
62,265,862,88,774,54,720,389,331
62,266,55,15,40,2,38,19,19
62,267,269,35,234,6,228,131,97
62,268,3577,685,2892,200,2692,1813,879
62,269,575,92,483,34,449,243,206
62,270,5353,1604,3749,270,3479,2399,1080
62,271,575,54,521,26,495,217,278
62,272,250,40,210,13,197,85,112
62,273,373,32,341,18,323,116,207
62,274,4038,793,3245,281,2964,1674,1290
62,275,224,31,193,12,181,99,82
62,276,4104,943,3161,303,2858,1654,1204
62,277,2202,441,1761,149,1612,994,618
62,278,419,59,360,20,340,183,157
62,279,952,104,848,48,800,262,538
62,280,256,33,223,14,209,114,95
62,281,284,42,242,14,228,94,134
62,282,135,13,122,7,115,56,59
62,283,83,8,75,4,71,25,46
62,284,1378,238,1140,107,1033,594,439
62,285,362,29,333,15,318,153,165
62,286,372,59,313,21,292,159,133
62,288,1567,194,1373,93,1280,719,561
62,289,609,50,559,45,514,278,236
62,290,295,26,269,19,250,102,148
62,291,2199,458,1741,125,1616,991,625
62,292,620,73,547,43,504,298,206
62,293,180,21,159,8,151,79,72
62,294,337,43,294,21,273,103,170
62,295,834,147,687,66,621,366,255
62,296,152,10,142,7,135,51,84
62,297,2327,301,2026,185,1841,1056,785
62,298,389,57,332,33,299,112,187
62,299,178,17,161,16,145,62,83
62,300,2215,407,1808,115,1693,1000,693
62,301,58,11,47,2,45,22,23
62,302,157,18,139,15,124,56,68
62,303,155,34,121,11,110,65,45
62,304,250,30,220,20,200,89,111
62,306,313,50,263,16,247,97,150
62,307,208,23,185,15,170,66,104
62,308,342,34,308,21,287,138,149
62,309,1143,173,970,64,906,569,337
62,310,1323,214,1109,87,1022,534,488
62,311,1470,293,1177,106,1071,619,452
62,312,233,38,195,11,184,92,92
62,313,687,111,576,51,525,344,181
62,314,292,40,252,16,236,114,122
62,315,267,22,245,13,232,104,128
62,316,150,20,130,11,119,45,74
62,317,316,44,272,19,253,114,139
62,318,8166,1995,6171,395,5776,2861,2915
62,319,199,25,174,9,165,72,93
62,320,247,39,208,12,196,84,112
62,321,3361,839,2522,184,2338,1393,945
62,322,97,9,88,11,77,32,45
62,323,896,94,802,50,752,360,392
62,324,467,54,413,21,392,192,200
62,325,705,86,619,46,573,289,284
62,326,179,29,150,19,131,68,63
62,327,418,62,356,40,316,145,171
62,328,682,96,586,51,535,320,215
62,329,1475,274,1201,78,1123,752,371
62,330,961,140,821,44,777,334,443
62,331,863,134,729,49,680,372,308
62,332,424,49,375,16,359,179,180
62,333,269,33,236,14,222,87,135
62,334,629,96,533,31,502,287,215
62,335,374,41,333,20,313,117,196
62,336,395,50,345,41,304,142,162
62,337,163,33,130,7,123,33,90
62,338,2208,305,1903,82,1821,583,1238
62,339,80,9,71,3,68,36,32
62,340,626,128,498,34,464,249,215
62,341,329,34,295,14,281,122,159
62,342,77,10,67,7,60,24,36
62,343,213,31,182,13,169,84,85
62,344,95,19,76,4,72,44,28
62,345,96,8,88,4,84,26,58
62,346,146,15,131,10,121,55,66
62,347,112,9,103,10,93,30,63
62,348,114,11,103,3,100,46,54
62,349,960,151,809,68,741,414,327
62,350,890,102,788,60,728,367,361
62,351,4549,1100,3449,262,3187,2019,1168
62,352,77,10,67,6,61,21,40
62,353,225,41,184,6,178,67,111
62,354,605,80,525,22,503,217,286
62,355,399,58,341,17,324,143,181
62,356,635,90,545,40,505,299,206
62,357,52,6,46,1,45,12,33
62,358,195,31,164,10,154,39,115
62,359,380,37,343,15,328,153,175
62,360,893,152,741,43,698,387,311
62,361,2586,621,1965,115,1850,1085,765
62,362,188,22,166,20,146,64,82
62,363,331,40,291,15,276,119,157
62,364,1461,197,1264,59,1205,686,519
62,365,144,37,107,7,100,43,57
62,366,266,39,227,19,208,94,114
62,367,515,77,438,34,404,181,223
62,368,149,19,130,18,112,42,70
62,369,429,34,395,33,362,163,199
62,370,102,9,93,3,90,30,60
62,371,1657,237,1420,81,1339,715,624
62,372,129,24,105,11,94,36,58
62,373,734,107,627,71,556,320,236
62,374,148,33,115,9,106,46,60
62,375,92,17,75,11,64,24,40
62,376,1943,290,1653,112,1541,731,810
62,377,794,155,639,44,595,404,191
62,378,148,15,133,6,127,46,81
62,379,309,45,264,13,251,115,136
62,380,265,25,240,13,227,107,120
62,381,125,15,110,8,102,46,56
62,382,500,51,449,29,420,219,201
62,383,985,140,845,59,786,449,337
62,384,461,67,394,26,368,192,176
62,385,339,51,288,23,265,112,153
62,386,4580,1196,3384,294,3090,2211,879
62,387,287,28,259,26,233,132,101
62,388,236,28,208,12,196,119,77
62,389,34,1,33,0,33,14,19
62,390,1236,163,1073,73,1000,401,599
62,391,1153,170,983,57,926,577,349
62,392,291,28,263,16,247,112,135
62,393,765,154,611,62,549,275,274
62,395,150,18,132,17,115,71,44
62,396,16,1,15,1,14,2,12
62,397,3771,732,3039,198,2841,1781,1060
62,398,253,45,208,19,189,101,88
62,399,526,52,474,32,442,214,228
62,400,3657,1009,2648,218,2430,1564,866
62,401,3408,703,2705,225,2480,1504,976
62,402,239,37,202,12,190,96,94
62,403,1033,176,857,65,792,545,247
62,404,177,17,160,13,147,71,76
62,405,401,68,333,30,303,143,160
62,406,190,22,168,10,158,73,85
62,407,830,107,723,44,679,419,260
62,408,988,146,842,65,777,376,401
62,409,152,13,139,9,130,67,63
62,410,160,35,125,8,117,39,78
62,411,41,8,33,2,31,8,23
62,412,874,147,727,46,681,319,362
62,413,8943,2122,6821,621,6200,3725,2475
62,414,184,20,164,12,152,63,89
62,415,327,28,299,18,281,95,186
62,416,151,16,135,11,124,47,77
62,418,232,25,207,14,193,87,106
62,419,116,18,98,4,94,30,64
62,421,282,66,216,33,183,94,89
62,422,389,73,316,32,284,132,152
62,423,1247,145,1102,86,1016,538,478
62,424,235,24,211,9,202,102,100
62,425,103,17,86,10,76,29,47
62,426,166,21,145,10,135,67,68
62,427,19212,5301,13911,1273,12638,7311,5327
62,428,352,26,326,32,294,147,147
62,429,227,25,202,17,185,78,107
62,430,125,20,105,8,97,46,51
62,431,402,42,360,32,328,178,150
62,432,303,40,263,21,242,97,145
62,433,82,6,76,4,72,23,49
62,434,109,20,89,6,83,21,62
62,435,93,6,87,11,76,33,43
62,436,107,14,93,5,88,28,60
62,437,267,48,219,15,204,73,131
62,438,419,44,375,36,339,147,192
62,439,228,42,186,18,168,91,77
62,440,850,176,674,55,619,308,311
62,441,183,20,163,10,153,83,70
62,442,378,46,332,26,306,130,176
62,443,4655,994,3661,275,3386,2099,1287
62,444,199,44,155,8,147,77,70
62,445,661,106,555,48,507,257,250
62,446,548,96,452,30,422,236,186
62,447,1806,540,1266,89,1177,617,560
62,448,1600,242,1358,76,1282,628,654
62,449,133,19,114,8,106,37,69
62,450,194,16,178,3,175,53,122
62,451,408,58,350,33,317,131,186
62,452,1114,113,1001,59,942,495,447
62,453,85,5,80,4,76,35,41
62,454,1780,245,1535,94,1441,693,748
62,455,87,14,73,10,63,36,27
62,456,552,74,478,37,441,215,226
62,457,5589,1214,4375,318,4057,2566,1491
62,458,771,112,659,62,597,320,277
62,459,182,17,165,6,159,59,100
62,460,194,20,174,5,169,54,115
62,461,644,117,527,37,490,272,218
62,462,89,8,81,11,70,21,49
62,463,385,57,328,20,308,162,146
62,464,2387,521,1866,155,1711,1076,635
62,465,194,22,172,7,165,70,95
62,466,191,26,165,7,158,72,86
62,467,128,13,115,5,110,54,56
62,468,197,23,174,11,163,58,105
62,469,426,57,369,27,342,133,209
62,470,64,3,61,3,58,15,43
62,471,325,30,295,18,277,159,118
62,472,160,18,142,11,131,58,73
62,473,7460,1559,5901,462,5439,3838,1601
62,474,901,117,784,70,714,404,310
62,475,174,20,154,9,145,72,73
62,476,737,108,629,41,588,251,337
62,477,575,78,497,51,446,213,233
62,478,195,22,173,15,158,63,95
62,479,1287,191,1096,92,1004,562,442
62,480,1780,361,1419,107,1312,805,507
62,481,122,14,108,14,94,59,35
62,483,174,25,149,8,141,53,88
62,484,235,33,202,9,193,89,104
62,485,248,32,216,11,205,102,103
62,486,774,116,658,43,615,392,223
62,487,857,103,754,48,706,399,307
62,488,540,74,466,34,432,180,252
62,489,2744,568,2176,181,1995,1175,820
62,490,186,21,165,6,159,57,102
62,491,3856,735,3121,176,2945,1220,1725
62,492,176,26,150,9,141,60,81
62,493,191,33,158,13,145,61,84
62,494,45,6,39,1,38,11,27
62,495,199,18,181,10,171,88,83
62,496,206,16,190,7,183,84,99
62,497,5189,1270,3919,300,3619,2299,1320
62,498,24003,6775,17228,1270,15958,10158,5800
62,499,247,31,216,13,203,78,125
62,500,317,26,291,13,278,176,102
62,501,188,15,173,8,165,98,67
62,502,3256,517,2739,186,2553,1151,1402
62,503,241,29,212,11,201,80,121
62,504,169,14,155,7,148,62,86
62,505,311,34,277,16,261,135,126
62,506,1180,191,989,80,909,360,549
62,507,233,32,201,21,180,82,98
62,508,289,28,261,15,246,147,99
62,509,201,17,184,14,170,71,99
62,510,22406,5947,16459,1220,15239,10488,4751
62,511,124,23,101,4,97,44,53
62,512,458,58,400,27,373,181,192
62,513,167,21,146,10,136,69,67
62,514,190,36,154,11,143,61,82
62,515,458,79,379,28,351,212,139
62,516,6740,1192,5548,423,5125,3207,1918
62,517,187,22,165,6,159,99,60
62,518,117,11,106,2,104,42,62
62,519,498,51,447,28,419,154,265
62,520,1968,311,1657,118,1539,671,868
62,521,172,34,138,20,118,64,54
62,522,226,24,202,13,189,91,98
62,523,3940,911,3029,247,2782,1734,1048
62,524,1070,128,942,54,888,490,398
62,525,7702,1710,5992,391,5601,3208,2393
62,526,96,14,82,13,69,17,52
62,527,194,21,173,7,166,60,106
62,528,5324,1136,4188,324,3864,2311,1553
62,529,1180,213,967,59,908,365,543
62,530,401,39,362,28,334,128,206
62,531,675,88,587,50,537,236,301
62,532,833,132,701,68,633,362,271
62,533,108,18,90,5,85,50,35
62,534,2820,450,2370,168,2202,1443,759
62,535,146,17,129,5,124,57,67
62,536,516,81,435,35,400,190,210
62,537,87,16,71,3,68,33,35
62,538,318,49,269,16,253,137,116
62,539,187,16,171,13,158,43,115
62,540,1035,138,897,76,821,488,333
62,541,91,8,83,1,82,24,58
62,542,153,24,129,10,119,52,67
62,543,1431,168,1263,105,1158,642,516
62,544,151,13,138,12,126,53,73
62,545,107,5,102,4,98,28,70
62,546,272,29,243,10,233,83,150
62,547,69,10,59,9,50,21,29
62,548,7427,1437,5990,443,5547,3233,2314
62,549,851,151,700,48,652,319,333
62,550,955,160,795,49,746,415,331
62,551,182,15,167,7,160,81,79
62,552,752,132,620,32,588,378,210
62,553,236,27,209,15,194,85,109
62,554,73,5,68,3,65,24,41
62,555,4138,1025,3113,257,2856,2024,832
62,556,241,38,203,20,183,104,79
62,557,2143,306,1837,119,1718,868,850
62,558,148,10,138,6,132,52,80
62,559,807,148,659,50,609,292,317
62,560,3645,671,2974,191,2783,1618,1165
62,561,169,25,144,13,131,40,91
62,562,148,13,135,14,121,63,58
62,563,5519,1609,3910,336,3574,2236,1338
62,564,334,48,286,27,259,163,96
62,565,67,8,59,3,56,32,24
62,566,534,65,469,43,426,211,215
62,567,449,56,393,39,354,149,205
62,568,492,62,430,33,397,171,226
62,569,437,59,378,39,339,165,174
62,570,8862,2407,6455,521,5934,3836,2098
62,571,2590,372,2218,145,2073,866,1207
62,572,495,88,407,37,370,180,190
62,573,2743,588,2155,203,1952,1172,780
62,574,159,22,137,6,131,57,74
62,576,89,14,75,5,70,25,45
62,577,67,13,54,0,54,17,37
62,578,86,6,80,8,72,24,48
62,579,389,43,346,26,320,144,176
62,580,294,31,263,18,245,128,117
62,581,236,28,208,11,197,95,102
62,582,515,90,425,21,404,182,222
62,583,442,74,368,32,336,183,153
62,584,1132,223,909,77,832,411,421
62,585,289,33,256,12,244,96,148
62,586,366,40,326,31,295,129,166
62,587,6601,1609,4992,413,4579,2898,1681
62,588,1549,293,1256,54,1202,594,608
62,589,875,131,744,48,696,275,421
62,590,47,2,45,4,41,21,20
62,591,142,32,110,9,101,36,65
62,592,374,42,332,21,311,135,176
62,593,65,14,51,1,50,19,31
62,594,289,50,239,26,213,112,101
62,595,824,127,697,43,654,311,343
62,596,196,22,174,10,164,74,90
62,597,221,37,184,13,171,94,77
62,598,499,95,404,27,377,177,200
62,599,144,18,126,8,118,49,69
62,600,131,15,116,7,109,39,70
62,601,138,26,112,11,101,41,60
62,602,131,16,115,6,109,38,71
62,603,715,125,590,43,547,359,188
62,604,3248,510,2738,127,2611,892,1719
62,605,31,2,29,2,27,8,19
62,606,1014,147,867,56,811,329,482
62,607,59,8,51,3,48,17,31
62,608,137,16,121,5,116,57,59
62,609,1206,145,1061,69,992,430,562
62,610,481,80,401,14,387,179,208
62,611,418,59,359,32,327,133,194
62,612,382,39,343,29,314,151,163
62,613,665,109,556,44,512,263,249
62,614,385,42,343,18,325,190,135
62,615,170,14,156,8,148,73,75
62,616,142,20,122,3,119,46,73
62,617,8767,2244,6523,470,6053,3903,2150
62,618,662,100,562,41,521,226,295
62,619,106,11,95,8,87,42,45
62,620,1159,176,983,70,913,550,363
62,621,1140,147,993,72,921,439,482
62,622,137,15,122,11,111,48,63
62,623,350,51,299,24,275,125,150
62,624,3907,985,2922,278,2644,1546,1098
62,625,42,4,38,2,36,10,26
62,626,1508,188,1320,105,1215,746,469
62,627,617,99,518,36,482,236,246
62,628,4860,1148,3712,304,3408,2193,1215
62,629,144,15,129,12,117,51,66
62,630,196,12,184,11,173,77,96
62,631,309,43,266,17,249,87,162
62,632,182,22,160,13,147,78,69
62,633,205,18,187,9,178,55,123
62,634,836,151,685,42,643,298,345
62,635,183,27,156,8,148,76,72
62,636,223,28,195,12,183,76,107
62,637,6977,1687,5290,403,4887,2932,1955
62,638,964,179,785,58,727,421,306
62,639,317,37,280,19,261,116,145
62,640,290,38,252,5,247,131,116
62,641,225,32,193,14,179,64,115
62,642,598,102,496,36,460,232,228
62,643,10904,2517,8387,610,7777,5154,2623
62,644,429,72,357,28,329,181,148
62,645,4374,815,3559,273,3286,1768,1518
62,646,461,72,389,22,367,182,185
62,647,538,65,473,32,441,230,211
62,648,352,39,313,19,294,134,160
62,649,640,88,552,25,527,361,166
62,650,557,85,472,34,438,254,184
62,651,308,52,256,30,226,84,142
62,652,1189,189,1000,85,915,526,389
62,653,351,35,316,20,296,88,208
62,654,502,49,453,23,430,181,249
62,655,218,32,186,13,173,63,110
62,656,782,117,665,51,614,338,276
62,657,341,28,313,15,298,144,154
62,658,121,16,105,10,95,18,77
62,659,82,9,73,5,68,18,50
62,660,370,55,315,31,284,160,124
62,661,386,55,331,9,322,196,126
62,662,635,90,545,62,483,255,228
62,663,237,53,184,17,167,75,92
62,664,181,18,163,9,154,51,103
62,665,173,18,155,18,137,77,60
62,666,2418,612,1806,192,1614,1009,605
62,667,7161,1906,5255,355,4900,2866,2034
62,668,150,18,132,9,123,66,57
62,669,208,27,181,13,168,66,102
62,670,402,27,375,15,360,148,212
62,671,238,27,211,18,193,85,108
62,672,475,60,415,32,383,180,203
62,673,461,80,381,31,350,188,162
62,674,424,48,376,22,354,170,184
62,675,198,18,180,17,163,93,70
62,676,369,53,316,26,290,186,104
62,677,261,35,226,15,211,113,98
62,678,478,47,431,22,409,152,257
62,679,270,25,245,14,231,91,140
62,680,555,61,494,28,466,194,272
62,681,496,35,461,36,425,225,200
62,682,52,3,49,0,49,20,29
62,683,205,21,184,6,178,85,93
62,684,1840,336,1504,115,1389,810,579
62,685,158,10,148,9,139,50,89
62,686,251,24,227,14,213,110,103
62,688,3274,684,2590,175,2415,1166,1249
62,689,304,34,270,15,255,111,144
62,690,183,19,164,8,156,82,74
62,691,339,34,305,31,274,148,126
62,692,191,17,174,17,157,63,94
62,693,936,133,803,48,755,356,399
62,694,184,16,168,15,153,47,106
62,695,222,22,200,12,188,86,102
62,696,148,22,126,5,121,49,72
62,697,187,35,152,19,133,68,65
62,698,222,18,204,6,198,80,118
62,699,443,57,386,33,353,157,196
62,700,173,12,161,15,146,57,89
62,701,348,38,310,23,287,174,113
62,702,280,37,243,16,227,137,90
62,703,236,24,212,17,195,87,108
62,704,465,87,378,24,354,146,208
62,705,1408,214,1194,77,1117,672,445
62,706,1966,279,1687,119,1568,654,914
62,708,20,1,19,0,19,5,14
62,709,232,40,192,14,178,74,104
62,710,111,22,89,8,81,27,54
62,711,2201,333,1868,105,1763,1257,506
62,712,940,112,828,51,777,369,408
62,713,1063,156,907,70,837,386,451
62,714,681,80,601,40,561,254,307
62,715,224,41,183,20,163,75,88
62,716,365,55,310,24,286,143,143
62,717,459,51,408,24,384,132,252
62,718,1107,160,947,98,849,457,392
62,719,197,19,178,14,164,89,75
62,720,36,8,28,4,24,10,14
62,721,1588,200,1388,129,1259,634,625
62,722,88,10,78,4,74,18,56
62,723,171,24,147,11,136,53,83
62,724,6910,1736,5174,523,4651,2980,1671
62,725,113,11,102,6,96,41,55
62,726,130,11,119,2,117,63,54
62,727,1263,197,1066,76,990,586,404
62,728,532,70,462,31,431,222,209
62,729,204,31,173,6,167,67,100
62,730,1049,208,841,56,785,386,399
62,731,238,39,199,12,187,94,93
62,732,233,21,212,9,203,106,97
62,733,212,29,183,18,165,78,87
62,734,527,60,467,35,432,198,234
62,735,1542,279,1263,76,1187,756,431
62,736,3225,480,2745,154,2591,1176,1415
62,737,4910,1334,3576,298,3278,2203,1075
62,738,125,10,115,6,109,58,51
62,739,260,33,227,22,205,78,127
62,740,198,16,182,6,176,72,104
62,741,115,11,104,3,101,32,69
62,742,215,28,187,8,179,55,124
62,743,328,32,296,10,286,141,145
62,744,2471,344,2127,108,2019,957,1062
62,745,117,20,97,6,91,38,53
62,746,3835,806,3029,173,2856,1882,974
62,747,369,29,340,19,321,153,168
62,748,1764,335,1429,108,1321,635,686
62,749,249,26,223,12,211,101,110
62,750,668,106,562,34,528,280,248
62,751,492,65,427,30,397,196,201
62,752,946,112,834,41,793,258,535
62,753,4717,929,3788,291,3497,2037,1460
62,754,325,39,286,21,265,146,119
62,755,2900,536,2364,142,2222,1295,927
62,756,1092,194,898,75,823,437,386
62,757,3245,693,2552,161,2391,1324,1067
62,758,8854,1765,7089,427,6662,3857,2805
62,759,345,30,315,30,285,117,168
62,760,244,31,213,22,191,82,109
62,761,186,21,165,7,158,66,92
62,762,97,5,92,3,89,36,53
62,763,725,92,633,40,593,264,329
62,764,3471,763,2708,196,2512,1472,1040
62,765,9406,2283,7123,438,6685,3486,3199
62,766,800,158,642,57,585,259,326
62,767,3555,744,2811,178,2633,1363,1270
62,768,86,8,78,10,68,29,39
62,769,557,72,485,31,454,241,213
62,770,2275,328,1947,158,1789,985,804
62,771,7315,2249,5066,360,4706,3344,1362
62,772,394,39,355,26,329,143,186
62,773,2718,440,2278,117,2161,1293,868
62,774,3541,623,2918,199,2719,1489,1230
62,775,195,25,170,20,150,48,102
62,776,135,26,109,9,100,43,57
62,777,136,26,110,16,94,40,54
62,778,65,5,60,3,57,22,35
62,779,136,12,124,14,110,57,53
62,780,286,56,230,15,215,134,81
62,781,337,61,276,19,257,111,146
62,782,354,40,314,25,289,155,134
62,783,238,40,198,10,188,139,49
62,784,531,72,459,40,419,194,225
62,785,716,107,609,50,559,298,261
62,786,246,28,218,9,209,69,140
62,787,218,26,192,12,180,75,105
62,788,505,54,451,22,429,220,209
62,789,193,25,168,14,154,58,96
62,790,148,7,141,3,138,64,74
62,791,40,1,39,1,38,23,15
62,792,883,120,763,47,716,352,364
62,793,770,90,680,52,628,310,318
62,794,457,57,400,38,362,199,163
62,795,95,10,85,6,79,32,47
62,796,431,36,395,31,364,131,233
62,797,221,22,199,12,187,82,105
62,798,181,18,163,6,157,52,105
62,799,506,62,444,33,411,169,242
62,800,289,47,242,19,223,137,86
62,801,2107,351,1756,128,1628,901,727
62,802,129,20,109,3,106,39,67
62,803,384,45,339,37,302,126,176
62,804,268,32,236,11,225,105,120
62,805,201,27,174,8,166,54,112
62,806,164,20,144,4,140,38,102
62,807,1395,191,1204,73,1131,578,553
62,808,195,20,175,19,156,66,90
62,809,106,12,94,5,89,17,72
62,810,990,147,843,50,793,371,422
62,811,880,112,768,60,708,361,347
62,812,587,77,510,38,472,184,288
62,813,359,70,289,8,281,142,139
62,814,83,9,74,2,72,41,31
62,815,145,15,130,5,125,63,62
62,816,169,17,152,11,141,75,66
62,817,1013,141,872,70,802,443,359
62,818,139,19,120,9,111,61,50
62,819,906,110,796,50,746,300,446
62,820,632,73,559,35,524,243,281
62,821,214,22,192,3,189,89,100
62,822,81,5,76,8,68,31,37
62,823,134,11,123,4,119,58,61
62,824,184,16,168,7,161,83,78
62,825,549,102,447,26,421,236,185
62,826,5296,939,4357,162,4195,922,3273
62,827,1106,242,864,70,794,386,408
62,828,47,5,42,2,40,17,23
62,829,339,68,271,22,249,131,118
62,830,151,25,126,11,115,53,62
62,831,235,24,211,20,191,64,127
62,832,417,52,365,20,345,133,212
62,833,63,7,56,6,50,13,37
62,834,188,25,163,12,151,73,78
62,835,418,54,364,25,339,130,209
62,836,746,81,665,30,635,228,407
62,837,359,34,325,20,305,157,148
62,838,75,9,66,5,61,21,40
62,839,785,130,655,63,592,282,310
62,840,113,18,95,10,85,52,33
62,841,2097,460,1637,132,1505,942,563
62,842,5572,1277,4295,399,3896,2354,1542
62,843,209,27,182,8,174,40,134
62,844,467,51,416,25,391,172,219
62,845,310,47,263,21,242,110,132
62,846,3306,709,2597,236,2361,1344,1017
62,847,1303,181,1122,99,1023,569,454
62,848,2581,529,2052,166,1886,1199,687
62,849,1813,243,1570,89,1481,672,809
62,850,301,30,271,11,260,106,154
62,851,601,112,489,28,461,204,257
62,852,963,161,802,56,746,375,371
62,853,279,20,259,9,250,106,144
62,854,375,39,336,16,320,151,169
62,855,193,37,156,17,139,54,85
62,856,252,20,232,17,215,124,91
62,857,102,17,85,3,82,40,42
62,858,193,17,176,14,162,60,102
62,859,192,18,174,8,166,72,94
62,860,99,9,90,5,85,32,53
62,861,3537,501,3036,228,2808,1386,1422
62,862,104,11,93,2,91,44,47
62,863,2942,585,2357,176,2181,1233,948
62,864,444,64,380,35,345,147,198
62,865,3566,699,2867,277,2590,1407,1183
62,866,319,32,287,29,258,127,131
62,867,196,17,179,11,168,70,98
62,868,182,22,160,8,152,66,86
62,869,842,106,736,62,674,306,368
62,870,771,82,689,46,643,298,345
62,871,164,17,147,11,136,68,68
62,872,186,37,149,11,138,57,81
62,873,480,59,421,29,392,204,188
62,874,515,52,463,27,436,230,206
62,875,879,108,771,95,676,357,319
62,876,103,11,92,7,85,50,35
62,877,129,13,116,5,111,41,70
62,878,341,50,291,20,271,105,166
62,879,201,31,170,10,160,97,63
62,880,151,17,134,8,126,45,81
62,881,298,39,259,16,243,98,145
62,882,973,112,861,71,790,437,353
62,883,139,16,123,10,113,35,78
62,885,181,23,158,10,148,64,84
62,886,170,20,150,8,142,64,78
62,887,224,31,193,10,183,81,102
62,888,197,27,170,12,158,74,84
62,889,648,90,558,34,524,192,332
62,890,142,22,120,4,116,29,87
62,891,111,9,102,8,94,52,42
62,892,505,82,423,29,394,197,197
62,893,5904,1239,4665,300,4365,2259,2106
62,894,3336,646,2690,159,2531,1374,1157
62,895,6172,1499,4673,376,4297,2772,1525
62,896,586,52,534,23,511,166,345
62,897,429,38,391,24,367,142,225
62,898,207,18,189,10,179,54,125
62,899,992,156,836,42,794,334,460
62,900,456,92,364,17,347,221,126
62,901,677,111,566,53,513,270,243
62,902,2451,330,2121,153,1968,1184,784
62,903,410,50,360,28,332,143,189
62,904,399,60,339,33,306,143,163
62,905,621,53,568,31,537,248,289
62,906,1360,266,1094,74,1020,518,502
62,907,5679,1330,4349,311,4038,2589,1449
62,908,1240,138,1102,55,1047,460,587
62,909,314,60,254,19,235,105,130
63,1,1535,264,1271,99,1172,669,503
63,2,108,23,85,7,78,36,42
63,3,5008,923,4085,298,3787,2034,1753
63,4,1327,197,1130,58,1072,752,320
63,5,304,47,257,18,239,131,108
63,6,233,41,192,13,179,100,79
63,7,201,32,169,11,158,88,70
63,8,525,76,449,43,406,188,218
63,9,449,97,352,21,331,195,136
63,10,1379,269,1110,84,1026,536,490
63,11,187,26,161,9,152,79,73
63,12,625,54,571,47,524,270,254
63,13,705,79,626,35,591,337,254
63,14,6470,1235,5235,292,4943,2959,1984
63,15,206,29,177,14,163,92,71
63,16,771,138,633,37,596,366,230
63,17,126,16,110,9,101,64,37
63,18,334,40,294,16,278,154,124
63,19,2827,523,2304,160,2144,1448,696
63,20,231,28,203,17,186,82,104
63,21,484,45,439,37,402,254,148
63,22,1786,380,1406,84,1322,992,330
63,23,325,60,265,19,246,145,101
63,24,204,25,179,5,174,80,94
63,25,143,19,124,7,117,68,49
63,26,1858,227,1631,108,1523,946,577
63,27,139,35,104,14,90,48,42
63,28,463,58,405,30,375,204,171
63,29,198,26,172,16,156,125,31
63,30,204,25,179,19,160,100,60
63,31,344,69,275,21,254,184,70
63,32,8539,1781,6758,349,6409,3903,2506
63,33,230,32,198,23,175,110,65
63,34,954,114,840,58,782,460,322
63,35,742,80,662,49,613,367,246
63,36,306,35,271,19,252,153,99
63,37,408,66,342,40,302,174,128
63,38,1473,245,1228,80,1148,505,643
63,39,276,41,235,17,218,125,93
63,40,3037,425,2612,155,2457,1617,840
63,41,253,42,211,12,199,146,53
63,42,2898,472,2426,112,2314,1424,890
63,43,357,68,289,21,268,172,96
63,44,300,41,259,23,236,162,74
63,45,428,42,386,29,357,228,129
63,46,224,35,189,14,175,106,69
63,47,1502,285,1217,69,1148,615,533
63,48,768,112,656,32,624,392,232
63,49,558,83,475,43,432,261,171
63,50,2557,478,2079,124,1955,1361,594
63,51,496,61,435,33,402,268,134
63,52,775,116,659,48,611,385,226
63,53,299,47,252,23,229,133,96
63,54,512,50,462,35,427,245,182
63,55,801,138,663,48,615,335,280
63,56,302,56,246,9,237,154,83
63,57,282,57,225,13,212,121,91
63,58,370,47,323,25,298,187,111
63,59,174,25,149,7,142,104,38
63,60,112,20,92,6,86,52,34
63,61,302,50,252,35,217,132,85
63,62,172,13,159,14,145,109,36
63,63,5797,1099,4698,276,4422,2681,1741
63,64,91,21,70,4,66,44,22
63,65,151,16,135,11,124,79,45
63,66,1380,252,1128,114,1014,586,428
63,67,142,14,128,12,116,68,48
63,68,720,97,623,38,585,357,228
63,69,3732,571,3161,200,2961,1826,1135
63,70,4726,788,3938,210,3728,2107,1621
63,71,514,45,469,40,429,239,190
63,72,1056,190,866,79,787,527,260
63,73,325,44,281,10,271,195,76
63,74,142,19,123,10,113,92,21
63,75,12278,1979,10299,514,9785,4312,5473
63,76,172,35,137,7,130,77,53
63,77,402,57,345,28,317,147,170
63,78,156,13,143,10,133,57,76
63,79,124,11,113,7,106,54,52
63,80,984,157,827,68,759,506,253
63,81,214,37,177,7,170,107,63
63,82,308,38,270,8,262,173,89
63,83,722,93,629,36,593,356,237
63,84,1379,138,1241,74,1167,717,450
63,85,938,148,790,76,714,491,223
63,86,347,48,299,26,273,151,122
63,87,76,10,66,1,65,21,44
63,88,77,13,64,5,59,32,27
63,89,1167,152,1015,72,943,569,374
63,90,360,49,311,24,287,154,133
63,91,657,93,564,23,541,382,159
63,92,1266,177,1089,91,998,659,339
63,93,797,97,700,59,641,369,272
63,94,449,78,371,32,339,162,177
63,95,163,27,136,12,124,79,45
63,96,293,40,253,23,230,138,92
63,97,93,13,80,6,74,33,41
63,98,297,54,243,2,241,104,137
63,99,2397,322,2075,116,1959,1138,821
63,100,274,37,237,14,223,142,81
63,101,86,16,70,8,62,37,25
63,102,668,99,569,44,525,347,178
63,103,4639,718,3921,237,3684,1861,1823
63,104,152,16,136,9,127,55,72
63,105,176,24,152,13,139,66,73
63,106,1165,140,1025,87,938,630,308
63,107,324,37,287,15,272,176,96
63,108,480,50,430,36,394,227,167
63,109,323,22,301,22,279,159,120
63,110,392,53,339,20,319,199,120
63,111,80,3,77,3,74,58,16
63,112,338,33,305,20,285,154,131
63,113,70348,14197,56151,2888,53263,34794,18469
63,114,136,12,124,13,111,58,53
63,115,193,32,161,12,149,105,44
63,116,1556,295,1261,101,1160,701,459
63,117,153,38,115,7,108,37,71
63,118,462,88,374,17,357,191,166
63,119,206,34,172,19,153,102,51
63,120,529,83,446,33,413,265,148
63,121,857,104,753,48,705,490,215
63,122,80,11,69,2,67,47,20
63,123,191,24,167,4,163,57,106
63,124,13388,1730,11658,702,10956,6820,4136
63,125,3256,531,2725,216,2509,1562,947
63,126,966,119,847,63,784,501,283
63,127,57,15,42,6,36,18,18
63,128,726,93,633,45,588,350,238
63,129,178,28,150,7,143,77,66
63,130,267,30,237,18,219,113,106
63,131,725,130,595,60,535,314,221
63,132,961,160,801,54,747,490,257
63,133,955,115,840,61,779,417,362
63,134,77,9,68,2,66,31,35
63,135,400,37,363,33,330,206,124
63,136,308,30,278,30,248,165,83
63,137,187,37,150,17,133,88,45
63,138,513,69,444,35,409,264,145
63,139,612,120,492,54,438,241,197
63,140,194,31,163,18,145,88,57
63,141,1518,225,1293,59,1234,667,567
63,142,223,24,199,18,181,102,79
63,143,766,91,675,45,630,342,288
63,144,431,72,359,28,331,145,186
63,145,145,31,114,5,109,71,38
63,146,682,80,602,38,564,366,198
63,147,275,25,250,19,231,98,133
63,148,1620,192,1428,91,1337,788,549
63,149,540,65,475,32,443,268,175
63,150,1005,101,904,69,835,557,278
63,151,1083,154,929,89,840,521,319
63,152,289,52,237,31,206,130,76
63,153,131,34,97,5,92,45,47
63,154,272,37,235,22,213,137,76
63,155,313,39,274,27,247,146,101
63,156,72,13,59,2,57,45,12
63,157,284,40,244,20,224,137,87
63,158,120,31,89,6,83,52,31
63,159,135,22,113,10,103,40,63
63,160,400,56,344,30,314,212,102
63,161,282,48,234,19,215,142,73
63,162,328,52,276,19,257,139,118
63,163,775,120,655,52,603,291,312
63,164,6822,1333,5489,350,5139,3294,1845
63,165,739,140,599,38,561,320,241
63,166,201,24,177,9,168,114,54
63,167,353,56,297,27,270,193,77
63,168,449,77,372,34,338,227,111
63,169,36,4,32,2,30,9,21
63,170,533,73,460,28,432,246,186
63,171,324,49,275,21,254,180,74
63,172,51,10,41,4,37,21,16
63,173,189,34,155,14,141,92,49
63,174,129,26,103,3,100,69,31
63,175,236,23,213,16,197,97,100
63,176,108,16,92,7,85,52,33
63,177,316,47,269,11,258,168,90
63,178,9947,1889,8058,523,7535,4365,3170
63,179,788,121,667,73,594,333,261
63,180,829,129,700,47,653,316,337
63,181,346,35,311,311,0,0,0
63,182,487,73,414,32,382,264,118
63,183,85,13,72,5,67,33,34
63,184,269,34,235,25,210,149,61
63,185,471,86,385,22,363,264,99
63,186,192,18,174,9,165,85,80
63,187,487,84,403,23,380,262,118
63,188,436,56,380,20,360,224,136
63,189,304,41,263,26,237,93,144
63,190,301,56,245,9,236,139,97
63,191,120,20,100,15,85,44,41
63,192,594,80,514,24,490,291,199
63,193,6333,1072,5261,383,4878,3035,1843
63,194,249,43,206,21,185,123,62
63,195,3802,675,3127,238,2889,1667,1222
63,196,509,61,448,36,412,277,135
63,197,95,11,84,8,76,54,22
63,198,896,137,759,71,688,448,240
63,199,338,57,281,22,259,168,91
63,200,623,79,544,35,509,286,223
63,201,712,106,606,70,536,308,228
63,202,106,11,95,6,89,57,32
63,203,787,74,713,33,680,412,268
63,204,732,113,619,52,567,337,230
63,205,354,48,306,21,285,183,102
63,206,1041,178,863,47,816,528,288
63,207,728,124,604,54,550,334,216
63,208,229,40,189,14,175,105,70
63,209,164,14,150,6,144,80,64
63,210,1897,401,1496,105,1391,822,569
63,211,1131,219,912,81,831,445,386
63,212,908,105,803,43,760,329,431
63,213,1393,156,1237,72,1165,623,542
63,214,3019,523,2496,178,2318,1550,768
63,215,459,55,404,43,361,211,150
63,216,85,6,79,3,76,50,26
63,218,158,32,126,14,112,54,58
63,219,536,48,488,38,450,287,163
63,220,122,25,97,9,88,30,58
63,221,131,23,108,12,96,46,50
63,222,365,59,306,28,278,164,114
63,223,508,77,431,34,397,243,154
63,224,1316,199,1117,103,1014,624,390
63,225,1065,183,882,50,832,618,214
63,226,1385,147,1238,76,1162,747,415
63,227,1728,197,1531,88,1443,839,604
63,228,319,38,281,23,258,154,104
63,229,837,103,734,54,680,428,252
63,230,207,40,167,11,156,96,60
63,231,1190,256,934,74,860,550,310
63,232,372,52,320,23,297,185,112
63,233,807,144,663,47,616,414,202
63,234,632,111,521,37,484,293,191
63,235,351,41,310,19,291,200,91
63,236,1222,237,985,57,928,407,521
63,237,431,83,348,26,322,144,178
63,238,189,19,170,17,153,89,64
63,239,533,66,467,30,437,286,151
63,240,339,45,294,20,274,147,127
63,241,296,28,268,6,262,125,137
63,242,315,56,259,21,238,175,63
63,243,235,31,204,14,190,102,88
63,244,376,51,325,25,300,172,128
63,245,2753,344,2409,148,2261,1365,896
63,246,424,58,366,14,352,219,133
63,247,490,63,427,37,390,168,222
63,248,588,40,548,39,509,282,227
63,249,379,54,325,27,298,178,120
63,250,663,110,553,23,530,382,148
63,251,269,31,238,11,227,193,34
63,252,315,46,269,15,254,137,117
63,253,169,29,140,13,127,81,46
63,254,1589,205,1384,82,1302,802,500
63,255,230,38,192,14,178,127,51
63,256,137,0,137,28,109,49,60
63,257,566,62,504,36,468,302,166
63,258,642,102,540,38,502,270,232
63,259,232,15,217,10,207,136,71
63,260,160,27,133,7,126,91,35
63,261,687,87,600,35,565,363,202
63,262,2119,275,1844,123,1721,1036,685
63,263,2686,289,2397,138,2259,1176,1083
63,264,200,21,179,19,160,82,78
63,265,1659,267,1392,104,1288,630,658
63,266,187,39,148,17,131,78,53
63,267,435,55,380,40,340,183,157
63,268,196,18,178,9,169,105,64
63,269,623,90,533,36,497,331,166
63,270,414,50,364,29,335,203,132
63,271,1169,168,1001,84,917,667,250
63,272,2146,322,1824,105,1719,874,845
63,273,1241,142,1099,65,1034,680,354
63,274,334,41,293,22,271,139,132
63,275,661,86,575,41,534,312,222
63,276,1756,274,1482,104,1378,853,525
63,277,72,7,65,8,57,32,25
63,278,411,58,353,26,327,186,141
63,279,360,71,289,16,273,154,119
63,280,236,19,217,14,203,142,61
63,281,724,111,613,53,560,345,215
63,282,1079,170,909,57,852,554,298
63,283,514,79,435,26,409,217,192
63,284,7460,1170,6290,415,5875,3268,2607
63,285,512,78,434,26,408,243,165
63,286,222,29,193,9,184,111,73
63,287,238,34,204,8,196,128,68
63,288,339,38,301,20,281,184,97
63,289,278,44,234,28,206,144,62
63,290,331,45,286,13,273,175,98
63,291,2019,349,1670,151,1519,961,558
63,292,141,26,115,10,105,57,48
63,293,206,44,162,15,147,108,39
63,294,222,37,185,20,165,107,58
63,295,1020,186,834,74,760,430,330
63,296,558,84,474,38,436,295,141
63,297,278,43,235,12,223,143,80
63,298,132,12,120,9,111,72,39
63,299,108,12,96,12,84,42,42
63,300,11415,1810,9605,579,9026,5599,3427
63,301,587,84,503,42,461,299,162
63,302,2392,265,2127,112,2015,1236,779
63,303,68,15,53,1,52,13,39
63,304,86,11,75,5,70,45,25
63,305,605,68,537,28,509,304,205
63,306,502,44,458,38,420,251,169
63,307,6007,854,5153,285,4868,2974,1894
63,308,3365,524,2841,171,2670,1328,1342
63,309,300,57,243,21,222,108,114
63,310,196,36,160,14,146,96,50
63,311,248,16,232,24,208,127,81
63,312,221,53,168,11,157,91,66
63,313,172,33,139,6,133,51,82
63,314,438,64,374,29,345,224,121
63,315,1223,152,1071,73,998,636,362
63,317,416,54,362,22,340,206,134
63,318,358,60,298,15,283,218,65
63,319,823,161,662,36,626,273,353
63,320,228,35,193,15,178,74,104
63,321,716,97,619,49,570,381,189
63,322,1578,182,1396,89,1307,792,515
63,323,181,42,139,14,125,69,56
63,324,245,49,196,17,179,88,91
63,325,306,33,273,24,249,167,82
63,326,383,37,346,29,317,179,138
63,327,1454,165,1289,77,1212,750,462
63,328,88,16,72,15,57,32,25
63,329,138,17,121,7,114,86,28
63,330,273,51,222,19,203,114,89
63,331,246,42,204,16,188,93,95
63,332,458,73,385,33,352,171,181
63,333,194,39,155,12,143,73,70
63,334,482,66,416,49,367,227,140
63,335,336,54,282,19,263,146,117
63,336,256,51,205,13,192,100,92
63,337,72,11,61,3,58,44,14
63,338,3090,674,2416,182,2234,1381,853
63,339,132,25,107,5,102,70,32
63,340,252,26,226,17,209,119,90
63,341,497,77,420,38,382,197,185
63,342,247,37,210,14,196,118,78
63,343,247,37,210,15,195,115,80
63,344,149,36,113,13,100,64,36
63,345,2619,322,2297,154,2143,1296,847
63,346,277,39,238,18,220,96,124
63,347,406,43,363,27,336,191,145
63,348,172,25,147,10,137,101,36
63,349,1625,315,1310,84,1226,829,397
63,350,961,129,832,62,770,494,276
63,351,89,13,76,8,68,51,17
63,352,1245,169,1076,66,1010,717,293
63,353,480,110,370,18,352,202,150
63,354,1067,163,904,59,845,560,285
63,355,202,34,168,20,148,97,51
63,356,201,20,181,15,166,103,63
63,357,99,18,81,3,78,39,39
63,358,303,44,259,16,243,158,85
63,359,106,23,83,4,79,40,39
63,360,207,37,170,14,156,97,59
63,362,643,93,550,24,526,314,212
63,363,280,38,242,14,228,127,101
63,364,367,52,315,17,298,196,102
63,365,365,57,308,14,294,202,92
63,366,273,28,245,13,232,149,83
63,367,107,15,92,5,87,65,22
63,368,876,110,766,65,701,448,253
63,369,120,18,102,2,100,60,40
63,370,327,35,292,29,263,135,128
63,371,193,34,159,15,144,95,49
63,372,384,45,339,32,307,178,129
63,373,175,19,156,7,149,99,50
63,374,252,43,209,26,183,119,64
63,375,106,11,95,10,85,37,48
63,376,159,30,129,5,124,79,45
63,377,345,57,288,29,259,181,78
63,378,684,65,619,30,589,391,198
63,379,390,39,351,26,325,177,148
63,380,575,107,468,39,429,232,197
63,381,1215,143,1072,79,993,628,365
63,382,354,58,296,23,273,175,98
63,383,218,27,191,13,178,111,67
63,384,157,28,129,16,113,52,61
63,385,289,41,248,11,237,101,136
63,386,330,52,278,16,262,135,127
63,387,686,109,577,45,532,315,217
63,388,625,97,528,33,495,313,182
63,389,85,9,76,7,69,45,24
63,390,301,44,257,15,242,126,116
63,391,205,30,175,10,165,104,61
63,392,421,33,388,31,357,236,121
63,393,1377,236,1141,88,1053,537,516
63,394,240,28,212,21,191,99,92
63,395,609,99,510,37,473,307,166
63,396,898,85,813,62,751,485,266
63,397,956,102,854,45,809,446,363
63,398,113,25,88,6,82,38,44
63,399,98,13,85,6,79,47,32
63,400,888,127,761,62,699,399,300
63,401,209,27,182,15,167,69,98
63,402,261,48,213,17,196,133,63
63,403,312,43,269,22,247,150,97
63,404,365,47,318,10,308,182,126
63,405,424,57,367,18,349,238,111
63,406,240,15,225,17,208,118,90
63,407,236,30,206,18,188,77,111
63,408,158,17,141,7,134,95,39
63,409,187,29,158,13,145,88,57
63,410,146,25,121,15,106,56,50
63,411,345,36,309,30,279,202,77
63,412,500,55,445,27,418,154,264
63,413,539,63,476,33,443,285,158
63,414,424,56,368,21,347,209,138
63,415,861,97,764,65,699,460,239
63,416,118,19,99,12,87,53,34
63,417,1831,229,1602,97,1505,780,725
63,418,456,79,377,12,365,228,137
63,419,497,95,402,22,380,199,181
63,420,464,74,390,31,359,199,160
63,421,196,27,169,12,157,84,73
63,422,385,62,323,25,298,147,151
63,423,510,80,430,30,400,253,147
63,424,396,49,347,32,315,176,139
63,425,1107,133,974,48,926,531,395
63,426,721,91,630,37,593,339,254
63,427,351,60,291,27,264,152,112
63,428,252,25,227,22,205,144,61
63,429,42,4,38,2,36,25,11
63,430,8198,1670,6528,438,6090,3857,2233
63,431,140,20,120,15,105,59,46
63,432,615,72,543,40,503,304,199
63,433,80,9,71,4,67,32,35
63,434,494,75,419,40,379,251,128
63,435,204,31,173,16,157,112,45
63,436,71,5,66,3,63,30,33
63,437,153,23,130,9,121,56,65
63,438,371,28,343,38,305,175,130
63,439,199,31,168,8,160,118,42
63,440,162,31,131,7,124,42,82
63,441,248,36,212,15,197,126,71
63,442,53,10,43,1,42,17,25
63,443,288,28,260,20,240,121,119
63,444,172,25,147,6,141,94,47
63,445,194,25,169,12,157,86,71
63,446,339,29,310,22,288,153,135
63,447,94,12,82,4,78,64,14
63,448,623,129,494,32,462,274,188
63,449,242,44,198,14,184,74,110
63,450,247,38,209,10,199,125,74
63,451,298,39,259,16,243,106,137
63,452,62,9,53,6,47,27,20
63,453,2095,366,1729,106,1623,1018,605
63,454,515,101,414,46,368,179,189
63,455,2996,468,2528,149,2379,1340,1039
63,456,206,23,183,20,163,108,55
63,457,3815,571,3244,190,3054,2039,1015
63,458,122,12,110,3,107,69,38
63,459,350,69,281,31,250,123,127
63,460,339,71,268,18,250,140,110
63,461,266,45,221,18,203,108,95
63,462,222,38,184,19,165,98,67
63,463,544,87,457,36,421,227,194
63,464,303,39,264,24,240,159,81
63,465,386,45,341,33,308,122,186
63,466,157,13,144,10,134,89,45
63,467,63,13,50,2,48,28,20
63,468,349,71,278,29,249,118,131
63,469,605,72,533,30,503,282,221
63,470,3259,564,2695,179,2516,1787,729
63,471,845,113,732,56,676,497,179
63,472,523,51,472,30,442,271,171
63,473,285,19,266,20,246,131,115
64,1,157,14,143,13,130,61,69
64,2,121,17,104,8,96,39,57
64,3,180,19,161,13,148,99,49
64,4,91,10,81,7,74,46,28
64,5,463,57,406,29,377,216,161
64,6,416,44,372,17,355,250,105
64,7,777,79,698,41,657,463,194
64,8,253,36,217,16,201,112,89
64,9,1357,189,1168,73,1095,572,523
64,10,530,80,450,24,426,243,183
64,11,95,19,76,6,70,35,35
64,12,121,14,107,10,97,36,61
64,13,133,21,112,8,104,63,41
64,14,551,87,464,48,416,192,224
64,15,214,36,178,15,163,101,62
64,16,325,76,249,7,242,119,123
64,17,254,38,216,14,202,129,73
64,18,355,29,326,17,309,128,181
64,19,168,28,140,21,119,52,67
64,20,197,22,175,13,162,103,59
64,21,509,61,448,45,403,216,187
64,22,106,11,95,7,88,49,39
64,23,726,93,633,47,586,397,189
64,24,28824,4730,24094,1339,22755,11968,10787
64,25,102,12,90,4,86,36,50
64,26,267,39,228,25,203,113,90
64,27,145,14,131,11,120,67,53
64,28,129,15,114,11,103,71,32
64,29,532,50,482,19,463,269,194
64,31,97,11,86,2,84,49,35
64,32,145,13,132,9,123,68,55
64,33,85,12,73,7,66,41,25
64,34,242,24,218,17,201,123,78
64,35,1463,203,1260,74,1186,563,623
64,36,234,35,199,11,188,114,74
64,37,869,131,738,37,701,406,295
64,38,2625,395,2230,120,2110,970,1140
64,39,180,21,159,16,143,98,45
64,40,984,122,862,65,797,463,334
64,41,498,55,443,33,410,222,188
64,42,513,54,459,34,425,271,154
64,43,195,20,175,5,170,100,70
64,44,78,12,66,1,65,36,29
64,45,73,11,62,4,58,19,39
64,46,317,33,284,16,268,109,159
64,47,253,59,194,8,186,76,110
64,48,67,10,57,1,56,28,28
64,49,203,43,160,13,147,78,69
64,50,81,10,71,0,71,44,27
64,51,307,53,254,20,234,132,102
64,52,84,15,69,6,63,33,30
64,53,129,22,107,9,98,53,45
64,54,630,91,539,46,493,329,164
64,56,118,15,103,11,92,62,30
64,57,1497,237,1260,91,1169,720,449
64,58,483,82,401,36,365,211,154
64,59,711,64,647,47,600,359,241
64,60,1178,135,1043,56,987,549,438
64,61,2428,305,2123,131,1992,1252,740
64,62,1896,301,1595,73,1522,1074,448
64,63,774,88,686,38,648,391,257
64,64,404,58,346,19,327,206,121
64,65,3355,433,2922,188,2734,1304,1430
64,66,251,33,218,14,204,105,99
64,67,1248,133,1115,90,1025,619,406
64,68,1519,157,1362,113,1249,687,562
64,69,221,31,190,13,177,83,94
64,70,231,20,211,10,201,97,104
64,71,175,21,154,12,142,63,79
64,72,525,76,449,30,419,259,160
64,73,194,24,170,17,153,96,57
64,74,51,7,44,0,44,24,20
64,75,152,15,137,17,120,69,51
64,77,123,21,102,6,96,64,32
64,78,209,21,188,14,174,89,85
64,79,102,12,90,5,85,50,35
64,80,527,65,462,41,421,217,204
64,81,218,30,188,14,174,106,68
64,82,103,21,82,6,76,38,38
64,83,138,19,119,11,108,69,39
64,84,116,17,99,7,92,44,48
64,85,127,18,109,5,104,69,35
64,86,745,112,633,42,591,356,235
64,87,588,62,526,31,495,327,168
64,88,206,30,176,19,157,100,57
64,89,110,14,96,12,84,31,53
64,90,109,8,101,9,92,46,46
64,91,320,42,278,22,256,141,115
64,92,307,61,246,13,233,116,117
64,93,625,103,522,48,474,253,221
64,94,1182,139,1043,48,995,507,488
64,95,408,37,371,21,350,232,118
64,96,143,18,125,9,116,75,41
64,97,472,51,421,35,386,238,148
64,98,64,6,58,6,52,28,24
64,99,96,11,85,10,75,43,32
64,100,1937,206,1731,87,1644,756,888
64,101,405,54,351,22,329,222,107
64,102,28465,6266,22199,1115,21084,12494,8590
64,103,167,27,140,9,131,78,53
64,104,465,48,417,26,391,263,128
64,105,238,33,205,10,195,79,116
64,106,350,41,309,25,284,165,119
64,107,63,9,54,2,52,23,29
64,108,704,97,607,45,562,374,188
64,109,1508,206,1302,93,1209,696,513
64,110,201,33,168,13,155,119,36
64,111,96,17,79,16,63,41,22
64,112,336,38,298,36,262,139,123
64,113,91,8,83,3,80,48,32
64,114,457,53,404,26,378,221,157
64,115,105,14,91,5,86,55,31
64,116,243,26,217,14,203,120,83
64,117,116,19,97,6,91,56,35
64,118,51,9,42,2,40,31,9
64,119,442,49,393,29,364,193,171
64,120,417,48,369,27,342,193,149
64,121,144,18,126,5,121,63,58
64,122,22628,4982,17646,1066,16580,7513,9067
64,123,1052,160,892,63,829,454,375
64,124,554,89,465,25,440,200,240
64,125,4945,857,4088,222,3866,1918,1948
64,126,967,121,846,42,804,541,263
64,127,399,57,342,16,326,214,112
64,128,168,22,146,9,137,98,39
64,129,8753,1773,6980,417,6563,3861,2702
64,130,713,107,606,30,576,386,190
64,131,468,54,414,18,396,249,147
64,132,3630,552,3078,187,2891,1546,1345
64,133,885,129,756,64,692,419,273
64,134,255,40,215,16,199,116,83
64,135,575,71,504,29,475,382,93
64,136,102,13,89,7,82,59,23
64,137,569,59,510,45,465,306,159
64,138,1760,233,1527,101,1426,905,521
64,139,857,99,758,42,716,399,317
64,140,5760,900,4860,296,4564,2986,1578
64,141,310,29,281,17,264,106,158
64,142,565,60,505,44,461,239,222
64,143,90,8,82,10,72,20,52
64,144,120,14,106,8,98,53,45
64,145,313,41,272,20,252,150,102
64,146,246,38,208,14,194,101,93
64,147,1911,266,1645,104,1541,911,630
64,148,702,84,618,50,568,332,236
64,149,193,24,169,14,155,66,89
64,150,116,15,101,6,95,65,30
64,151,83,20,63,7,56,32,24
64,152,1482,225,1257,71,1186,598,588
64,153,64,13,51,1,50,28,22
64,154,153,24,129,8,121,59,62
64,155,83,15,68,5,63,35,28
64,156,342,44,298,17,281,216,65
64,157,755,86,669,42,627,430,197
64,158,159,12,147,9,138,93,45
64,159,92,17,75,5,70,52,18
64,160,4369,822,3547,233,3314,1760,1554
64,161,622,93,529,28,501,252,249
64,162,97,10,87,12,75,47,28
64,165,203,25,178,15,163,78,85
64,166,172,28,144,9,135,77,58
64,167,170,24,146,11,135,81,54
64,168,460,48,412,23,389,229,160
64,170,168,13,155,12,143,94,49
64,171,163,19,144,7,137,79,58
64,172,166,17,149,13,136,78,58
64,173,106,13,93,5,88,55,33
64,174,54,11,43,7,36,31,5
64,175,150,20,130,8,122,78,44
64,176,153,24,129,18,111,47,64
64,177,537,60,477,34,443,243,200
64,178,346,60,286,11,275,154,121
64,179,138,15,123,10,113,57,56
64,180,147,13,134,10,124,75,49
64,181,236,25,211,16,195,107,88
64,182,62,15,47,11,36,24,12
64,183,401,38,363,23,340,138,202
64,184,368,32,336,23,313,162,151
64,185,87,16,71,6,65,47,18
64,186,207,42,165,18,147,69,78
64,187,190,34,156,9,147,87,60
64,188,903,143,760,47,713,460,253
64,189,5560,782,4778,254,4524,2478,2046
64,190,175,23,152,12,140,87,53
64,191,1771,308,1463,107,1356,845,511
64,192,89,12,77,8,69,30,39
64,193,90,15,75,3,72,49,23
64,194,266,38,228,20,208,126,82
64,195,93,8,85,4,81,40,41
64,196,112,19,93,5,88,57,31
64,197,165,21,144,12,132,70,62
64,198,1317,193,1124,77,1047,616,431
64,199,101,19,82,7,75,51,24
64,200,145,10,135,11,124,66,58
64,201,164,25,139,13,126,70,56
64,202,411,59,352,25,327,177,150
64,203,210,15,195,11,184,103,81
64,204,361,66,295,11,284,167,117
64,205,184,22,162,16,146,80,66
64,206,119,19,100,9,91,54,37
64,207,309,44,265,22,243,165,78
64,208,227,37,190,8,182,100,82
64,209,368,46,322,32,290,199,91
64,210,137,14,123,8,115,75,40
64,211,175,14,161,12,149,104,45
64,212,129,11,118,7,111,59,52
64,213,1647,270,1377,83,1294,684,610
64,214,440,73,367,18,349,188,161
64,215,47,7,40,3,37,18,19
64,216,748,94,654,39,615,332,283
64,217,454,67,387,31,356,228,128
64,218,307,55,252,18,234,107,127
64,219,231,23,208,10,198,123,75
64,220,426,39,387,26,361,219,142
64,221,106,15,91,8,83,41,42
64,222,65,16,49,6,43,36,7
64,223,97,8,89,13,76,56,20
64,224,564,74,490,37,453,314,139
64,225,400,34,366,27,339,193,146
64,226,134,29,105,6,99,51,48
64,227,525,81,444,26,418,244,174
64,228,189,34,155,18,137,71,66
64,229,89,12,77,5,72,38,34
64,230,4109,568,3541,244,3297,1861,1436
64,231,441,52,389,24,365,192,173
64,232,173,23,150,15,135,60,75
64,233,913,90,823,50,773,438,335
64,234,168,29,139,10,129,62,67
64,235,264,36,228,10,218,109,109
64,236,63,9,54,6,48,17,31
64,237,2551,354,2197,128,2069,1190,879
64,238,1536,203,1333,92,1241,729,512
64,239,92,14,78,6,72,52,20
64,240,192,22,170,15,155,83,72
64,241,373,50,323,35,288,197,91
64,242,61,3,58,2,56,42,14
64,243,152,23,129,10,119,57,62
64,244,200,13,187,6,181,108,73
64,245,466,54,412,26,386,287,99
64,246,173,14,159,13,146,90,56
64,247,404,67,337,20,317,223,94
64,249,1170,183,987,51,936,472,464
64,250,663,69,594,41,553,287,266
64,251,204,38,166,15,151,86,65
64,252,581,44,537,31,506,336,170
64,253,340,58,282,22,260,145,115
64,254,426,55,371,22,349,234,115
64,255,432,71,361,28,333,195,138
64,256,4837,740,4097,289,3808,2152,1656
64,257,247,27,220,13,207,116,91
64,258,103,18,85,6,79,60,19
64,259,539,60,479,41,438,246,192
64,260,8262,1761,6501,294,6207,4183,2024
64,261,313,48,265,24,241,161,80
64,262,213,19,194,24,170,90,80
64,263,133,22,111,6,105,54,51
64,264,66,7,59,6,53,15,38
64,265,76,14,62,5,57,15,42
64,266,174,21,153,17,136,76,60
64,267,85,13,72,6,66,29,37
64,268,224,33,191,9,182,102,80
64,269,3338,414,2924,169,2755,1442,1313
64,270,705,93,612,41,571,340,231
64,271,419,65,354,33,321,146,175
64,272,125,11,114,5,109,39,70
64,273,662,68,594,43,551,314,237
64,274,272,45,227,20,207,104,103
64,275,506,93,413,21,392,256,136
64,276,231,43,188,11,177,117,60
64,277,289,41,248,16,232,133,99
64,279,1620,223,1397,106,1291,704,587
64,280,352,54,298,10,288,221,67
64,281,132,20,112,10,102,56,46
64,282,842,109,733,56,677,389,288
64,283,168,31,137,12,125,62,63
64,284,5408,851,4557,256,4301,2407,1894
64,285,161,28,133,7,126,48,78
64,286,329,23,306,21,285,180,105
64,287,121,24,97,5,92,38,54
64,288,369,32,337,15,322,190,132
64,289,724,109,615,38,577,286,291
64,290,386,24,362,26,336,195,141
64,291,264,35,229,12,217,122,95
64,292,200,28,172,13,159,94,65
64,293,136,19,117,13,104,53,51
64,294,141,23,118,10,108,50,58
64,295,91,7,84,6,78,50,28
64,296,104,17,87,7,80,42,38
64,297,124,13,111,7,104,56,48
64,298,101,18,83,4,79,51,28
64,299,161,16,145,11,134,76,58
64,300,561,74,487,39,448,274,174
64,301,920,166,754,41,713,458,255
64,302,389,55,334,24,310,192,118
64,303,153,28,125,10,115,83,32
64,304,1788,294,1494,104,1390,857,533
64,305,366,55,311,25,286,167,119
64,306,597,60,537,43,494,313,181
64,307,158,27,131,4,127,79,48
64,308,229,24,205,17,188,100,88
64,309,167,21,146,14,132,74,58
64,310,460,42,418,40,378,225,153
64,311,136,14,122,7,115,69,46
64,312,253,20,233,10,223,147,76
64,313,243,26,217,7,210,93,117
64,314,329,37,292,9,283,129,154
64,315,791,74,717,53,664,429,235
64,316,209,38,171,11,160,125,35
64,317,1301,170,1131,74,1057,561,496
64,318,149,24,125,11,114,70,44
64,319,166,30,136,12,124,58,66
64,320,1252,170,1082,51,1031,653,378
64,321,197,21,176,12,164,85,79
64,322,274,60,214,17,197,95,102
64,323,80,18,62,6,56,34,22
64,324,1378,168,1210,89,1121,685,436
64,325,166,20,146,7,139,83,56
64,326,83,8,75,4,71,38,33
64,327,172,30,142,11,131,86,45
64,328,918,98,820,71,749,521,228
64,329,949,131,818,34,784,391,393
64,330,261,42,219,10,209,130,79
64,331,588,75,513,33,480,278,202
64,332,132,18,114,7,107,75,32
64,334,174,16,158,7,151,99,52
64,335,7073,936,6137,345,5792,3176,2616
64,336,249,38,211,11,200,122,78
64,337,127,24,103,11,92,53,39
64,338,130,12,118,8,110,52,58
64,339,658,119,539,34,505,297,208
64,340,72,7,65,11,54,41,13
64,341,113,19,94,7,87,40,47
64,342,214,36,178,10,168,111,57
64,343,357,33,324,13,311,187,124
64,344,313,38,275,15,260,137,123
64,345,169,25,144,11,133,59,74
64,346,169,21,148,24,124,60,64
64,347,137,18,119,5,114,45,69
64,348,9047,1376,7671,471,7200,4039,3161
64,349,379,64,315,30,285,176,109
64,350,603,125,478,37,441,232,209
64,351,140,14,126,15,111,43,68
64,352,244,25,219,23,196,128,68
64,353,936,150,786,58,728,486,242
64,354,123,25,98,7,91,66,25
64,355,105,23,82,9,73,44,29
64,356,91,18,73,5,68,47,21
64,357,53,10,43,2,41,24,17
64,358,249,38,211,18,193,114,79
64,359,814,130,684,43,641,394,247
64,360,188,40,148,8,140,79,61
64,361,139,29,110,6,104,59,45
64,362,213,21,192,19,173,91,82
64,363,294,51,243,14,229,117,112
64,364,455,65,390,36,354,173,181
64,365,367,59,308,24,284,158,126
64,366,115,9,106,11,95,62,33
64,367,612,59,553,45,508,302,206
64,368,191,31,160,13,147,76,71
64,369,215,19,196,14,182,95,87
64,370,400,52,348,29,319,172,147
64,371,2370,347,2023,112,1911,1298,613
64,372,85,9,76,12,64,36,28
64,373,1618,257,1361,92,1269,817,452
64,374,804,115,689,59,630,319,311
64,375,213,44,169,13,156,61,95
64,376,647,74,573,42,531,281,250
64,377,610,85,525,44,481,293,188
64,378,189,36,153,8,145,106,39
64,379,171,30,141,15,126,74,52
64,380,178,23,155,19,136,61,75
64,381,250,36,214,13,201,98,103
64,382,294,19,275,17,258,150,108
64,383,96,17,79,2,77,60,17
64,385,177,24,153,15,138,81,57
64,386,940,149,791,54,737,463,274
64,387,380,45,335,21,314,144,170
64,388,116,18,98,5,93,41,52
64,389,265,20,245,15,230,130,100
64,390,136,15,121,6,115,77,38
64,391,306,61,245,18,227,137,90
64,392,95,15,80,8,72,39,33
64,393,3504,450,3054,215,2839,1832,1007
64,394,84,10,74,6,68,53,15
64,395,115,15,100,14,86,58,28
64,396,795,106,689,63,626,413,213
64,397,102,15,87,3,84,30,54
64,398,371,58,313,29,284,161,123
64,399,1674,201,1473,94,1379,716,663
64,400,861,142,719,48,671,390,281
64,401,65,10,55,1,54,27,27
64,403,165,32,133,21,112,55,57
64,404,296,46,250,16,234,149,85
64,405,3144,479,2665,165,2500,1380,1120
64,406,436,52,384,24,360,228,132
64,407,3843,574,3269,176,3093,1843,1250
64,408,43,8,35,3,32,22,10
64,409,582,54,528,38,490,328,162
64,410,4989,1227,3762,210,3552,2564,988
64,411,223,34,189,16,173,115,58
64,412,101,10,91,9,82,33,49
64,413,477,55,422,21,401,243,158
64,414,109,17,92,4,88,38,50
64,415,1004,125,879,55,824,436,388
64,416,745,107,638,44,594,332,262
64,417,2405,454,1951,142,1809,1030,779
64,418,113,15,98,5,93,57,36
64,419,1003,112,891,56,835,470,365
64,420,183,14,169,15,154,70,84
64,421,1040,135,905,60,845,557,288
64,422,8082,1294,6788,444,6344,4241,2103
64,423,139,27,112,6,106,70,36
64,424,492,73,419,35,384,230,154
64,425,432,71,361,18,343,197,146
64,426,197,34,163,7,156,96,60
64,427,137,13,124,14,110,63,47
64,428,117,17,100,2,98,59,39
64,429,86,10,76,12,64,41,23
64,430,8158,1377,6781,421,6360,4094,2266
64,431,346,39,307,12,295,209,86
64,432,82,8,74,12,62,49,13
64,433,261,33,228,14,214,148,66
64,434,48,13,35,2,33,17,16
64,435,193,28,165,7,158,117,41
64,436,678,121,557,36,521,290,231
64,437,194,33,161,6,155,89,66
64,438,364,49,315,23,292,186,106
64,439,1140,116,1024,77,947,571,376
64,440,321,39,282,21,261,166,95
64,441,223,32,191,10,181,96,85
64,442,208,21,187,19,168,109,59
64,443,758,85,673,55,618,342,276
64,444,344,43,301,35,266,190,76
64,445,50411,10914,39497,2207,37290,22135,15155
64,446,133,15,118,6,112,67,45
64,447,111,16,95,7,88,44,44
64,448,1148,128,1020,64,956,541,415
64,449,155,20,135,19,116,58,58
64,450,192,34,158,15,143,87,56
64,451,80,8,72,1,71,41,30
64,452,202,17,185,16,169,100,69
64,453,2049,332,1717,147,1570,861,709
64,454,124,14,110,9,101,43,58
64,455,157,27,130,11,119,58,61
64,456,36,6,30,4,26,12,14
64,457,176,21,155,9,146,77,69
64,458,227,28,199,4,195,127,68
64,459,150,16,134,12,122,72,50
64,460,299,32,267,15,252,178,74
64,461,847,156,691,40,651,468,183
64,462,347,22,325,22,303,190,113
64,463,582,77,505,37,468,294,174
64,464,81,12,69,7,62,38,24
64,465,145,13,132,12,120,63,57
64,466,202,34,168,11,157,80,77
64,467,574,68,506,25,481,289,192
64,468,115,22,93,12,81,39,42
64,469,254,41,213,25,188,111,77
64,470,446,55,391,30,361,190,171
64,471,301,45,256,21,235,146,89
64,472,638,80,558,44,514,312,202
64,473,275,41,234,21,213,140,73
64,474,117,15,102,5,97,52,45
64,475,236,46,190,6,184,112,72
64,476,347,29,318,31,287,142,145
64,477,1347,285,1062,74,988,578,410
64,478,618,59,559,47,512,318,194
64,479,130,17,113,10,103,53,50
64,480,164,20,144,8,136,69,67
64,481,188,33,155,17,138,75,63
64,482,478,70,408,28,380,213,167
64,483,10617,1771,8846,504,8342,4075,4267
64,484,716,80,636,48,588,279,309
64,485,1071,142,929,55,874,417,457
64,486,73,14,59,5,54,26,28
64,487,219,31,188,23,165,92,73
64,488,358,54,304,31,273,172,101
64,489,267,43,224,17,207,118,89
64,490,395,64,331,17,314,202,112
64,491,159,15,144,5,139,104,35
64,492,215,39,176,16,160,100,60
64,493,1246,227,1019,77,942,430,512
64,494,187,21,166,5,161,92,69
64,495,4392,739,3653,288,3365,1754,1611
64,496,3711,559,3152,191,2961,1781,1180
64,498,301,33,268,29,239,133,106
64,499,3902,681,3221,208,3013,1731,1282
64,500,255,28,227,20,207,124,83
64,501,505,61,444,26,418,256,162
64,502,490,48,442,27,415,222,193
64,503,70,15,55,5,50,31,19
64,504,1897,327,1570,95,1475,722,753
64,505,215,36,179,17,162,94,68
64,506,161,27,134,11,123,66,57
64,507,105,7,98,3,95,56,39
64,508,114,7,107,6,101,56,45
64,509,142,35,107,8,99,65,34
64,510,709,91,618,61,557,340,217
64,511,2232,248,1984,144,1840,1008,832
64,512,207,30,177,16,161,90,71
64,513,982,142,840,79,761,396,365
64,514,162,21,141,12,129,70,59
64,515,179,30,149,15,134,89,45
64,516,307,40,267,13,254,140,114
64,517,150,17,133,7,126,74,52
64,518,721,91,630,44,586,322,264
64,519,2864,335,2529,162,2367,1239,1128
64,520,601,63,538,28,510,262,248
64,521,419,44,375,20,355,218,137
64,522,402,64,338,25,313,151,162
64,523,516,88,428,35,393,253,140
64,524,299,47,252,21,231,145,86
64,525,509,49,460,29,431,265,166
64,526,987,123,864,72,792,444,348
64,527,966,126,840,53,787,360,427
64,528,154,18,136,11,125,76,49
64,529,261,36,225,18,207,131,76
64,530,267,23,244,16,228,143,85
64,531,44,12,32,1,31,11,20
64,532,59,12,47,1,46,21,25
64,533,460,76,384,26,358,227,131
64,534,179,21,158,7,151,86,65
64,535,358,56,302,24,278,157,121
64,536,662,82,580,28,552,289,263
64,537,131,19,112,18,94,58,36
64,538,578,87,491,34,457,241,216
64,539,172,28,144,12,132,60,72
64,540,1787,310,1477,96,1381,766,615
64,541,239,26,213,17,196,127,69
64,542,67,11,56,5,51,36,15
64,543,312,82,230,13,217,98,119
64,544,62,10,52,5,47,18,29
64,545,6850,1050,5800,346,5454,3044,2410
64,546,1641,224,1417,77,1340,689,651
64,547,4731,731,4000,276,3724,2095,1629
64,548,134,16,118,5,113,50,63
64,549,719,92,627,36,591,274,317
64,550,587,73,514,33,481,259,222
64,551,230,14,216,9,207,120,87
64,552,154,19,135,8,127,63,64
64,554,144,15,129,7,122,74,48
64,555,128,20,108,10,98,49,49
64,556,316,42,274,19,255,166,89
64,557,319,27,292,25,267,163,104
64,558,1778,291,1487,97,1390,776,614
64,559,643,92,551,27,524,367,157
64,560,143,14,129,12,117,76,41
65,1,214,20,194,7,187,112,75
65,2,630,73,557,34,523,302,221
65,3,113,11,102,2,100,82,18
65,4,321,33,288,26,262,172,90
65,5,335,43,292,14,278,199,79
65,6,270,53,217,15,202,114,88
65,7,1099,124,975,67,908,555,353
65,9,158,20,138,8,130,98,32
65,10,197,18,179,11,168,111,57
65,11,115,18,97,6,91,50,41
65,12,65,8,57,3,54,38,16
65,13,58,12,46,8,38,10,28
65,14,38,5,33,1,32,25,7
65,15,93,12,81,11,70,31,39
65,16,110,12,98,3,95,72,23
65,17,302,54,248,24,224,150,74
65,18,117,16,101,16,85,50,35
65,19,415,40,375,23,352,224,128
65,20,212,26,186,15,171,102,69
65,21,353,50,303,20,283,189,94
65,22,98,15,83,6,77,58,19
65,23,24,8,16,2,14,12,2
65,24,116,24,92,3,89,58,31
65,25,2583,486,2097,86,2011,1190,821
65,26,57,6,51,7,44,34,10
65,27,61,6,55,0,55,40,15
65,28,157,19,138,10,128,80,48
65,29,439,61,378,17,361,239,122
65,31,685,133,552,27,525,332,193
65,32,620,70,550,49,501,361,140
65,33,77,10,67,2,65,43,22
65,34,37,2,35,0,35,30,5
65,35,396,61,335,24,311,191,120
65,36,113,8,105,6,99,83,16
65,37,78,7,71,4,67,48,19
65,38,21,2,19,0,19,15,4
65,39,57,11,46,1,45,26,19
65,40,188,21,167,9,158,109,49
65,41,96,17,79,4,75,54,21
65,42,468,59,409,24,385,268,117
65,43,170,23,147,11,136,107,29
65,44,227,37,190,18,172,96,76
65,45,237,22,215,16,199,117,82
65,46,100,22,78,11,67,42,25
65,47,5642,810,4832,294,4538,3044,1494
65,48,587,86,501,28,473,295,178
65,49,226,30,196,14,182,113,69
65,50,65,10,55,4,51,21,30
65,51,187,35,152,11,141,98,43
65,52,62,11,51,0,51,37,14
65,53,45,6,39,2,37,22,15
65,54,492,92,400,36,364,271,93
65,55,254,34,220,12,208,133,75
65,56,351,44,307,19,288,153,135
65,57,820,113,707,38,669,399,270
65,58,150,18,132,11,121,93,28
65,59,5977,1203,4774,275,4499,3065,1434
65,60,55,7,48,3,45,38,7
65,61,43,4,39,4,35,11,24
65,62,2571,326,2245,129,2116,1341,775
65,63,132,17,115,6,109,75,34
65,64,73,15,58,4,54,28,26
65,65,224,32,192,9,183,85,98
65,66,40,12,28,2,26,20,6
65,67,116,7,109,15,94,51,43
65,68,21,4,17,0,17,13,4
65,69,982,140,842,62,780,529,251
65,70,348,38,310,14,296,132,164
65,71,35,0,35,3,32,24,8
65,72,1335,184,1151,65,1086,773,313
65,73,249,38,211,15,196,104,92
65,74,115,19,96,6,90,62,28
65,75,121,16,105,8,97,52,45
65,76,49,7,42,6,36,18,18
65,77,314,23,291,18,273,184,89
65,78,372,53,319,17,302,231,71
65,79,165,21,144,13,131,85,46
65,80,420,49,371,22,349,225,124
65,81,79,6,73,4,69,58,11
65,82,45,8,37,2,35,26,9
65,83,545,74,471,27,444,282,162
65,84,258,28,230,18,212,140,72
65,85,88,13,75,2,73,32,41
65,86,123,15,108,9,99,72,27
65,87,145,20,125,8,117,78,39
65,88,38,10,28,2,26,18,8
65,89,107,20,87,3,84,49,35
65,90,58,8,50,5,45,15,30
65,91,66,8,58,6,52,42,10
65,92,167,32,135,8,127,107,20
65,93,214,26,188,11,177,143,34
65,94,110,17,93,5,88,48,40
65,95,233,42,191,19,172,103,69
65,96,70,10,60,1,59,47,12
65,97,156,32,124,15,109,67,42
65,98,247,34,213,11,202,149,53
65,99,139,21,118,5,113,63,50
65,100,3267,458,2809,178,2631,1800,831
65,101,566,98,468,37,431,291,140
65,102,22,2,20,1,19,9,10
65,103,85,18,67,6,61,28,33
65,104,228,32,196,7,189,85,104
65,105,162,26,136,12,124,79,45
65,106,140,17,123,3,120,65,55
65,107,73,2,71,2,69,40,29
65,108,611,68,543,21,522,308,214
65,109,36,5,31,1,30,25,5
65,110,69,11,58,4,54,24,30
65,111,68,9,59,7,52,42,10
65,112,117,13,104,7,97,76,21
65,113,231,29,202,19,183,125,58
65,114,73,8,65,7,58,38,20
65,115,222,30,192,8,184,107,77
65,116,187,34,153,8,145,92,53
65,117,70,8,62,2,60,46,14
65,118,30,2,28,1,27,8,19
65,119,307,49,258,9,249,155,94
65,120,215,21,194,11,183,132,51
65,121,338,65,273,12,261,152,109
65,122,30,5,25,0,25,21,4
65,123,1391,221,1170,82,1088,765,323
65,124,77,14,63,3,60,33,27
65,125,280,33,247,20,227,156,71
65,126,130,18,112,8,104,68,36
65,127,1023,164,859,67,792,522,270
65,128,111,22,89,5,84,57,27
65,129,576,96,480,39,441,252,189
65,130,428,59,369,8,361,255,106
65,131,194,36,158,10,148,88,60
65,132,40,7,33,2,31,20,11
65,133,154,26,128,13,115,81,34
65,134,11,1,10,1,9,4,5
65,135,79,8,71,8,63,45,18
65,136,41,5,36,4,32,13,19
65,137,83,12,71,4,67,42,25
65,138,995,136,859,39,820,326,494
65,139,50,7,43,5,38,37,1
65,140,29,5,24,2,22,19,3
65,141,67,10,57,0,57,46,11
65,142,171,33,138,8,130,91,39
65,143,104,17,87,11,76,55,21
65,144,77,9,68,4,64,30,34
65,145,55,11,44,5,39,30,9
65,146,236,26,210,22,188,105,83
65,147,494,53,441,28,413,304,109
65,148,118,17,101,6,95,39,56
65,149,151,18,133,13,120,89,31
65,150,393,54,339,14,325,220,105
65,151,120,23,97,8,89,51,38
65,153,112,22,90,5,85,46,39
65,154,36,3,33,1,32,16,16
65,155,55,2,53,3,50,35,15
65,156,195,31,164,10,154,102,52
65,157,24,5,19,1,18,10,8
65,158,94,8,86,6,80,50,30
65,159,310,48,262,24,238,166,72
65,160,93,12,81,5,76,52,24
65,161,202,32,170,15,155,96,59
65,162,40,10,30,1,29,19,10
65,163,33,10,23,0,23,14,9
65,164,80,17,63,11,52,34,18
65,165,161,24,137,14,123,91,32
65,166,44,3,41,6,35,28,7
65,167,36,7,29,2,27,15,12
65,168,335,51,284,19,265,187,78
65,169,90,11,79,6,73,46,27
65,170,71,9,62,5,57,33,24
65,171,36,6,30,2,28,14,14
65,172,38,4,34,0,34,33,1
65,173,168,22,146,11,135,94,41
65,174,77,9,68,3,65,37,28
65,175,83,11,72,6,66,37,29
65,176,103,19,84,7,77,44,33
65,177,130,20,110,9,101,55,46
65,178,38,0,38,5,33,22,11
65,179,32,2,30,0,30,27,3
65,180,18,2,16,1,15,14,1
65,181,114,20,94,3,91,59,32
65,182,102,14,88,4,84,55,29
65,183,509,85,424,32,392,184,208
65,184,137,30,107,6,101,55,46
65,185,372,46,326,27,299,152,147
65,186,43,4,39,1,38,20,18
65,187,104,13,91,11,80,49,31
65,188,171,26,145,10,135,51,84
65,189,210,29,181,19,162,113,49
65,190,72,12,60,3,57,42,15
65,191,120,17,103,7,96,68,28
65,192,259,31,228,14,214,138,76
65,193,57,7,50,2,48,28,20
65,194,99,19,80,7,73,62,11
65,195,138,18,120,6,114,83,31
65,196,86,7,79,2,77,49,28
65,197,154,14,140,9,131,85,46
65,198,936,101,835,41,794,569,225
65,199,55,16,39,3,36,16,20
65,200,122,19,103,4,99,78,21
65,201,146,23,123,5,118,84,34
65,202,253,33,220,10,210,160,50
65,203,22,3,19,4,15,14,1
65,204,35,8,27,5,22,13,9
65,205,77,4,73,4,69,47,22
65,206,212,25,187,4,183,130,53
65,207,58,9,49,2,47,27,20
65,208,37,7,30,0,30,21,9
65,209,94,13,81,4,77,46,31
65,210,44,5,39,1,38,32,6
65,211,152,21,131,9,122,75,47
65,212,253,43,210,27,183,104,79
65,213,107,9,98,9,89,40,49
65,214,35,4,31,4,27,13,14
65,215,42,1,41,0,41,28,13
65,216,89,9,80,6,74,55,19
65,217,45,5,40,4,36,30,6
65,218,519,97,422,28,394,299,95
65,219,104,20,84,4,80,39,41
65,220,179,14,165,16,149,103,46
65,221,166,16,150,9,141,100,41
65,222,136,17,119,14,105,74,31
65,223,988,139,849,57,792,442,350
65,224,194,30,164,20,144,104,40
65,225,109,14,95,12,83,60,23
65,226,1977,238,1739,105,1634,967,667
65,228,142,28,114,8,106,89,17
65,229,32,8,24,1,23,13,10
65,230,223,31,192,13,179,114,65
65,231,159,25,134,3,131,99,32
65,232,56,10,46,2,44,28,16
65,233,239,32,207,17,190,101,89
65,234,100,18,82,7,75,51,24
65,235,3078,406,2672,191,2481,1484,997
65,236,248,57,191,16,175,86,89
65,237,129,22,107,8,99,69,30
65,238,223,35,188,10,178,142,36
65,239,145,14,131,17,114,75,39
65,240,300,48,252,15,237,136,101
65,241,82,14,68,6,62,44,18
65,242,190,30,160,11,149,80,69
65,243,355,54,301,17,284,192,92
65,244,410,42,368,31,337,227,110
65,245,206,31,175,21,154,110,44
65,247,90,14,76,4,72,42,30
65,248,197,29,168,10,158,103,55
65,249,53,4,49,3,46,25,21
65,250,103,15,88,7,81,43,38
65,251,1356,162,1194,57,1137,630,507
65,252,594,64,530,36,494,268,226
65,253,50,6,44,1,43,32,11
65,254,118,18,100,8,92,53,39
65,255,40,11,29,1,28,18,10
65,256,117,11,106,3,103,69,34
65,257,427,57,370,40,330,202,128
65,258,3832,736,3096,215,2881,1778,1103
65,259,148,24,124,10,114,75,39
65,260,63,2,61,5,56,25,31
65,261,46,10,36,2,34,24,10
65,262,320,64,256,17,239,169,70
65,263,79,5,74,11,63,49,14
65,264,248,35,213,16,197,129,68
65,265,249,29,220,17,203,124,79
65,266,30,2,28,1,27,22,5
65,267,473,61,412,16,396,228,168
65,268,151,20,131,9,122,82,40
65,269,144,24,120,10,110,63,47
65,270,172,18,154,11,143,92,51
65,271,303,40,263,22,241,131,110
65,272,73,6,67,7,60,34,26
65,273,171,24,147,11,136,93,43
65,274,117,21,96,10,86,36,50
65,275,59,13,46,3,43,31,12
65,276,82,8,74,6,68,28,40
65,277,67,6,61,3,58,50,8
65,278,44,10,34,5,29,26,3
65,279,180,22,158,14,144,115,29
65,280,343,54,289,19,270,148,122
65,281,159,20,139,11,128,90,38
65,282,248,35,213,0,213,117,96
65,283,68,11,57,0,57,41,16
65,284,778,71,707,32,675,399,276
65,285,130,16,114,8,106,71,35
65,286,11206,2257,8949,581,8368,4214,4154
65,287,491,122,369,20,349,207,142
65,288,81,23,58,3,55,37,18
65,289,97,19,78,5,73,58,15
65,290,184,29,155,7,148,109,39
65,291,131,20,111,9,102,59,43
65,292,293,34,259,20,239,130,109
65,293,107,18,89,7,82,49,33
65,294,179,29,150,15,135,86,49
65,295,909,127,782,47,735,489,246
65,296,386,67,319,21,298,159,139
65,297,41,3,38,6,32,22,10
65,298,78,8,70,5,65,41,24
65,299,210,34,176,7,169,113,56
65,300,72,12,60,0,60,48,12
65,301,197,30,167,9,158,107,51
65,303,300,52,248,20,228,133,95
65,304,1791,301,1490,91,1399,849,550
65,305,127,25,102,4,98,45,53
65,306,201,29,172,10,162,93,69
65,307,307,45,262,16,246,183,63
65,308,107,21,86,11,75,49,26
65,309,20,7,13,3,10,8,2
65,310,220,31,189,6,183,142,41
65,311,64,2,62,4,58,31,27
65,312,30,2,28,1,27,20,7
65,313,567,78,489,30,459,255,204
65,314,162,32,130,16,114,63,51
65,315,314,54,260,15,245,152,93
65,316,90,10,80,7,73,53,20
65,317,49,10,39,1,38,28,10
65,318,200,34,166,18,148,95,53
65,319,123,17,106,6,100,65,35
65,320,681,87,594,40,554,384,170
65,321,95,12,83,13,70,50,20
65,322,200,32,168,14,154,109,45
65,323,55,9,46,7,39,32,7
65,324,162,30,132,10,122,102,20
65,325,50,10,40,2,38,20,18
65,326,88,13,75,4,71,38,33
65,327,153,30,123,12,111,82,29
65,328,64,5,59,6,53,38,15
65,329,230,39,191,8,183,127,56
65,330,170,27,143,17,126,74,52
65,331,2715,380,2335,126,2209,1266,943
65,332,120,8,112,6,106,56,50
65,333,107,16,91,3,88,57,31
65,334,193,27,166,8,158,98,60
65,335,362,47,315,17,298,226,72
65,336,40,8,32,2,30,13,17
65,337,103,12,91,1,90,57,33
65,338,209,24,185,12,173,152,21
65,339,243,23,220,17,203,122,81
65,340,1469,199,1270,66,1204,749,455
65,341,97,6,91,7,84,26,58
65,342,65,9,56,2,54,36,18
65,343,162,26,136,11,125,85,40
65,344,1773,268,1505,97,1408,807,601
65,345,30,3,27,1,26,19,7
65,346,134,12,122,9,113,76,37
65,347,47,10,37,1,36,24,12
65,348,47,3,44,2,42,30,12
65,349,14,2,12,2,10,9,1
65,350,1094,184,910,38,872,584,288
65,351,42,10,32,0,32,25,7
65,352,166,20,146,10,136,88,48
65,353,217,22,195,11,184,138,46
65,354,53,4,49,4,45,24,21
65,355,61,7,54,2,52,29,23
65,356,43,3,40,7,33,21,12
65,357,129,22,107,3,104,82,22
65,358,55,6,49,2,47,33,14
65,359,19,5,14,3,11,6,5
65,360,216,23,193,13,180,92,88
65,361,79,12,67,4,63,44,19
65,362,994,130,864,46,818,563,255
65,363,457,80,377,21,356,243,113
65,364,23,2,21,2,19,10,9
65,366,686,90,596,61,535,306,229
65,367,117,15,102,6,96,76,20
65,368,25,1,24,1,23,14,9
65,369,520,43,477,22,455,288,167
65,370,989,98,891,56,835,611,224
65,371,183,16,167,10,157,92,65
65,372,484,71,413,35,378,236,142
65,373,169,26,143,11,132,83,49
65,374,201,34,167,11,156,100,56
65,375,972,177,795,50,745,412,333
65,376,159,14,145,11,134,83,51
65,377,159,24,135,11,124,76,48
65,378,64,8,56,1,55,30,25
65,379,12,1,11,1,10,9,1
65,380,106,16,90,5,85,60,25
65,381,35,6,29,3,26,8,18
65,382,54,10,44,2,42,25,17
65,383,162,14,148,7,141,82,59
65,384,109,21,88,11,77,51,26
65,385,104,17,87,2,85,56,29
65,386,81,13,68,12,56,34,22
65,387,102,10,92,4,88,47,41
65,388,608,119,489,22,467,216,251
65,389,764,154,610,46,564,389,175
65,390,346,41,305,17,288,178,110
65,391,32,5,27,0,27,25,2
65,392,296,40,256,10,246,150,96
65,393,106,12,94,11,83,57,26
65,394,229,31,198,10,188,99,89
65,395,955,142,813,50,763,442,321
65,396,336,39,297,14,283,187,96
65,397,122,11,111,12,99,79,20
65,398,177,22,155,9,146,107,39
65,399,74,9,65,1,64,50,14
65,400,164,26,138,8,130,82,48
65,401,386,52,334,21,313,211,102
65,402,18,3,15,3,12,7,5
65,403,78,13,65,10,55,43,12
65,404,124,9,115,8,107,52,55
65,405,71,8,63,0,63,43,20
65,406,196,27,169,12,157,114,43
65,407,97,27,70,6,64,44,20
65,408,526,66,460,25,435,318,117
65,409,244,34,210,15,195,113,82
65,410,476,68,408,30,378,221,157
65,411,66,9,57,1,56,44,12
65,412,133,27,106,10,96,47,49
65,413,109,16,93,9,84,64,20
65,414,86,15,71,3,68,32,36
65,415,209,31,178,14,164,102,62
65,416,68,16,52,1,51,36,15
65,417,3820,632,3188,189,2999,1971,1028
65,418,223,37,186,18,168,87,81
65,419,87,7,80,6,74,39,35
65,420,70,16,54,3,51,36,15
65,421,51,8,43,5,38,17,21
65,422,232,21,211,15,196,107,89
65,423,116,11,105,4,101,79,22
65,424,114,11,103,8,95,43,52
65,425,357,35,322,29,293,179,114
65,426,114,24,90,5,85,49,36
65,427,164,24,140,14,126,77,49
65,428,60,11,49,1,48,37,11
65,429,185,31,154,8,146,80,66
65,430,41,3,38,1,37,23,14
65,431,100,16,84,12,72,40,32
65,432,138,19,119,4,115,58,57
65,433,2227,261,1966,141,1825,1369,456
65,435,217,33,184,9,175,128,47
65,436,236,29,207,5,202,127,75
65,437,138,17,121,5,116,43,73
65,438,60,6,54,4,50,40,10
65,439,215,28,187,13,174,102,72
65,440,27926,6454,21472,1159,20313,12436,7877
65,441,79,6,73,6,67,36,31
65,442,150,26,124,6,118,76,42
65,443,13,1,12,0,12,9,3
65,444,175,32,143,11,132,82,50
65,445,199,25,174,14,160,106,54
65,446,386,72,314,19,295,225,70
65,447,989,152,837,52,785,455,330
65,448,71,9,62,5,57,26,31
65,449,99,13,86,6,80,49,31
65,450,40,5,35,6,29,22,7
65,451,655,106,549,33,516,385,131
65,452,741,103,638,51,587,295,292
65,453,53,8,45,6,39,28,11
65,454,76,21,55,6,49,25,24
65,455,420,78,342,17,325,208,117
65,456,239,31,208,16,192,125,67
65,457,63,6,57,10,47,27,20
65,458,32,9,23,0,23,19,4
65,459,91,5,86,1,85,58,27
65,460,3734,718,3016,216,2800,1665,1135
65,461,54,6,48,3,45,15,30
65,462,210,30,180,13,167,100,67
65,463,82,19,63,1,62,43,19
65,464,401,58,343,23,320,213,107
65,465,322,33,289,15,274,152,122
65,466,74,11,63,0,63,45,18
65,467,91,10,81,6,75,66,9
65,468,39,5,34,6,28,11,17
65,469,29,3,26,4,22,7,15
65,470,114,11,103,11,92,59,33
65,471,160,28,132,7,125,60,65
65,472,80,8,72,4,68,47,21
65,473,337,35,302,12,290,187,103
65,474,113,20,93,5,88,36,52
65,475,44,4,40,0,40,32,8
65,476,54,8,46,7,39,23,16
65,477,54,8,46,7,39,30,9
65,478,48,6,42,1,41,24,17
65,479,298,27,271,11,260,185,75
65,480,34,6,28,0,28,24,4
65,481,197,29,168,6,162,86,76
65,482,382,69,313,25,288,158,130
66,1,81,12,69,2,67,28,39
66,2,2271,331,1940,127,1813,904,909
66,3,3249,735,2514,171,2343,1192,1151
66,4,652,160,492,21,471,171,300
66,5,461,78,383,19,364,238,126
66,6,156,31,125,14,111,79,32
66,7,102,12,90,4,86,51,35
66,8,9048,1501,7547,487,7060,3198,3862
66,9,2048,404,1644,120,1524,996,528
66,10,82,8,74,3,71,31,40
66,11,3143,576,2567,179,2388,1242,1146
66,12,2303,318,1985,143,1842,804,1038
66,13,83,12,71,4,67,55,12
66,14,1992,318,1674,133,1541,782,759
66,15,948,139,809,57,752,387,365
66,16,3698,535,3163,223,2940,1541,1399
66,17,4765,980,3785,280,3505,1467,2038
66,18,70,16,54,4,50,33,17
66,19,183,15,168,9,159,91,68
66,20,697,146,551,28,523,273,250
66,21,5778,901,4877,337,4540,2125,2415
66,22,55,12,43,0,43,30,13
66,23,637,83,554,40,514,338,176
66,24,4192,843,3349,226,3123,1531,1592
66,25,799,187,612,53,559,270,289
66,26,875,108,767,53,714,323,391
66,27,457,84,373,22,351,161,190
66,28,7437,1170,6267,351,5916,2895,3021
66,29,108,22,86,5,81,51,30
66,30,182,23,159,10,149,111,38
66,32,44,7,37,3,34,24,10
66,33,336,62,274,24,250,129,121
66,34,106,13,93,8,85,47,38
66,35,66,4,62,3,59,46,13
66,36,56,9,47,3,44,27,17
66,37,10484,1705,8779,502,8277,3226,5051
66,38,4174,668,3506,241,3265,1605,1660
66,39,139,23,116,12,104,61,43
66,40,38,7,31,1,30,27,3
66,41,504,63,441,28,413,237,176
66,42,181,27,154,7,147,80,67
66,43,111,17,94,6,88,53,35
66,44,334,53,281,31,250,143,107
66,45,585,100,485,28,457,255,202
66,46,547,86,461,40,421,282,139
66,47,30,5,25,1,24,12,12
66,48,1059,188,871,57,814,502,312
66,49,6160,1169,4991,293,4698,2721,1977
66,50,2788,390,2398,170,2228,1057,1171
66,51,193,28,165,10,155,98,57
66,52,293,54,239,22,217,134,83
66,53,2408,316,2092,120,1972,868,1104
66,54,54,12,42,2,40,24,16
66,55,433,45,388,28,360,173,187
66,56,756,79,677,58,619,352,267
66,57,317,39,278,10,268,171,97
66,58,1395,230,1165,80,1085,538,547
66,59,1502,223,1279,91,1188,605,583
66,60,162,26,136,14,122,77,45
66,61,107,15,92,5,87,58,29
66,62,147,27,120,9,111,73,38
66,63,214,36,178,7,171,75,96
66,64,361,64,297,13,284,137,147
66,65,5877,1120,4757,351,4406,2311,2095
66,66,420,85,335,22,313,202,111
66,67,406,50,356,32,324,164,160
66,68,115,18,97,7,90,72,18
66,69,2236,334,1902,158,1744,912,832
66,70,123,17,106,12,94,43,51
66,71,1506,254,1252,98,1154,655,499
66,72,299,40,259,21,238,122,116
66,73,138,20,118,13,105,59,46
66,74,310,61,249,25,224,139,85
66,75,117,15,102,8,94,65,29
66,76,52,11,41,4,37,30,7
66,77,68,17,51,1,50,39,11
66,78,168,17,151,6,145,123,22
66,79,169,24,145,14,131,64,67
66,80,133,29,104,14,90,78,12
66,81,144,4,140,8,132,73,59
66,82,339,52,287,21,266,124,142
66,83,50,16,34,1,33,29,4
66,84,828,119,709,41,668,370,298
66,85,304,50,254,23,231,135,96
66,86,19,6,13,0,13,9,4
66,88,3860,639,3221,203,3018,1725,1293
66,89,185,28,157,7,150,86,64
66,90,55,7,48,8,40,25,15
66,91,62,7,55,3,52,31,21
66,92,74,10,64,4,60,42,18
66,93,1765,280,1485,77,1408,630,778
66,94,1564,216,1348,107,1241,508,733
66,95,356,83,273,24,249,152,97
66,96,759,112,647,45,602,366,236
66,97,123,23,100,8,92,72,20
66,98,242,44,198,17,181,94,87
66,99,230,44,186,7,179,101,78
66,100,138,24,114,6,108,73,35
66,101,1544,182,1362,100,1262,660,602
66,102,37,8,29,3,26,25,1
66,103,324,50,274,10,264,151,113
66,104,641,111,530,53,477,312,165
66,105,256,38,218,10,208,162,46
66,106,2172,410,1762,114,1648,914,734
66,107,702,128,574,30,544,305,239
66,108,2818,433,2385,184,2201,1315,886
66,109,169,26,143,14,129,77,52
66,111,119,28,91,2,89,56,33
66,112,189,25,164,15,149,61,88
66,113,113,16,97,5,92,51,41
66,114,1270,176,1094,67,1027,538,489
66,115,895,123,772,36,736,337,399
66,116,165,29,136,16,120,81,39
66,117,172,31,141,9,132,33,99
66,118,218,36,182,19,163,92,71
66,119,279,56,223,15,208,142,66
66,120,67,10,57,5,52,33,19
66,121,877,126,751,51,700,371,329
66,122,77,18,59,4,55,42,13
66,123,110,18,92,7,85,74,11
66,124,1478,261,1217,81,1136,521,615
66,125,355,69,286,25,261,158,103
66,126,220,35,185,10,175,113,62
66,127,744,118,626,59,567,310,257
66,128,28,4,24,2,22,14,8
66,129,979,151,828,52,776,404,372
66,130,836,136,700,41,659,371,288
66,132,239,36,203,13,190,110,80
66,133,2152,331,1821,112,1709,880,829
66,134,471,79,392,24,368,231,137
66,136,67011,15553,51458,3010,48448,24841,23607
66,137,477,106,371,22,349,162,187
66,138,1034,149,885,59,826,421,405
66,139,66,14,52,3,49,39,10
66,140,2460,450,2010,145,1865,893,972
66,141,5335,1020,4315,333,3982,1944,2038
66,142,48,14,34,2,32,19,13
66,143,96,12,84,6,78,51,27
66,144,3426,430,2996,220,2776,1249,1527
66,145,1926,252,1674,128,1546,793,753
66,146,124,26,98,10,88,58,30
66,147,145,29,116,4,112,64,48
66,148,3356,626,2730,178,2552,1116,1436
66,149,4168,712,3456,254,3202,1767,1435
66,150,847,124,723,51,672,418,254
66,151,67,6,61,4,57,31,26
66,152,82,14,68,6,62,50,12
66,153,36,8,28,4,24,14,10
66,154,119,27,92,9,83,44,39
66,155,100,24,76,9,67,46,21
66,156,113,20,93,13,80,53,27
66,157,45,7,38,0,38,26,12
66,158,146,20,126,13,113,90,23
66,159,72,13,59,5,54,30,24
66,160,1077,205,872,57,815,430,385
66,161,998,136,862,69,793,461,332
66,162,371,48,323,34,289,124,165
66,164,6365,1137,5228,368,4860,2664,2196
66,165,470,70,400,20,380,232,148
66,166,301,52,249,30,219,150,69
66,167,735,136,599,36,563,275,288
66,168,2556,465,2091,130,1961,952,1009
66,169,94,12,82,3,79,34,45
66,170,98,10,88,10,78,38,40
66,171,8721,1422,7299,506,6793,2745,4048
66,172,8715,1318,7397,540,6857,3346,3511
66,173,607,101,506,51,455,249,206
66,174,1741,271,1470,123,1347,664,683
66,175,2195,375,1820,123,1697,735,962
66,176,1950,269,1681,190,1491,687,804
66,177,760,68,692,63,629,333,296
66,178,1616,277,1339,121,1218,703,515
66,179,794,134,660,49,611,412,199
66,180,7468,1284,6184,496,5688,2613,3075
66,181,110,17,93,7,86,40,46
66,182,3840,590,3250,243,3007,1347,1660
66,183,83,22,61,6,55,35,20
66,184,63,11,52,2,50,27,23
66,185,243,36,207,11,196,117,79
66,186,2006,308,1698,112,1586,771,815
66,187,1409,262,1147,83,1064,577,487
66,188,211,25,186,12,174,96,78
66,189,3649,479,3170,166,3004,1190,1814
66,190,2194,209,1985,230,1755,966,789
66,191,47,16,31,3,28,20,8
66,192,86,14,72,8,64,38,26
66,193,230,21,209,13,196,131,65
66,194,228,43,185,13,172,98,74
66,195,5375,865,4510,339,4171,1953,2218
66,196,2510,452,2058,105,1953,909,1044
66,197,35,4,31,1,30,20,10
66,198,351,64,287,19,268,139,129
66,199,93,23,70,6,64,44,20
66,201,50,7,43,3,40,26,14
66,202,142,19,123,5,118,57,61
66,203,50,12,38,6,32,23,9
66,204,256,47,209,12,197,142,55
66,205,729,124,605,49,556,292,264
66,206,70,4,66,6,60,42,18
66,207,504,66,438,28,410,229,181
66,208,1017,132,885,37,848,449,399
66,209,47,12,35,1,34,16,18
66,210,5898,1107,4791,373,4418,2646,1772
66,211,142,21,121,8,113,80,33
66,212,2541,388,2153,173,1980,929,1051
66,213,4976,734,4242,284,3958,2103,1855
66,214,653,99,554,42,512,271,241
66,215,112,10,102,4,98,45,53
66,216,67,8,59,2,57,42,15
66,217,1289,199,1090,93,997,528,469
66,218,234,42,192,12,180,89,91
66,219,65,10,55,7,48,24,24
66,220,68,4,64,0,64,47,17
66,221,48,9,39,1,38,29,9
66,222,1196,153,1043,60,983,587,396
66,223,180,17,163,7,156,101,55
66,224,2206,341,1865,117,1748,819,929
66,225,1179,168,1011,80,931,527,404
66,226,812,113,699,65,634,310,324
66,227,3284,566,2718,193,2525,1245,1280
66,228,934,167,767,45,722,378,344
66,230,1524,271,1253,98,1155,641,514
66,231,469,98,371,31,340,234,106
66,232,38,2,36,0,36,10,26
66,233,134,21,113,14,99,48,51
66,234,99,12,87,8,79,50,29
67,1,1715,259,1456,96,1360,424,936
67,2,366,85,281,16,265,75,190
67,3,403,57,346,25,321,118,203
67,4,423,66,357,19,338,105,233
67,5,623,103,520,27,493,118,375
67,6,179,14,165,10,155,30,125
67,8,965,116,849,35,814,258,556
67,9,338,54,284,25,259,64,195
67,10,1264,261,1003,80,923,289,634
67,11,756,114,642,52,590,203,387
67,12,513,86,427,49,378,60,318
67,13,222,41,181,18,163,51,112
67,14,635,101,534,26,508,105,403
67,16,586,123,463,41,422,117,305
67,17,228,28,200,17,183,37,146
67,18,542,102,440,26,414,99,315
67,19,884,158,726,43,683,199,484
67,20,685,139,546,36,510,248,262
67,21,4512,940,3572,219,3353,1280,2073
67,22,205,42,163,20,143,62,81
67,23,734,77,657,28,629,139,490
67,25,1132,198,934,40,894,235,659
67,26,134,24,110,15,95,38,57
67,27,158,22,136,18,118,45,73
67,28,3437,700,2737,165,2572,919,1653
67,29,345,61,284,20,264,72,192
67,30,535,72,463,23,440,115,325
67,31,1122,163,959,49,910,247,663
67,32,171,25,146,8,138,30,108
67,33,463,65,398,16,382,105,277
67,34,1833,243,1590,86,1504,491,1013
67,35,352,57,295,17,278,58,220
67,36,271,42,229,32,197,75,122
67,37,299,64,235,20,215,71,144
67,38,216,18,198,8,190,50,140
67,39,334,32,302,11,291,77,214
67,40,730,86,644,45,599,162,437
67,41,241,28,213,21,192,58,134
67,43,9367,2190,7177,388,6789,3416,3373
67,44,220,37,183,9,174,61,113
67,45,2606,432,2174,136,2038,537,1501
67,46,6748,1648,5100,295,4805,1954,2851
67,47,129,27,102,8,94,22,72
67,48,339,38,301,19,282,58,224
67,49,1044,168,876,49,827,208,619
67,50,53,11,42,2,40,18,22
67,51,294,41,253,14,239,30,209
67,52,1828,272,1556,92,1464,455,1009
67,53,259,37,222,16,206,47,159
67,54,355,62,293,14,279,71,208
67,55,967,202,765,45,720,178,542
67,56,408,58,350,18,332,115,217
67,57,135,14,121,7,114,24,90
67,58,273,14,259,13,246,64,182
67,59,353,68,285,21,264,125,139
67,60,377,54,323,15,308,118,190
67,61,2756,577,2179,172,2007,621,1386
67,62,239,27,212,20,192,63,129
67,63,605,132,473,18,455,153,302
67,65,991,156,835,38,797,213,584
67,66,2164,427,1737,131,1606,675,931
67,67,7070,1363,5707,346,5361,1774,3587
67,68,169,22,147,11,136,29,107
67,69,352,50,302,34,268,56,212
67,70,270,58,212,10,202,47,155
67,71,351,51,300,32,268,70,198
67,72,556,86,470,37,433,103,330
67,73,3187,780,2407,158,2249,774,1475
67,74,550,92,458,25,433,85,348
67,75,339,60,279,22,257,77,180
67,76,389,73,316,31,285,106,179
67,77,474,62,412,20,392,129,263
67,78,167,20,147,13,134,45,89
67,79,107,13,94,2,92,7,85
67,80,1316,278,1038,62,976,341,635
67,81,542,77,465,26,439,101,338
67,82,763,123,640,30,610,123,487
67,83,631,132,499,29,470,125,345
67,84,1563,285,1278,74,1204,352,852
67,85,547,77,470,36,434,129,305
67,86,311,49,262,14,248,56,192
67,87,1084,140,944,63,881,187,694
67,88,316,58,258,12,246,24,222
67,89,2020,361,1659,142,1517,453,1064
67,90,503,79,424,27,397,122,275
67,91,281,57,224,6,218,74,144
67,92,517,58,459,35,424,139,285
67,93,285,51,234,25,209,61,148
67,94,246,58,188,17,171,61,110
67,95,1218,243,975,67,908,252,656
67,96,261,47,214,17,197,53,144
67,97,996,98,898,40,858,277,581
67,98,1085,188,897,69,828,274,554
67,99,228,46,182,10,172,41,131
67,100,208,13,195,8,187,68,119
67,101,1902,349,1553,81,1472,419,1053
67,102,193,22,171,7,164,46,118
67,103,956,202,754,61,693,226,467
67,104,617,137,480,40,440,114,326
67,105,1001,197,804,59,745,216,529
67,106,4000,817,3183,201,2982,788,2194
67,107,472,66,406,19,387,127,260
67,108,1260,221,1039,61,978,282,696
67,109,527,79,448,19,429,130,299
67,110,840,140,700,52,648,143,505
67,111,340,44,296,41,255,74,181
67,112,2242,367,1875,117,1758,527,1231
67,113,296,27,269,34,235,46,189
67,115,1758,316,1442,103,1339,429,910
67,116,408,56,352,22,330,108,222
67,117,366,73,293,18,275,109,166
67,118,4534,786,3748,179,3569,1327,2242
67,119,1181,189,992,44,948,282,666
67,120,398,63,335,20,315,78,237
67,121,611,80,531,32,499,133,366
67,122,1076,183,893,76,817,213,604
67,123,398,57,341,24,317,60,257
67,124,1508,235,1273,47,1226,423,803
67,125,1662,252,1410,93,1317,355,962
67,126,229,35,194,13,181,55,126
67,127,938,148,790,44,746,206,540
67,128,1380,193,1187,60,1127,361,766
67,129,500,89,411,29,382,115,267
67,130,7605,1800,5805,343,5462,2028,3434
67,131,3570,503,3067,191,2876,924,1952
67,132,851,152,699,41,658,175,483
67,133,384,59,325,32,293,100,193
67,134,148,16,132,19,113,27,86
67,135,655,91,564,40,524,141,383
67,136,201,21,180,19,161,27,134
67,137,4185,829,3356,171,3185,999,2186
67,138,394,54,340,17,323,90,233
67,139,397,58,339,29,310,90,220
67,140,480,83,397,26,371,73,298
67,141,515,113,402,22,380,66,314
67,142,174,25,149,9,140,32,108
67,143,559,88,471,20,451,178,273
67,144,271,33,238,27,211,75,136
67,145,197,21,176,16,160,31,129
67,146,524,84,440,31,409,105,304
67,147,439,93,346,25,321,79,242
67,148,170,39,131,13,118,38,80
67,149,372,77,295,18,277,74,203
67,150,860,140,720,34,686,198,488
67,151,3563,709,2854,163,2691,792,1899
67,152,5364,949,4415,219,4196,1432,2764
67,153,182,28,154,15,139,27,112
67,154,2380,367,2013,129,1884,595,1289
67,155,842,162,680,49,631,199,432
67,156,1910,309,1601,104,1497,404,1093
67,158,243,26,217,15,202,45,157
67,159,175,37,138,13,125,39,86
67,160,882,188,694,70,624,178,446
67,161,330,55,275,13,262,86,176
67,162,268,39,229,5,224,58,166
67,163,438,53,385,23,362,101,261
67,164,667,122,545,36,509,148,361
67,165,341,56,285,27,258,110,148
67,166,178,19,159,8,151,31,120
67,167,1000,180,820,65,755,195,560
67,168,1263,215,1048,76,972,332,640
67,169,2256,422,1834,92,1742,464,1278
67,172,1579,215,1364,83,1281,385,896
67,173,965,110,855,44,811,289,522
67,174,989,220,769,56,713,241,472
67,176,2688,572,2116,181,1935,654,1281
67,177,543,93,450,37,413,89,324
67,178,218,35,183,22,161,41,120
67,179,545,97,448,32,416,126,290
67,180,22225,4784,17441,907,16534,5530,11004
67,181,256,28,228,12,216,55,161
67,182,1105,155,950,50,900,257,643
67,183,687,127,560,50,510,138,372
67,184,1353,277,1076,95,981,235,746
67,185,552,117,435,31,404,102,302
67,186,287,33,254,27,227,73,154
67,187,343,55,288,13,275,66,209
67,188,522,88,434,40,394,113,281
67,189,683,86,597,55,542,144,398
67,190,150,16,134,16,118,28,90
67,191,1600,343,1257,116,1141,363,778
67,192,713,85,628,48,580,160,420
67,194,3971,743,3228,242,2986,784,2202
67,195,396,54,342,22,320,85,235
67,196,1984,474,1510,119,1391,432,959
67,197,1133,154,979,37,942,267,675
67,198,109,19,90,6,84,18,66
67,199,74,22,52,3,49,13,36
67,200,705,109,596,32,564,178,386
67,201,248,63,185,13,172,54,118
67,202,2469,413,2056,111,1945,493,1452
67,203,259,32,227,12,215,72,143
67,204,7595,1437,6158,313,5845,2402,3443
67,205,3286,564,2722,149,2573,634,1939
67,206,883,173,710,38,672,155,517
67,207,160,18,142,6,136,24,112
67,208,416,57,359,15,344,81,263
67,209,219,39,180,6,174,51,123
67,210,413,92,321,17,304,101,203
67,212,2519,475,2044,91,1953,558,1395
67,213,555,120,435,22,413,97,316
67,214,401,37,364,16,348,78,270
67,215,394,54,340,19,321,45,276
67,216,2028,494,1534,111,1423,427,996
67,217,210,21,189,16,173,48,125
67,218,17843,4189,13654,655,12999,5288,7711
67,220,246,40,206,14,192,44,148
67,221,203,42,161,13,148,39,109
67,222,2996,683,2313,136,2177,733,1444
67,223,893,135,758,55,703,188,515
67,225,83,7,76,5,71,16,55
67,226,1575,225,1350,63,1287,385,902
67,227,201,22,179,12,167,23,144
67,228,579,58,521,27,494,139,355
67,229,164,28,136,6,130,23,107
67,230,1694,409,1285,57,1228,327,901
67,231,139,24,115,4,111,22,89
67,232,175,21,154,12,142,36,106
67,233,1056,204,852,56,796,218,578
67,234,1248,223,1025,62,963,322,641
67,235,277,32,245,16,229,47,182
67,236,495,69,426,19,407,125,282
67,237,1897,293,1604,81,1523,439,1084
67,238,484,78,406,24,382,75,307
67,239,1319,205,1114,44,1070,349,721
67,240,533,76,457,19,438,120,318
67,241,163,36,127,12,115,28,87
67,242,413,69,344,27,317,107,210
67,244,106,5,101,6,95,23,72
67,245,162,20,142,8,134,36,98
67,246,869,184,685,47,638,203,435
67,247,626,98,528,33,495,174,321
67,248,1380,178,1202,58,1144,299,845
67,249,151,21,130,3,127,29,98
67,250,551,68,483,24,459,141,318
67,252,808,147,661,44,617,195,422
67,253,525,56,469,25,444,129,315
67,254,694,140,554,35,519,148,371
67,255,367,73,294,16,278,103,175
67,256,2489,396,2093,84,2009,582,1427
67,257,574,89,485,34,451,132,319
67,258,149,14,135,10,125,40,85
67,259,737,167,570,53,517,153,364
67,260,251,23,228,18,210,38,172
67,261,1395,342,1053,53,1000,372,628
67,263,1220,197,1023,69,954,263,691
67,264,551,79,472,30,442,114,328
67,265,459,89,370,21,349,81,268
67,266,542,87,455,32,423,128,295
67,267,12025,3292,8733,430,8303,3437,4866
67,268,2073,379,1694,112,1582,502,1080
67,269,195,21,174,8,166,29,137
67,270,265,26,239,18,221,64,157
67,271,430,65,365,41,324,111,213
67,272,362,57,305,27,278,86,192
67,273,433,97,336,26,310,93,217
67,274,195,46,149,14,135,53,82
67,275,650,107,543,30,513,154,359
67,276,1343,254,1089,74,1015,343,672
67,277,545,97,448,37,411,116,295
67,278,512,114,398,26,372,75,297
67,279,169,13,156,3,153,24,129
67,280,655,126,529,39,490,124,366
67,281,2811,627,2184,140,2044,724,1320
67,282,3060,588,2472,136,2336,657,1679
67,283,2061,423,1638,104,1534,509,1025
67,285,1172,218,954,63,891,260,631
67,286,1223,235,988,61,927,195,732
67,287,437,89,348,19,329,89,240
67,288,261,46,215,16,199,51,148
67,289,473,74,399,28,371,94,277
67,290,699,142,557,38,519,150,369
67,291,2629,623,2006,152,1854,501,1353
67,292,491,84,407,28,379,74,305
67,293,503,66,437,20,417,99,318
67,295,583,127,456,27,429,121,308
67,296,1472,243,1229,53,1176,358,818
67,297,430,52,378,23,355,117,238
67,298,376,47,329,16,313,69,244
67,299,685,113,572,40,532,174,358
67,300,6331,1267,5064,292,4772,1892,2880
67,301,1397,200,1197,61,1136,295,841
67,302,1503,335,1168,91,1077,430,647
67,303,454,74,380,23,357,117,240
67,304,445,64,381,20,361,90,271
67,305,1377,241,1136,82,1054,267,787
67,306,527,93,434,22,412,111,301
67,307,342,40,302,27,275,61,214
67,308,487,64,423,19,404,79,325
67,309,4033,664,3369,186,3183,1212,1971
67,310,958,139,819,69,750,215,535
67,311,1563,312,1251,96,1155,435,720
67,312,335,30,305,19,286,61,225
67,313,3732,975,2757,183,2574,1014,1560
67,314,492,101,391,35,356,191,165
67,315,422,77,345,15,330,60,270
67,317,528,81,447,36,411,185,226
67,319,253,42,211,20,191,27,164
67,320,557,81,476,24,452,151,301
67,321,307,58,249,14,235,112,123
67,322,893,179,714,37,677,265,412
67,324,3252,753,2499,207,2292,782,1510
67,325,1018,157,861,59,802,227,575
67,326,1125,153,972,48,924,344,580
67,327,615,81,534,25,509,109,400
67,328,643,131,512,28,484,142,342
67,329,934,154,780,38,742,173,569
67,330,647,103,544,42,502,94,408
67,331,1041,144,897,65,832,175,657
67,333,192,32,160,9,151,45,106
67,334,131,29,102,3,99,29,70
67,335,679,114,565,21,544,141,403
67,336,1347,231,1116,57,1059,282,777
67,337,394,50,344,17,327,72,255
67,338,1071,182,889,54,835,218,617
67,339,2842,618,2224,207,2017,578,1439
67,340,1165,264,901,57,844,245,599
67,341,324,60,264,26,238,83,155
67,342,1352,225,1127,60,1067,258,809
67,343,3202,482,2720,143,2577,897,1680
67,344,233,32,201,20,181,43,138
67,345,2549,510,2039,122,1917,510,1407
67,346,367,45,322,37,285,71,214
67,347,1346,284,1062,75,987,299,688
67,348,7951,1755,6196,300,5896,2065,3831
67,349,358,42,316,26,290,52,238
67,350,1797,306,1491,87,1404,460,944
67,351,1354,234,1120,61,1059,225,834
67,352,334,43,291,24,267,52,215
67,353,181,24,157,12,145,62,83
67,354,339,38,301,21,280,80,200
67,355,854,109,745,64,681,152,529
67,356,1779,340,1439,87,1352,345,1007
67,358,714,129,585,54,531,114,417
67,359,1107,166,941,50,891,178,713
67,360,747,126,621,47,574,159,415
67,361,376,43,333,22,311,93,218
67,362,509,74,435,23,412,123,289
67,363,631,67,564,26,538,156,382
67,364,802,166,636,34,602,143,459
67,365,7758,1496,6262,367,5895,2319,3576
67,366,599,81,518,42,476,163,313
67,367,1085,156,929,49,880,316,564
67,368,1349,206,1143,53,1090,294,796
67,369,198,35,163,13,150,44,106
67,370,544,118,426,43,383,103,280
67,371,486,124,362,23,339,102,237
67,372,1913,448,1465,90,1375,385,990
67,373,250,46,204,13,191,60,131
67,374,614,47,567,34,533,154,379
67,375,993,129,864,37,827,296,531
67,377,818,160,658,59,599,263,336
67,378,3136,485,2651,136,2515,844,1671
67,379,729,156,573,39,534,151,383
67,380,184,35,149,14,135,38,97
67,381,279,67,212,19,193,40,153
67,382,626,110,516,28,488,150,338
67,383,154,28,126,6,120,24,96
67,384,334,65,269,16,253,92,161
67,385,228,38,190,13,177,50,127
67,386,167,16,151,17,134,31,103
67,387,224,27,197,8,189,68,121
67,388,3913,800,3113,207,2906,960,1946
67,389,3444,556,2888,167,2721,918,1803
67,391,378,65,313,14,299,91,208
67,392,826,181,645,46,599,183,416
67,394,233,37,196,13,183,47,136
67,395,303,45,258,12,246,63,183
67,396,170,25,145,16,129,42,87
67,397,2058,370,1688,95,1593,427,1166
67,398,265,57,208,16,192,45,147
67,400,828,163,665,26,639,114,525
67,401,262,40,222,30,192,46,146
67,402,79,4,75,5,70,11,59
67,403,338,60,278,20,258,69,189
67,404,721,154,567,37,530,128,402
67,405,1574,264,1310,64,1246,276,970
67,406,214,21,193,12,181,68,113
67,407,1382,277,1105,63,1042,268,774
67,408,1090,180,910,51,859,277,582
67,409,626,148,478,38,440,104,336
67,410,571,59,512,31,481,133,348
67,411,3803,687,3116,193,2923,861,2062
67,412,700,95,605,35,570,180,390
67,413,481,101,380,33,347,136,211
67,414,1181,316,865,71,794,362,432
67,415,403,91,312,20,292,83,209
67,416,388,64,324,22,302,77,225
67,417,290,38,252,13,239,55,184
67,418,748,108,640,41,599,140,459
67,420,1093,230,863,73,790,317,473
67,421,571,108,463,33,430,228,202
67,422,464,86,378,28,350,87,263
67,423,443,58,385,14,371,94,277
67,424,192,43,149,11,138,47,91
67,425,499,69,430,13,417,164,253
67,426,277,60,217,8,209,74,135
67,427,324,45,279,28,251,100,151
67,428,427,64,363,30,333,97,236
67,429,451,72,379,19,360,86,274
67,430,610,86,524,45,479,176,303
67,431,174,20,154,8,146,52,94
67,432,483,64,419,27,392,74,318
67,433,916,140,776,35,741,230,511
67,434,2140,561,1579,96,1483,454,1029
67,435,757,144,613,57,556,132,424
67,436,386,56,330,37,293,117,176
67,437,7675,1715,5960,289,5671,2168,3503
67,438,673,84,589,30,559,142,417
67,439,323,51,272,17,255,80,175
67,440,454,93,361,18,343,69,274
67,441,243,51,192,12,180,62,118
67,442,897,117,780,54,726,211,515
67,443,465,88,377,20,357,85,272
67,444,105,12,93,8,85,20,65
67,445,2449,401,2048,128,1920,599,1321
67,446,380,69,311,24,287,103,184
67,447,17487,4671,12816,601,12215,6616,5599
67,448,1575,382,1193,81,1112,492,620
67,449,1778,346,1432,99,1333,303,1030
67,450,542,103,439,19,420,119,301
67,451,1194,200,994,51,943,134,809
67,452,1049,129,920,33,887,207,680
67,453,456,82,374,19,355,111,244
67,454,344,36,308,26,282,68,214
67,455,542,99,443,34,409,122,287
67,456,315,63,252,23,229,47,182
67,458,3514,617,2897,197,2700,740,1960
67,459,595,78,517,39,478,102,376
67,460,1253,180,1073,64,1009,285,724
67,461,213,28,185,11,174,35,139
67,462,12703,2516,10187,596,9591,4194,5397
67,463,2036,363,1673,111,1562,412,1150
67,464,673,86,587,41,546,129,417
67,465,1619,290,1329,84,1245,316,929
67,466,328,54,274,21,253,56,197
67,467,347,57,290,17,273,52,221
67,468,503,94,409,32,377,128,249
67,469,311,47,264,22,242,77,165
67,470,105,27,78,4,74,36,38
67,471,5277,851,4426,218,4208,1551,2657
67,472,3517,811,2706,186,2520,746,1774
67,473,743,143,600,44,556,201,355
67,474,2234,412,1822,124,1698,463,1235
67,475,195,36,159,11,148,60,88
67,476,505,108,397,36,361,96,265
67,477,497,84,413,25,388,100,288
67,478,1634,306,1328,75,1253,334,919
67,479,509,100,409,22,387,74,313
67,480,1345,237,1108,65,1043,308,735
67,481,846,137,709,31,678,150,528
67,482,142324,33068,109256,4220,105036,57452,47584
67,483,206,38,168,15,153,53,100
67,484,358,75,283,13,270,55,215
67,485,1161,127,1034,71,963,320,643
67,486,1198,203,995,59,936,222,714
67,487,1283,271,1012,71,941,239,702
67,488,152,34,118,14,104,16,88
67,489,635,96,539,26,513,158,355
67,490,496,70,426,34,392,162,230
67,491,273,74,199,16,183,55,128
67,492,556,94,462,28,434,135,299
67,493,373,43,330,26,304,111,193
67,494,348,48,300,14,286,57,229
67,495,2441,345,2096,100,1996,581,1415
67,496,957,132,825,39,786,177,609
67,497,572,93,479,26,453,113,340
67,498,591,130,461,26,435,122,313
67,499,270,40,230,19,211,75,136
67,500,1178,220,958,56,902,273,629
67,501,441,69,372,18,354,119,235
67,502,166,27,139,14,125,48,77
67,503,143,21,122,8,114,44,70
67,504,993,170,823,39,784,159,625
67,505,355,65,290,19,271,105,166
67,506,4527,966,3561,209,3352,1263,2089
67,507,1418,326,1092,73,1019,348,671
67,508,346,71,275,19,256,47,209
67,509,280,68,212,27,185,73,112
67,510,344,46,298,17,281,92,189
67,511,685,101,584,54,530,154,376
67,512,827,175,652,38,614,180,434
67,513,115,22,93,2,91,30,61
67,514,517,89,428,29,399,85,314
67,515,441,48,393,34,359,91,268
67,516,553,80,473,37,436,136,300
67,517,527,63,464,30,434,125,309
67,519,4487,740,3747,183,3564,994,2570
67,520,4029,852,3177,200,2977,924,2053
67,521,380,66,314,28,286,82,204
67,522,466,100,366,15,351,85,266
67,523,2345,440,1905,146,1759,451,1308
67,524,495,116,379,29,350,123,227
67,525,1304,209,1095,43,1052,265,787
67,526,1278,203,1075,77,998,280,718
67,527,207,34,173,9,164,35,129
67,528,425,64,361,36,325,101,224
67,529,2643,474,2169,131,2038,565,1473
67,530,356,45,311,13,298,59,239
67,531,270,49,221,20,201,98,103
67,532,728,99,629,40,589,160,429
67,534,575,78,497,33,464,120,344
67,535,895,119,776,55,721,206,515
67,536,157,34,123,12,111,36,75
67,537,387,56,331,28,303,106,197
67,538,1212,222,990,71,919,320,599
67,539,880,90,790,34,756,163,593
67,540,608,87,521,22,499,90,409
67,541,344,59,285,18,267,58,209
67,542,265,35,230,11,219,64,155
67,543,1559,272,1287,87,1200,474,726
67,544,5636,1484,4152,214,3938,1410,2528
67,545,398,61,337,31,306,69,237
67,546,486,65,421,26,395,85,310
67,547,1602,316,1286,71,1215,375,840
67,548,653,52,601,23,578,120,458
67,550,1395,293,1102,87,1015,306,709
67,551,2893,504,2389,120,2269,816,1453
67,552,278,58,220,27,193,66,127
67,553,260,40,220,10,210,40,170
67,554,746,100,646,26,620,161,459
67,555,199,44,155,10,145,29,116
67,556,150,22,128,9,119,36,83
67,557,542,78,464,11,453,119,334
67,558,636,130,506,39,467,149,318
67,559,213,42,171,13,158,56,102
67,560,147,32,115,10,105,28,77
68,1,599,97,502,40,462,134,328
68,2,294,51,243,15,228,66,162
68,4,3833,717,3116,173,2943,1222,1721
68,5,1388,213,1175,70,1105,365,740
68,6,317,30,287,25,262,68,194
68,7,1792,257,1535,100,1435,466,969
68,8,430,58,372,13,359,117,242
68,9,580,83,497,44,453,135,318
68,10,832,131,701,38,663,202,461
68,11,1025,172,853,64,789,265,524
68,12,1119,149,970,56,914,290,624
68,13,648,70,578,24,554,69,485
68,14,262,44,218,18,200,95,105
68,15,2117,349,1768,104,1664,568,1096
68,16,655,90,565,46,519,150,369
68,17,658,102,556,41,515,156,359
68,18,643,98,545,31,514,135,379
68,19,399,57,342,33,309,112,197
68,20,1186,208,978,63,915,295,620
68,21,2471,439,2032,108,1924,389,1535
68,22,1143,162,981,74,907,279,628
68,23,755,138,617,31,586,159,427
68,24,96,18,78,7,71,31,40
68,25,167,36,131,1,130,30,100
68,26,988,142,846,49,797,195,602
68,27,261,45,216,16,200,40,160
68,28,1508,251,1257,97,1160,330,830
68,29,830,113,717,49,668,263,405
68,30,339,51,288,13,275,90,185
68,31,533,77,456,32,424,99,325
68,32,953,106,847,45,802,218,584
68,33,404,58,346,21,325,70,255
68,34,246,34,212,3,209,33,176
68,35,207,43,164,6,158,48,110
68,36,1724,323,1401,101,1300,470,830
68,37,290,45,245,31,214,74,140
68,38,778,140,638,44,594,198,396
68,39,477,99,378,14,364,81,283
68,40,1433,274,1159,63,1096,451,645
68,41,1368,248,1120,76,1044,272,772
68,42,2894,558,2336,97,2239,481,1758
68,43,2899,667,2232,172,2060,880,1180
68,44,625,113,512,41,471,171,300
68,45,469,78,391,23,368,127,241
68,46,350,56,294,18,276,136,140
68,49,333,60,273,19,254,55,199
68,50,364,64,300,17,283,94,189
68,51,704,155,549,36,513,159,354
68,52,140,21,119,7,112,33,79
68,54,277,27,250,14,236,42,194
68,55,834,100,734,39,695,193,502
68,56,4608,950,3658,201,3457,1133,2324
68,57,191,21,170,13,157,52,105
68,58,2527,649,1878,120,1758,687,1071
68,59,1361,243,1118,58,1060,341,719
68,60,1296,189,1107,60,1047,365,682
68,61,683,124,559,41,518,107,411
68,62,1499,245,1254,70,1184,375,809
68,63,7665,1664,6001,360,5641,2422,3219
68,64,695,96,599,44,555,187,368
68,65,466,91,375,28,347,154,193
68,66,41857,10876,30981,1737,29244,12906,16338
68,67,292,51,241,19,222,38,184
68,68,1382,221,1161,73,1088,353,735
68,69,903,114,789,72,717,194,523
68,70,1277,212,1065,62,1003,360,643
68,71,212,39,173,21,152,53,99
68,72,1087,156,931,60,871,253,618
68,73,349,38,311,24,287,120,167
68,74,379,47,332,24,308,56,252
68,75,645,105,540,27,513,149,364
68,76,644,75,569,45,524,120,404
68,77,285,51,234,17,217,64,153
68,78,1311,164,1147,40,1107,344,763
68,79,229,32,197,7,190,68,122
68,80,238,40,198,10,188,68,120
68,81,416,44,372,23,349,68,281
68,82,5554,1261,4293,308,3985,1539,2446
68,83,316,52,264,14,250,96,154
68,84,1161,171,990,53,937,296,641
68,85,294,59,235,20,215,74,141
68,86,154,25,129,9,120,30,90
68,87,382,55,327,18,309,73,236
68,88,749,105,644,37,607,226,381
68,89,1305,200,1105,81,1024,298,726
68,90,518,118,400,24,376,146,230
68,91,1630,220,1410,107,1303,408,895
68,92,343,40,303,16,287,59,228
68,93,1249,206,1043,54,989,306,683
68,94,590,78,512,28,484,106,378
68,95,928,163,765,47,718,261,457
68,96,268,33,235,9,226,24,202
68,97,1104,192,912,86,826,335,491
68,98,491,67,424,36,388,108,280
68,99,575,91,484,29,455,154,301
68,100,290,39,251,25,226,53,173
68,101,569,74,495,28,467,131,336
68,102,407,66,341,35,306,120,186
68,103,364,51,313,23,290,47,243
68,104,224,34,190,7,183,48,135
68,105,251,40,211,9,202,59,143
68,106,248,40,208,21,187,62,125
68,107,309,49,260,21,239,46,193
68,108,407,69,338,16,322,65,257
68,109,585,77,508,44,464,170,294
68,110,687,79,608,48,560,118,442
68,111,696,96,600,27,573,145,428
68,112,7762,1957,5805,404,5401,2492,2909
68,113,1103,200,903,58,845,201,644
68,114,125,18,107,8,99,31,68
68,115,1123,184,939,60,879,271,608
68,116,595,95,500,33,467,200,267
68,117,715,116,599,56,543,198,345
68,118,3739,715,3024,197,2827,884,1943
68,119,537,80,457,43,414,143,271
68,120,772,123,649,30,619,113,506
68,121,453,65,388,14,374,56,318
68,122,488,79,409,28,381,143,238
68,123,651,116,535,35,500,171,329
68,124,348,56,292,20,272,63,209
68,125,383,99,284,18,266,88,178
68,126,1959,360,1599,75,1524,334,1190
68,127,547,90,457,33,424,144,280
68,128,481,92,389,30,359,113,246
68,129,1108,160,948,55,893,271,622
68,130,706,136,570,43,527,161,366
68,131,152,23,129,7,122,34,88
68,132,554,74,480,25,455,78,377
68,133,163,19,144,7,137,31,106
68,134,1468,225,1243,69,1174,428,746
68,135,1582,255,1327,53,1274,278,996
68,136,279,36,243,12,231,54,177
68,137,458,76,382,29,353,110,243
68,138,1532,292,1240,74,1166,347,819
68,139,1059,188,871,59,812,247,565
68,140,906,141,765,56,709,187,522
68,141,1633,242,1391,99,1292,443,849
68,142,271,45,226,20,206,74,132
68,143,1079,160,919,55,864,265,599
68,144,816,123,693,49,644,263,381
68,145,4058,643,3415,221,3194,1112,2082
68,146,1403,189,1214,87,1127,305,822
68,147,461,68,393,16,377,97,280
68,148,244,37,207,12,195,37,158
68,149,4039,925,3114,184,2930,1190,1740
68,150,388,51,337,22,315,71,244
68,151,780,129,651,47,604,260,344
68,152,1899,313,1586,88,1498,426,1072
68,153,546,70,476,31,445,96,349
68,154,9612,2140,7472,456,7016,3243,3773
68,155,3334,591,2743,176,2567,964,1603
68,156,2342,421,1921,132,1789,649,1140
68,157,923,134,789,56,733,189,544
68,158,380,59,321,14,307,46,261
68,159,693,117,576,37,539,221,318
68,160,422,48,374,12,362,68,294
68,161,441,41,400,26,374,102,272
68,162,2131,395,1736,112,1624,577,1047
68,163,3378,701,2677,166,2511,719,1792
68,164,628,117,511,40,471,138,333
68,165,165,30,135,4,131,20,111
68,166,10210,2354,7856,510,7346,3057,4289
68,167,654,115,539,35,504,136,368
68,168,251,32,219,12,207,45,162
68,169,361,47,314,13,301,66,235
68,170,456,48,408,26,382,114,268
68,171,805,129,676,45,631,178,453
68,172,1145,149,996,69,927,319,608
68,173,1712,273,1439,98,1341,460,881
68,174,1278,210,1068,85,983,334,649
68,175,1528,271,1257,108,1149,531,618
68,176,227,31,196,12,184,52,132
68,177,1288,280,1008,86,922,398,524
68,178,810,142,668,64,604,210,394
68,179,722,122,600,40,560,181,379
68,180,706,97,609,48,561,192,369
68,181,222,40,182,5,177,40,137
68,182,590,106,484,20,464,78,386
68,183,121,19,102,4,98,16,82
68,184,234,47,187,18,169,29,140
68,185,1344,262,1082,89,993,435,558
68,186,254,36,218,9,209,33,176
68,187,247,31,216,5,211,30,181
68,188,489,69,420,25,395,172,223
68,189,616,68,548,36,512,150,362
68,190,37,5,32,0,32,4,28
68,191,628,94,534,50,484,143,341
68,192,284,62,222,24,198,74,124
68,193,639,119,520,50,470,173,297
68,194,189,29,160,10,150,26,124
68,195,4649,1075,3574,234,3340,1364,1976
68,196,201,46,155,15,140,42,98
68,197,335,29,306,16,290,63,227
68,198,206,41,165,5,160,20,140
68,199,402,92,310,22,288,119,169
68,200,429,82,347,28,319,111,208
68,201,2463,508,1955,124,1831,683,1148
68,202,182,26,156,11,145,34,111
68,203,1044,141,903,78,825,321,504
68,204,875,152,723,50,673,201,472
68,205,778,97,681,53,628,210,418
68,206,277,51,226,20,206,50,156
68,207,588,83,505,33,472,106,366
68,208,426,59,367,17,350,56,294
68,209,670,104,566,34,532,142,390
68,210,288,62,226,17,209,65,144
68,211,319,50,269,18,251,56,195
68,212,439,47,392,13,379,60,319
68,213,342,70,272,17,255,110,145
68,214,243,31,212,19,193,62,131
68,215,685,119,566,37,529,212,317
68,216,296,37,259,11,248,57,191
68,217,1345,261,1084,93,991,290,701
68,218,2646,461,2185,147,2038,757,1281
68,219,267,29,238,23,215,73,142
68,221,645,104,541,31,510,74,436
68,222,726,121,605,25,580,102,478
68,223,623,96,527,40,487,145,342
68,224,53775,14771,39004,2337,36667,19176,17491
68,225,1225,181,1044,77,967,350,617
68,226,3379,752,2627,201,2426,866,1560
68,227,892,134,758,56,702,219,483
68,228,366,38,328,30,298,90,208
68,229,117,12,105,8,97,48,49
68,230,401,64,337,23,314,128,186
68,231,1158,264,894,55,839,332,507
68,232,348,58,290,7,283,40,243
68,233,356,57,299,29,270,110,160
68,234,381,63,318,33,285,83,202
68,235,789,106,683,70,613,214,399
68,237,492,75,417,31,386,95,291
68,238,622,72,550,35,515,116,399
68,239,347,62,285,19,266,91,175
68,240,415,52,363,11,352,66,286
68,241,456,72,384,25,359,120,239
68,242,959,150,809,78,731,269,462
68,243,111,17,94,10,84,15,69
68,244,300,54,246,23,223,67,156
68,245,342,42,300,12,288,82,206
68,246,684,112,572,43,529,148,381
68,247,961,176,785,70,715,224,491
68,248,525,76,449,21,428,79,349
68,249,2742,448,2294,161,2133,797,1336
68,250,824,124,700,40,660,175,485
68,251,749,116,633,53,580,191,389
68,252,1246,223,1023,55,968,251,717
68,253,1438,305,1133,87,1046,415,631
68,254,575,94,481,32,449,118,331
68,255,1027,159,868,63,805,221,584
68,256,6783,1467,5316,308,5008,1964,3044
68,257,739,109,630,37,593,184,409
68,258,2394,472,1922,136,1786,688,1098
68,259,355,43,312,16,296,27,269
68,260,944,153,791,47,744,204,540
68,261,200,36,164,7,157,58,99
68,262,675,126,549,31,518,167,351
68,263,516,62,454,15,439,57,382
68,264,390,41,349,12,337,45,292
68,265,617,114,503,22,481,100,381
68,266,1378,240,1138,85,1053,379,674
68,267,1479,222,1257,74,1183,371,812
68,268,472,73,399,33,366,147,219
68,269,3569,659,2910,177,2733,835,1898
68,270,2790,501,2289,164,2125,786,1339
68,271,9217,1989,7228,457,6771,2426,4345
68,272,321,26,295,25,270,67,203
68,273,509,55,454,14,440,96,344
68,274,122,39,83,5,78,28,50
68,275,409,75,334,36,298,100,198
68,276,160,27,133,12,121,51,70
68,277,874,153,721,37,684,183,501
68,278,10045,2115,7930,496,7434,2701,4733
68,279,739,108,631,47,584,224,360
68,280,256,21,235,20,215,42,173
68,281,349,28,321,28,293,115,178
68,282,169,23,146,11,135,53,82
68,283,687,136,551,51,500,202,298
68,284,505,80,425,21,404,96,308
68,285,333,44,289,19,270,83,187
68,286,1508,267,1241,62,1179,304,875
68,287,2995,546,2449,179,2270,861,1409
68,288,278,33,245,10,235,50,185
68,289,1939,294,1645,140,1505,560,945
68,290,608,108,500,49,451,151,300
68,291,801,114,687,36,651,133,518
68,292,1834,387,1447,108,1339,455,884
68,293,76,11,65,6,59,13,46
68,294,1469,342,1127,89,1038,421,617
68,295,2086,330,1756,105,1651,466,1185
68,296,840,152,688,41,647,172,475
68,297,10975,2794,8181,442,7739,3138,4601
68,298,3338,733,2605,174,2431,1145,1286
68,299,238,44,194,11,183,59,124
68,300,4098,612,3486,245,3241,1120,2121
68,301,923,117,806,40,766,228,538
68,302,625,90,535,42,493,162,331
68,303,205,24,181,9,172,47,125
68,304,1078,165,913,59,854,324,530
68,305,801,153,648,48,600,222,378
68,306,329,51,278,13,265,117,148
68,307,484,84,400,32,368,102,266
68,308,285,37,248,15,233,60,173
68,309,2041,346,1695,92,1603,405,1198
68,310,964,146,818,53,765,221,544
68,311,556,107,449,34,415,127,288
68,312,286,59,227,5,222,44,178
68,313,591,83,508,49,459,132,327
68,314,485,77,408,31,377,138,239
68,315,4752,866,3886,241,3645,1562,2083
68,316,549,78,471,41,430,126,304
68,317,978,163,815,68,747,228,519
68,318,1681,275,1406,103,1303,425,878
68,319,563,66,497,38,459,130,329
68,320,492,60,432,27,405,109,296
68,321,2932,652,2280,160,2120,946,1174
68,322,1144,204,940,54,886,304,582
68,323,574,102,472,28,444,92,352
68,324,473,70,403,12,391,111,280
68,325,555,70,485,25,460,87,373
68,326,121,12,109,7,102,38,64
68,327,262,32,230,14,216,47,169
68,328,212,36,176,17,159,48,111
68,329,1083,201,882,81,801,235,566
68,330,255,34,221,15,206,57,149
68,331,1565,195,1370,91,1279,438,841
68,332,579,88,491,33,458,151,307
68,333,244,42,202,12,190,48,142
68,334,5360,1094,4266,269,3997,1718,2279
68,335,384,52,332,20,312,115,197
68,336,380,59,321,21,300,62,238
68,337,412,50,362,30,332,92,240
68,338,2949,514,2435,185,2250,763,1487
68,340,269,33,236,17,219,62,157
68,341,726,87,639,28,611,180,431
68,342,1228,202,1026,82,944,321,623
68,343,1702,368,1334,116,1218,389,829
68,344,361,67,294,24,270,70,200
68,345,516,49,467,26,441,133,308
68,347,473,85,388,23,365,114,251
68,348,2147,457,1690,122,1568,669,899
68,349,2597,463,2134,102,2032,539,1493
68,350,464,71,393,20,373,109,264
68,351,406,78,328,24,304,88,216
68,352,1500,377,1123,70,1053,378,675
68,353,335,51,284,17,267,56,211
68,354,802,111,691,42,649,288,361
68,355,1088,248,840,38,802,174,628
68,356,720,113,607,38,569,148,421
68,357,415,55,360,16,344,92,252
68,358,392,57,335,34,301,105,196
68,359,1385,203,1182,75,1107,386,721
68,360,379,52,327,24,303,96,207
68,361,297,49,248,20,228,68,160
68,362,476,76,400,23,377,93,284
68,363,424,54,370,18,352,85,267
68,364,784,144,640,51,589,120,469
68,365,1429,213,1216,74,1142,273,869
68,366,617,93,524,31,493,153,340
68,367,892,140,752,43,709,247,462
68,368,1071,159,912,77,835,286,549
68,370,143,21,122,10,112,46,66
68,371,271,37,234,11,223,53,170
68,372,1498,345,1153,109,1044,354,690
68,373,259,48,211,10,201,41,160
68,374,5716,1117,4599,307,4292,1594,2698
68,375,8171,1769,6402,451,5951,2485,3466
68,376,10227,2276,7951,556,7395,3333,4062
68,377,629,95,534,44,490,159,331
68,378,240,32,208,19,189,53,136
68,379,761,102,659,48,611,153,458
68,380,335,47,288,16,272,50,222
68,381,670,90,580,35,545,183,362
68,382,255,42,213,14,199,39,160
68,383,327,58,269,9,260,63,197
68,384,2209,347,1862,120,1742,566,1176
68,385,751,103,648,35,613,194,419
68,386,953,143,810,42,768,204,564
69,1,250,26,224,17,207,58,149
69,2,224,43,181,19,162,33,129
69,3,1583,263,1320,62,1258,507,751
69,4,417,58,359,27,332,146,186
69,5,389,59,330,20,310,92,218
69,6,3664,721,2943,183,2760,1144,1616
69,7,1917,281,1636,92,1544,577,967
69,8,444,44,400,22,378,135,243
69,9,4004,592,3412,176,3236,1462,1774
69,10,3858,732,3126,165,2961,1578,1383
69,12,470,46,424,23,401,148,253
69,13,2379,359,2020,100,1920,750,1170
69,14,781,90,691,50,641,262,379
69,15,97,12,85,4,81,39,42
69,16,122,18,104,4,100,28,72
69,17,568,83,485,24,461,204,257
69,18,1220,243,977,46,931,310,621
69,19,4515,961,3554,195,3359,1484,1875
69,20,463,51,412,31,381,192,189
69,21,1544,224,1320,72,1248,554,694
69,22,348,45,303,12,291,107,184
69,23,1002,133,869,64,805,213,592
69,24,1656,228,1428,73,1355,607,748
69,25,1762,402,1360,94,1266,567,699
69,26,306,36,270,14,256,85,171
69,27,8291,1585,6706,335,6371,2970,3401
69,28,3969,508,3461,156,3305,1219,2086
69,29,22320,4508,17812,827,16985,9052,7933
69,30,605,66,539,32,507,174,333
69,31,758,81,677,53,624,235,389
69,32,1475,239,1236,54,1182,442,740
69,33,1811,214,1597,64,1533,520,1013
69,34,28462,4920,23542,936,22606,9993,12613
69,35,302,43,259,7,252,107,145
69,36,743,116,627,42,585,212,373
69,37,552,103,449,18,431,169,262
69,38,637,102,535,25,510,182,328
69,39,510,91,419,35,384,164,220
69,40,3732,538,3194,148,3046,1120,1926
69,41,181,11,170,11,159,55,104
69,42,395,23,372,21,351,113,238
69,43,6097,912,5185,252,4933,2035,2898
69,44,3875,460,3415,118,3297,831,2466
69,45,824,113,711,50,661,237,424
69,46,3436,400,3036,132,2904,1069,1835
69,47,729,117,612,38,574,230,344
69,48,878,90,788,56,732,329,403
69,49,2089,301,1788,102,1686,558,1128
69,50,1515,195,1320,67,1253,526,727
69,51,778,71,707,37,670,300,370
69,52,3100,447,2653,147,2506,994,1512
69,53,385,60,325,17,308,116,192
69,54,276,41,235,14,221,61,160
69,55,955,135,820,53,767,241,526
69,56,1184,189,995,53,942,397,545
69,57,401,31,370,21,349,139,210
69,58,326,60,266,14,252,102,150
69,59,1032,148,884,32,852,304,548
69,60,478,74,404,30,374,118,256
69,61,834,122,712,30,682,216,466
69,62,577,78,499,27,472,143,329
69,63,2950,397,2553,102,2451,720,1731
69,64,2612,476,2136,89,2047,1042,1005
69,65,621,103,518,31,487,153,334
69,66,2825,479,2346,186,2160,948,1212
69,67,833,103,730,41,689,247,442
69,68,1719,287,1432,53,1379,634,745
69,69,6988,1081,5907,284,5623,2312,3311
69,70,889,144,745,50,695,264,431
69,71,764,114,650,34,616,232,384
69,72,6366,1049,5317,167,5150,1779,3371
69,73,368,35,333,20,313,93,220
69,74,1049,109,940,42,898,327,571
69,75,118,15,103,7,96,28,68
69,76,2078,224,1854,73,1781,501,1280
69,77,667,124,543,34,509,141,368
69,78,540,67,473,31,442,135,307
69,80,1109,138,971,90,881,364,517
69,81,12057,2195,9862,363,9499,3059,6440
69,82,181,16,165,12,153,36,117
69,83,810,75,735,37,698,300,398
69,84,987,141,846,64,782,228,554
69,85,975,108,867,31,836,286,550
69,86,1755,246,1509,90,1419,604,815
69,87,2110,254,1856,60,1796,711,1085
69,88,4297,733,3564,146,3418,1456,1962
69,89,8851,1247,7604,325,7279,3325,3954
69,90,591,78,513,22,491,190,301
69,91,10858,2815,8043,418,7625,5141,2484
69,92,5343,1065,4278,252,4026,1804,2222
69,93,818,152,666,27,639,252,387
69,94,3630,521,3109,147,2962,1164,1798
69,95,595,69,526,54,472,174,298
69,96,5803,1387,4416,253,4163,2564,1599
69,97,590,86,504,37,467,227,240
69,98,321,55,266,16,250,95,155
69,99,954,139,815,55,760,307,453
69,100,5948,909,5039,286,4753,2382,2371
69,101,475,64,411,17,394,172,222
69,102,498,82,416,34,382,167,215
69,103,706,80,626,43,583,215,368
69,104,322,64,258,20,238,86,152
69,105,709,93,616,27,589,199,390
69,106,690,63,627,28,599,184,415
69,107,740,134,606,28,578,247,331
69,108,574,85,489,37,452,179,273
69,109,602,65,537,38,499,173,326
69,110,1396,189,1207,72,1135,345,790
69,111,428,50,378,24,354,163,191
69,112,4100,664,3436,120,3316,1243,2073
69,113,559,76,483,27,456,193,263
69,114,1327,176,1151,69,1082,345,737
69,115,3151,488,2663,143,2520,978,1542
69,116,2311,230,2081,74,2007,541,1466
69,117,2437,304,2133,77,2056,612,1444
69,118,1741,261,1480,85,1395,563,832
69,119,727,129,598,58,540,221,319
69,120,454,56,398,27,371,128,243
69,121,1719,248,1471,95,1376,512,864
69,122,1268,157,1111,44,1067,321,746
69,123,292719,61375,231344,9034,222310,118089,104221
69,124,366,60,306,23,283,111,172
69,125,689,70,619,29,590,182,408
69,126,534,58,476,20,456,132,324
69,127,2220,287,1933,76,1857,748,1109
69,128,415,55,360,21,339,136,203
69,129,467,70,397,35,362,115,247
69,130,187,31,156,12,144,56,88
69,131,2362,278,2084,105,1979,738,1241
69,132,588,75,513,30,483,149,334
69,133,2816,317,2499,125,2374,987,1387
69,134,161,12,149,8,141,64,77
69,135,601,115,486,31,455,212,243
69,136,1749,212,1537,86,1451,538,913
69,137,253,31,222,7,215,100,115
69,138,318,37,281,16,265,113,152
69,139,1088,186,902,79,823,347,476
69,140,1508,208,1300,65,1235,417,818
69,141,3962,456,3506,192,3314,1519,1795
69,142,4101,895,3206,143,3063,1542,1521
69,143,4540,955,3585,156,3429,1712,1717
69,144,505,54,451,31,420,162,258
69,145,578,84,494,30,464,154,310
69,146,526,70,456,20,436,152,284
69,147,663,122,541,35,506,210,296
69,148,1590,181,1409,73,1336,559,777
69,149,16803,3330,13473,677,12796,7044,5752
69,150,267,40,227,16,211,73,138
69,151,976,139,837,60,777,271,506
69,152,6197,1613,4584,247,4337,2736,1601
69,153,723,75,648,38,610,229,381
69,154,1262,162,1100,50,1050,357,693
69,155,799,84,715,43,672,257,415
69,156,1729,189,1540,62,1478,498,980
69,157,1903,363,1540,99,1441,581,860
69,158,325,45,280,19,261,103,158
69,159,637,73,564,37,527,187,340
69,160,809,141,668,50,618,212,406
69,161,396,79,317,31,286,83,203
69,162,967,129,838,53,785,245,540
69,163,2213,318,1895,112,1783,678,1105
69,164,283,57,226,14,212,88,124
69,165,837,103,734,52,682,229,453
69,166,195,29,166,10,156,87,69
69,167,411,51,360,14,346,125,221
69,168,880,116,764,45,719,270,449
69,169,504,68,436,30,406,123,283
69,170,833,115,718,47,671,219,452
69,171,1601,304,1297,73,1224,643,581
69,172,559,60,499,30,469,167,302
69,173,675,90,585,49,536,173,363
69,174,436,68,368,23,345,122,223
69,175,1459,184,1275,68,1207,443,764
69,176,2840,418,2422,113,2309,952,1357
69,177,1524,247,1277,76,1201,565,636
69,178,508,58,450,39,411,178,233
69,179,1110,125,985,46,939,467,472
69,180,206,37,169,11,158,54,104
69,181,133,21,112,9,103,52,51
69,182,333,71,262,18,244,50,194
69,183,257,44,213,11,202,54,148
69,184,661,91,570,30,540,210,330
69,185,193,36,157,7,150,51,99
69,186,200,45,155,5,150,51,99
69,187,434,50,384,25,359,148,211
69,188,455,47,408,20,388,144,244
69,189,1334,256,1078,66,1012,454,558
69,190,1512,217,1295,56,1239,485,754
69,191,4251,565,3686,127,3559,939,2620
69,192,97,9,88,7,81,38,43
69,193,947,106,841,51,790,317,473
69,194,5081,592,4489,131,4358,1071,3287
69,195,899,91,808,42,766,283,483
69,196,421,59,362,20,342,114,228
69,197,1415,235,1180,68,1112,344,768
69,198,538,60,478,25,453,134,319
69,199,7862,2061,5801,269,5532,3760,1772
69,200,1168,156,1012,57,955,278,677
69,201,876,152,724,42,682,296,386
69,202,15295,2247,13048,513,12535,5016,7519
69,203,750,108,642,48,594,277,317
69,204,15222,3316,11906,520,11386,5195,6191
69,205,3720,599,3121,142,2979,1345,1634
69,206,3151,737,2414,126,2288,707,1581
69,207,1935,317,1618,82,1536,771,765
69,208,1043,108,935,66,869,361,508
69,209,498,112,386,34,352,118,234
69,210,95,16,79,7,72,18,54
69,211,2227,441,1786,101,1685,716,969
69,212,326,44,282,15,267,97,170
69,213,567,65,502,39,463,225,238
69,214,782,127,655,48,607,199,408
69,215,645,95,550,37,513,178,335
69,216,426,59,367,21,346,109,237
69,217,641,108,533,32,501,172,329
69,218,712,113,599,33,566,156,410
69,219,1643,201,1442,84,1358,585,773
69,220,1306,189,1117,68,1049,355,694
69,221,174,18,156,4,152,67,85
69,222,671,90,581,40,541,253,288
69,223,808,84,724,41,683,222,461
69,224,56,5,51,4,47,16,31
69,225,422,44,378,34,344,131,213
69,227,2953,443,2510,92,2418,711,1707
69,228,1636,214,1422,96,1326,574,752
69,229,562,74,488,33,455,138,317
69,230,242,31,211,13,198,60,138
69,231,1813,291,1522,93,1429,712,717
69,233,848,121,727,32,695,286,409
69,234,1100,148,952,51,901,319,582
69,235,1182,157,1025,61,964,433,531
69,236,371,63,308,17,291,139,152
69,237,482,32,450,28,422,163,259
69,238,2552,448,2104,125,1979,841,1138
69,239,864,112,752,27,725,236,489
69,240,539,105,434,18,416,146,270
69,241,1603,200,1403,63,1340,525,815
69,242,576,68,508,30,478,150,328
69,243,6641,1479,5162,307,4855,2510,2345
69,244,12531,1827,10704,434,10270,3660,6610
69,245,568,76,492,20,472,173,299
69,246,925,134,791,37,754,283,471
69,247,242,25,217,8,209,30,179
69,248,1527,320,1207,75,1132,502,630
69,249,2029,249,1780,82,1698,566,1132
69,250,2823,292,2531,90,2441,799,1642
69,251,101,14,87,9,78,27,51
69,252,546,99,447,27,420,200,220
69,253,492,59,433,21,412,152,260
69,254,579,115,464,29,435,182,253
69,255,3483,425,3058,121,2937,1169,1768
69,256,20881,6129,14752,570,14182,10193,3989
69,257,748,93,655,28,627,225,402
69,258,273,53,220,11,209,59,150
69,259,29473,7321,22152,1158,20994,14448,6546
69,260,2978,504,2474,95,2379,1065,1314
69,261,57,5,52,0,52,17,35
69,263,614,75,539,28,511,158,353
69,264,18436,4052,14384,665,13719,6686,7033
69,265,605,93,512,25,487,170,317
69,266,78330,16515,61815,2664,59151,34315,24836
69,267,1628,330,1298,99,1199,423,776
69,268,2428,304,2124,89,2035,712,1323
69,269,724,106,618,29,589,240,349
69,270,2875,361,2514,133,2381,846,1535
69,271,7436,1197,6239,299,5940,2370,3570
69,272,3125,450,2675,146,2529,1188,1341
69,273,6889,1014,5875,365,5510,2594,2916
69,275,16855,4129,12726,674,12052,6003,6049
69,276,5692,1054,4638,240,4398,2499,1899
69,277,9243,1265,7978,368,7610,2914,4696
69,278,3615,557,3058,164,2894,1178,1716
69,279,4265,681,3584,190,3394,1362,2032
69,280,872,133,739,45,694,264,430
69,281,1180,174,1006,60,946,354,592
69,282,19894,3615,16279,786,15493,7734,7759
69,283,8264,1306,6958,369,6589,3040,3549
69,284,2218,270,1948,99,1849,769,1080
69,285,2567,542,2025,101,1924,671,1253
69,286,16846,3472,13374,575,12799,6777,6022
69,287,4980,733,4247,209,4038,1510,2528
69,288,3962,638,3324,176,3148,1077,2071
69,289,3338,465,2873,167,2706,1027,1679
69,290,25697,5326,20371,1092,19279,10335,8944
69,291,3588,610,2978,153,2825,1253,1572
69,292,2941,697,2244,109,2135,1057,1078
69,293,1680,173,1507,77,1430,492,938
69,294,1861,312,1549,75,1474,678,796
69,295,1184,168,1016,63,953,377,576
69,296,1998,239,1759,88,1671,653,1018
69,297,3516,544,2972,131,2841,1264,1577
69,298,1751,195,1556,109,1447,557,890
69,299,1705,270,1435,106,1329,427,902
70,1,269,51,218,15,203,96,107
70,2,189,23,166,16,150,68,82
70,3,61,14,47,5,42,14,28
70,4,230,25,205,30,175,101,74
70,5,100,18,82,9,73,40,33
70,6,1304,285,1019,96,923,479,444
70,7,244,45,199,21,178,69,109
70,8,158,19,139,9,130,67,63
70,9,87,7,80,7,73,27,46
70,10,82,8,74,9,65,28,37
70,11,290,16,274,29,245,146,99
70,12,535,98,437,38,399,239,160
70,13,84,15,69,13,56,34,22
70,14,276,19,257,25,232,122,110
70,15,262,46,216,16,200,107,93
70,16,177,27,150,22,128,58,70
70,17,202,33,169,15,154,63,91
70,18,368,57,311,27,284,125,159
70,19,117,11,106,12,94,46,48
70,20,163,16,147,11,136,67,69
70,21,138,15,123,12,111,57,54
70,22,119,21,98,5,93,51,42
70,23,147,23,124,8,116,60,56
70,24,353,55,298,12,286,142,144
70,25,191,26,165,14,151,65,86
70,26,1936,360,1576,109,1467,814,653
70,27,73,11,62,5,57,12,45
70,28,147,13,134,7,127,57,70
70,29,180,24,156,7,149,60,89
70,30,42,7,35,3,32,11,21
70,31,513,85,428,41,387,169,218
70,32,32,3,29,1,28,9,19
70,35,121,17,104,4,100,38,62
70,36,130,21,109,7,102,41,61
70,37,251,35,216,17,199,82,117
70,38,232,24,208,14,194,86,108
70,39,248,37,211,14,197,97,100
70,40,178,19,159,14,145,59,86
70,41,361,78,283,17,266,95,171
70,42,69,7,62,7,55,32,23
70,43,223,36,187,11,176,105,71
70,44,359,47,312,38,274,116,158
70,45,330,47,283,22,261,122,139
70,46,271,30,241,18,223,109,114
70,47,74,9,65,2,63,33,30
70,48,120,11,109,4,105,43,62
70,49,78,11,67,1,66,20,46
70,50,73,8,65,3,62,21,41
70,51,47,6,41,6,35,16,19
70,52,128,20,108,7,101,66,35
70,53,74,7,67,4,63,32,31
70,54,192,15,177,13,164,79,85
70,55,427,65,362,42,320,155,165
70,56,271,58,213,21,192,120,72
70,57,82,8,74,6,68,21,47
70,58,661,85,576,49,527,226,301
70,59,373,61,312,19,293,121,172
70,60,231,24,207,26,181,91,90
70,61,91,13,78,7,71,39,32
70,62,111,16,95,6,89,49,40
70,63,183,32,151,9,142,77,65
70,64,122,22,100,13,87,54,33
70,65,63,13,50,4,46,23,23
70,66,111,12,99,16,83,41,42
70,67,70,4,66,7,59,37,22
70,69,51,5,46,6,40,13,27
70,70,43,10,33,3,30,17,13
70,71,64,13,51,8,43,12,31
70,72,70,10,60,2,58,22,36
70,74,213,34,179,15,164,95,69
70,75,135,26,109,5,104,38,66
70,76,230,21,209,18,191,88,103
70,77,202,23,179,14,165,81,84
70,78,71,6,65,2,63,31,32
70,79,360,48,312,12,300,136,164
70,80,209,20,189,11,178,74,104
70,81,220,30,190,17,173,80,93
70,82,101,8,93,4,89,54,35
70,83,368,61,307,24,283,116,167
70,84,430,40,390,16,374,136,238
70,85,364,38,326,33,293,126,167
70,86,73,12,61,4,57,32,25
70,87,98,11,87,11,76,29,47
70,88,98,10,88,14,74,41,33
70,89,52,14,38,0,38,15,23
70,90,60,11,49,5,44,34,10
70,91,46,4,42,2,40,12,28
70,92,130,14,116,17,99,32,67
70,93,600,116,484,27,457,207,250
70,94,256,46,210,24,186,108,78
70,95,453,80,373,36,337,173,164
70,96,476,72,404,27,377,195,182
70,97,220,37,183,16,167,74,93
70,98,184,40,144,31,113,56,57
70,99,62,4,58,4,54,26,28
70,100,89,25,64,11,53,23,30
70,101,385,48,337,35,302,119,183
70,102,212,31,181,15,166,69,97
70,103,168,20,148,12,136,82,54
70,104,504,91,413,23,390,178,212
70,105,102,17,85,12,73,28,45
70,106,91,10,81,14,67,34,33
70,107,278,47,231,15,216,112,104
70,109,243,33,210,6,204,94,110
70,111,187,9,178,12,166,85,81
70,112,174,19,155,15,140,70,70
70,113,104,8,96,8,88,26,62
70,114,193,17,176,17,159,98,61
70,115,165,25,140,11,129,50,79
70,116,581,105,476,52,424,237,187
70,117,979,140,839,52,787,323,464
70,118,136,12,124,8,116,49,67
70,119,274,35,239,15,224,123,101
70,120,2876,639,2237,230,2007,1113,894
70,121,637,86,551,51,500,265,235
70,122,1449,205,1244,86,1158,481,677
70,124,65,10,55,4,51,30,21
70,125,171,25,146,13,133,53,80
70,126,133,15,118,9,109,46,63
70,127,94,18,76,8,68,31,37
70,128,355,92,263,23,240,103,137
70,129,114,21,93,4,89,40,49
70,130,241,32,209,22,187,73,114
70,132,474,53,421,33,388,177,211
70,133,201,36,165,23,142,67,75
70,134,173,16,157,13,144,75,69
70,135,42,5,37,3,34,14,20
70,136,353,29,324,41,283,136,147
70,137,172,23,149,17,132,78,54
70,138,102,20,82,15,67,33,34
70,140,39,4,35,7,28,18,10
70,141,111,12,99,15,84,56,28
70,142,131,13,118,18,100,38,62
70,143,102,28,74,7,67,27,40
70,144,45,6,39,7,32,17,15
70,145,307,33,274,22,252,157,95
70,146,121,18,103,10,93,42,51
70,147,177,31,146,12,134,58,76
70,148,78,6,72,6,66,15,51
70,149,618,107,511,41,470,271,199
70,150,188,19,169,16,153,71,82
70,151,45,4,41,4,37,18,19
70,152,301,39,262,26,236,124,112
70,153,107,15,92,9,83,22,61
70,154,220,20,200,24,176,81,95
70,155,657,101,556,60,496,241,255
70,156,81,5,76,13,63,26,37
70,157,359,59,300,33,267,172,95
70,158,108,18,90,9,81,30,51
70,159,90,6,84,8,76,29,47
70,160,241,24,217,21,196,109,87
70,162,385,25,360,44,316,150,166
70,163,323,25,298,28,270,93,177
70,164,55,7,48,2,46,17,29
70,165,423,55,368,21,347,175,172
70,166,148,14,134,13,121,69,52
70,167,337,60,277,21,256,162,94
70,168,515,66,449,40,409,179,230
70,169,184,22,162,17,145,76,69
70,170,81,8,73,5,68,40,28
70,171,1008,174,834,58,776,304,472
70,172,80,11,69,7,62,32,30
70,174,109,19,90,2,88,40,48
70,175,119,17,102,6,96,47,49
70,176,201,31,170,11,159,85,74
70,177,512,96,416,39,377,154,223
70,178,451,91,360,34,326,162,164
70,179,184,34,150,21,129,71,58
70,180,365,48,317,33,284,139,145
70,181,94,11,83,6,77,48,29
70,182,82,9,73,11,62,33,29
70,183,73,12,61,13,48,20,28
70,184,573,80,493,49,444,244,200
70,185,158,22,136,13,123,44,79
70,186,57,3,54,6,48,20,28
70,187,202,24,178,15,163,71,92
70,188,52,8,44,2,42,16,26
70,189,174,19,155,7,148,70,78
70,190,113,13,100,5,95,43,52
70,192,148,24,124,14,110,25,85
70,193,168,21,147,10,137,82,55
70,194,130,20,110,9,101,54,47
70,195,223,44,179,24,155,84,71
70,196,219,37,182,16,166,70,96
70,197,618,100,518,45,473,212,261
70,198,839,117,722,45,677,254,423
70,199,93,8,85,9,76,31,45
70,200,43,11,32,1,31,17,14
70,201,144,23,121,4,117,32,85
70,202,301,54,247,26,221,140,81
70,203,98,12,86,7,79,32,47
70,204,130,8,122,6,116,34,82
70,205,192,38,154,8,146,64,82
70,206,391,68,323,32,291,173,118
70,207,2316,376,1940,136,1804,928,876
70,208,246,34,212,20,192,116,76
70,210,145,24,121,17,104,54,50
70,211,75,27,48,1,47,10,37
70,213,209,22,187,20,167,59,108
70,214,114,17,97,4,93,58,35
70,215,230,42,188,9,179,74,105
70,216,398,47,351,32,319,172,147
70,217,117,20,97,6,91,37,54
70,218,90,5,85,10,75,27,48
70,219,531,68,463,40,423,220,203
70,220,308,46,262,28,234,127,107
70,221,241,48,193,24,169,91,78
70,222,65,11,54,5,49,36,13
70,224,466,56,410,24,386,178,208
70,225,104,6,98,9,89,39,50
70,226,269,32,237,23,214,115,99
70,227,471,58,413,34,379,220,159
70,228,697,97,600,42,558,294,264
70,229,221,24,197,10,187,108,79
70,230,99,11,88,3,85,29,56
70,231,44,3,41,3,38,10,28
70,232,126,20,106,3,103,41,62
70,233,104,10,94,9,85,49,36
70,234,193,24,169,12,157,72,85
70,235,141,26,115,8,107,51,56
70,236,347,66,281,21,260,130,130
70,237,104,13,91,15,76,17,59
70,238,124,26,98,10,88,22,66
70,239,135,16,119,4,115,49,66
70,240,1127,193,934,94,840,431,409
70,242,125,25,100,8,92,40,52
70,243,226,23,203,10,193,116,77
70,244,103,13,90,9,81,41,40
70,245,2864,465,2399,212,2187,1021,1166
70,247,245,43,202,16,186,80,106
70,248,1073,176,897,114,783,374,409
70,249,115,17,98,6,92,39,53
70,250,339,56,283,28,255,122,133
70,251,85,11,74,4,70,28,42
70,252,152,22,130,9,121,31,90
70,253,200,35,165,22,143,68,75
70,254,190,18,172,11,161,92,69
70,255,436,76,360,25,335,149,186
70,256,614,125,489,39,450,252,198
70,257,481,77,404,38,366,186,180
70,258,1784,365,1419,117,1302,605,697
70,259,310,35,275,28,247,117,130
70,260,548,65,483,37,446,232,214
70,261,1080,182,898,51,847,438,409
70,262,135,8,127,7,120,64,56
70,263,221,30,191,32,159,78,81
70,264,60,5,55,6,49,30,19
70,265,137,17,120,8,112,27,85
70,267,372,47,325,14,311,138,173
70,268,154,26,128,1,127,58,69
70,269,38,7,31,8,23,11,12
70,271,315,46,269,40,229,119,110
70,272,184,33,151,11,140,72,68
70,273,53,3,50,4,46,12,34
70,274,29,5,24,2,22,11,11
70,275,262,49,213,18,195,78,117
70,276,164,35,129,13,116,53,63
70,277,297,29,268,26,242,139,103
70,278,172,18,154,21,133,80,53
70,279,3470,878,2592,153,2439,1272,1167
70,280,750,117,633,35,598,321,277
70,281,58,7,51,3,48,12,36
70,282,715,107,608,55,553,248,305
70,283,440,104,336,47,289,148,141
70,284,215,46,169,17,152,79,73
70,285,7147,1387,5760,468,5292,3110,2182
70,286,90,3,87,13,74,37,37
70,287,52,5,47,2,45,27,18
70,288,71,2,69,2,67,30,37
70,289,148,12,136,12,124,48,76
70,290,183,18,165,17,148,82,66
70,291,128,23,105,7,98,41,57
70,292,1222,220,1002,59,943,451,492
70,293,62,5,57,1,56,14,42
70,294,288,40,248,12,236,95,141
70,295,158,28,130,5,125,65,60
70,296,193,57,136,15,121,60,61
70,297,47,7,40,4,36,8,28
70,298,107,12,95,15,80,46,34
70,299,233,22,211,14,197,106,91
70,301,44,3,41,6,35,11,24
70,302,53,9,44,3,41,17,24
70,303,103,4,99,10,89,47,42
70,304,125,22,103,5,98,63,35
70,305,83,12,71,0,71,31,40
70,306,312,34,278,23,255,134,121
70,307,107,9,98,15,83,43,40
70,308,228,52,176,20,156,86,70
70,309,327,46,281,14,267,135,132
70,310,5169,1184,3985,312,3673,2096,1577
70,311,4858,1174,3684,252,3432,1667,1765
70,312,628,86,542,49,493,249,244
70,313,276,37,239,29,210,105,105
70,314,153,30,123,14,109,53,56
70,315,389,61,328,33,295,141,154
70,316,80,2,78,10,68,37,31
70,317,123,16,107,12,95,44,51
70,318,366,60,306,33,273,180,93
70,319,85,17,68,7,61,26,35
70,320,109,12,97,11,86,47,39
70,321,981,91,890,68,822,443,379
70,322,238,27,211,16,195,107,88
70,323,174,41,133,23,110,37,73
70,324,496,39,457,35,422,211,211
70,325,236,26,210,15,195,70,125
70,326,208,15,193,19,174,88,86
70,327,127,16,111,4,107,43,64
70,328,291,46,245,23,222,122,100
70,329,78,14,64,6,58,25,33
70,330,183,17,166,11,155,64,91
70,331,444,54,390,20,370,174,196
70,332,37,3,34,3,31,20,11
70,334,1047,170,877,60,817,347,470
70,335,70,10,60,8,52,34,18
70,336,124,17,107,15,92,36,56
70,337,57,7,50,1,49,22,27
70,338,201,26,175,12,163,53,110
70,339,1442,276,1166,87,1079,615,464
70,340,185,25,160,5,155,67,88
70,341,213,31,182,10,172,94,78
70,342,114,16,98,12,86,25,61
70,343,237,25,212,19,193,104,89
70,344,266,51,215,16,199,99,100
70,345,79,7,72,3,69,20,49
70,347,306,46,260,33,227,119,108
70,348,505,66,439,41,398,230,168
70,349,159,22,137,10,127,86,41
70,350,58,7,51,6,45,22,23
70,351,215,29,186,19,167,80,87
70,352,33,5,28,4,24,10,14
70,353,321,55,266,26,240,118,122
70,355,176,17,159,22,137,70,67
70,356,195,28,167,16,151,68,83
70,357,383,53,330,28,302,156,146
70,358,182,14,168,21,147,71,76
70,359,59,11,48,5,43,18,25
70,360,66,8,58,3,55,21,34
70,361,141,12,129,10,119,64,55
70,362,157,18,139,12,127,75,52
70,363,506,62,444,32,412,178,234
70,364,110,13,97,11,86,29,57
70,366,96,16,80,3,77,28,49
70,367,130,10,120,13,107,44,63
70,368,94,16,78,7,71,41,30
70,369,53,12,41,4,37,14,23
70,371,168,25,143,18,125,46,79
70,372,121,15,106,3,103,52,51
70,373,246,45,201,26,175,88,87
70,374,96,11,85,9,76,27,49
70,375,25,7,18,0,18,15,3
70,376,392,52,340,27,313,140,173
70,378,1386,239,1147,80,1067,570,497
70,380,146,12,134,13,121,70,51
70,381,134,11,123,16,107,51,56
70,383,238,34,204,18,186,83,103
70,384,221,46,175,9,166,66,100
70,385,278,39,239,41,198,108,90
70,386,144,7,137,21,116,51,65
70,387,511,81,430,45,385,174,211
70,388,1495,231,1264,86,1178,653,525
70,389,50,12,38,4,34,17,17
70,390,427,59,368,42,326,175,151
70,392,46,6,40,4,36,15,21
70,393,337,32,305,28,277,145,132
70,394,65,3,62,3,59,20,39
70,395,59,5,54,8,46,20,26
70,396,32,2,30,1,29,17,12
70,397,54,4,50,5,45,17,28
70,398,67,4,63,1,62,29,33
70,399,168,16,152,9,143,64,79
70,400,117,28,89,2,87,41,46
70,401,111,11,100,4,96,38,58
70,402,295,48,247,26,221,93,128
70,403,171,31,140,9,131,60,71
70,404,568,107,461,53,408,234,174
70,405,150,28,122,14,108,54,54
70,406,90,19,71,4,67,30,37
70,407,173,17,156,9,147,71,76
70,408,813,116,697,54,643,262,381
70,409,105,16,89,13,76,32,44
70,410,471,84,387,30,357,151,206
70,411,35,3,32,1,31,8,23
70,412,50,10,40,3,37,24,13
70,413,1591,290,1301,113,1188,685,503
70,414,789,168,621,67,554,340,214
70,415,458,47,411,36,375,185,190
70,416,147,18,129,10,119,56,63
70,417,258,38,220,22,198,99,99
70,418,147,10,137,13,124,73,51
70,419,89,18,71,6,65,26,39
70,420,44,7,37,0,37,21,16
70,421,2192,432,1760,131,1629,816,813
70,422,124,23,101,1,100,36,64
70,423,102,14,88,9,79,32,47
70,425,133,16,117,12,105,53,52
70,426,222,24,198,31,167,71,96
70,427,322,42,280,34,246,160,86
70,428,1016,93,923,70,853,385,468
70,429,409,36,373,31,342,152,190
70,430,59,9,50,2,48,16,32
70,431,175,18,157,11,146,63,83
70,432,288,33,255,19,236,108,128
70,433,1083,129,954,74,880,447,433
70,435,743,80,663,54,609,263,346
70,436,107,23,84,13,71,38,33
70,437,15,3,12,0,12,5,7
70,438,166,10,156,15,141,55,86
70,439,290,30,260,16,244,100,144
70,440,31,5,26,7,19,13,6
70,441,180,23,157,9,148,78,70
70,442,97,8,89,10,79,23,56
70,443,81,14,67,1,66,29,37
70,444,117,11,106,10,96,48,48
70,445,97,17,80,4,76,28,48
70,446,521,54,467,44,423,215,208
70,447,1218,163,1055,70,985,483,502
70,448,149,24,125,7,118,36,82
70,449,65,10,55,3,52,17,35
70,450,45,4,41,2,39,6,33
70,451,2211,534,1677,132,1545,983,562
70,452,226,32,194,23,171,82,89
70,453,96,13,83,5,78,32,46
70,454,69,8,61,7,54,27,27
70,455,943,140,803,88,715,373,342
70,456,119,10,109,10,99,55,44
70,457,122,29,93,13,80,33,47
70,459,943,181,762,91,671,402,269
70,460,394,64,330,22,308,107,201
70,461,109,10,99,4,95,45,50
70,462,68,14,54,3,51,16,35
70,463,89,5,84,5,79,32,47
70,464,1024,168,856,84,772,442,330
70,466,105,17,88,7,81,35,46
70,467,2314,620,1694,124,1570,846,724
70,468,100,21,79,3,76,31,45
70,469,200,31,169,12,157,72,85
70,470,137,20,117,10,107,33,74
70,471,29,2,27,2,25,9,16
70,472,232,51,181,16,165,97,68
70,473,1361,246,1115,108,1007,465,542
70,474,114,19,95,4,91,42,49
70,475,196,26,170,20,150,94,56
70,476,64,8,56,11,45,18,27
70,477,573,92,481,27,454,211,243
70,478,544,72,472,33,439,193,246
70,479,95,6,89,6,83,36,47
70,480,142,19,123,11,112,56,56
70,481,161,23,138,13,125,50,75
70,482,1129,170,959,63,896,427,469
70,483,111,10,101,11,90,28,62
70,484,120,14,106,8,98,60,38
70,485,223,44,179,18,161,96,65
70,486,104,13,91,7,84,39,45
70,487,260,60,200,19,181,95,86
70,488,185,22,163,20,143,67,76
70,489,754,129,625,51,574,218,356
70,490,101,19,82,2,80,45,35
70,491,366,43,323,23,300,123,177
70,492,402,61,341,30,311,109,202
70,493,307,28,279,19,260,113,147
70,494,234,29,205,13,192,100,92
70,496,39,6,33,7,26,7,19
70,497,343,63,280,24,256,108,148
70,498,425,62,363,38,325,138,187
70,499,84,9,75,9,66,24,42
70,500,166,34,132,8,124,63,61
70,501,76,11,65,5,60,22,38
70,502,82,8,74,8,66,18,48
70,503,138,27,111,3,108,44,64
70,504,315,45,270,16,254,140,114
70,505,124,7,117,11,106,40,66
70,506,299,41,258,22,236,101,135
70,507,155,26,129,9,120,55,65
70,509,88,8,80,4,76,16,60
70,510,112,24,88,9,79,34,45
70,511,167,23,144,13,131,46,85
70,512,210,39,171,14,157,93,64
70,513,1968,280,1688,143,1545,847,698
70,514,443,106,337,29,308,126,182
70,515,59,4,55,2,53,31,22
70,516,222,22,200,16,184,96,88
70,517,257,19,238,17,221,107,114
70,518,89,11,78,5,73,45,28
70,519,82,10,72,8,64,29,35
70,520,86,13,73,5,68,31,37
70,521,146,24,122,10,112,55,57
70,522,112,6,106,8,98,32,66
70,523,166,23,143,8,135,43,92
70,524,100,12,88,5,83,39,44
70,525,177,22,155,11,144,69,75
70,526,536,91,445,31,414,187,227
70,527,60,21,39,5,34,20,14
70,528,401,49,352,20,332,147,185
70,529,375,71,304,21,283,119,164
70,530,136,15,121,12,109,46,63
70,531,74,6,68,5,63,25,38
70,532,375,27,348,34,314,131,183
70,533,86,8,78,8,70,39,31
70,534,97,8,89,7,82,42,40
70,535,138,21,117,11,106,56,50
70,536,125,22,103,10,93,51,42
70,537,235,43,192,15,177,98,79
70,538,75,9,66,7,59,33,26
70,539,360,44,316,28,288,112,176
70,540,60,8,52,3,49,17,32
70,541,164,34,130,14,116,45,71
70,542,142,32,110,7,103,36,67
70,544,84,5,79,13,66,24,42
70,545,122,17,105,11,94,47,47
70,546,191,26,165,21,144,71,73
70,547,132,10,122,16,106,56,50
70,548,171,36,135,11,124,59,65
70,549,79,16,63,10,53,38,15
70,550,9603,2050,7553,497,7056,3893,3163
70,551,124,25,99,12,87,22,65
70,552,161,34,127,8,119,57,62
70,553,94,13,81,9,72,42,30
70,554,154,19,135,9,126,76,50
70,555,146,21,125,28,97,57,40
70,557,101,6,95,8,87,23,64
70,558,125,23,102,10,92,42,50
70,559,170,20,150,12,138,79,59
70,560,125,19,106,11,95,45,50
70,561,885,132,753,46,707,313,394
70,562,111,7,104,6,98,29,69
70,563,489,39,450,28,422,203,219
70,564,242,40,202,29,173,73,100
70,565,32,11,21,4,17,9,8
70,566,172,35,137,10,127,54,73
70,567,116,12,104,7,97,35,62
70,568,58,8,50,3,47,21,26
70,569,80,10,70,8,62,34,28
70,571,35,4,31,4,27,7,20
70,572,243,43,200,18,182,62,120
70,573,113,21,92,13,79,30,49
70,574,74,7,67,3,64,31,33
70,575,589,66,523,39,484,214,270
70,576,160,31,129,21,108,66,42
70,577,313,46,267,30,237,151,86
70,578,155,28,127,6,121,56,65
70,579,376,46,330,28,302,152,150
70,580,141,31,110,5,105,43,62
70,581,517,89,428,42,386,204,182
70,582,79,19,60,7,53,18,35
70,583,77,9,68,15,53,22,31
71,1,585,113,472,27,445,254,191
71,2,866,141,725,67,658,362,296
71,3,580,69,511,36,475,203,272
71,4,761,102,659,35,624,293,331
71,5,186,25,161,11,150,66,84
71,6,176,24,152,5,147,65,82
71,7,120,17,103,10,93,49,44
71,8,135,28,107,18,89,43,46
71,9,631,104,527,29,498,292,206
71,10,644,98,546,48,498,278,220
71,11,392,44,348,22,326,126,200
71,12,280,33,247,28,219,89,130
71,13,186,34,152,14,138,66,72
71,14,9851,1832,8019,545,7474,3688,3786
71,15,814,111,703,62,641,346,295
71,16,760,136,624,52,572,272,300
71,17,80,13,67,4,63,22,41
71,18,402,68,334,30,304,143,161
71,19,122,15,107,21,86,42,44
71,20,101,25,76,5,71,41,30
71,21,197,25,172,13,159,65,94
71,22,539,85,454,28,426,161,265
71,23,678,103,575,45,530,265,265
71,24,404,43,361,29,332,168,164
71,25,306,51,255,10,245,109,136
71,26,253,27,226,16,210,96,114
71,27,455,83,372,25,347,183,164
71,28,72,6,66,5,61,27,34
71,29,243,30,213,9,204,107,97
71,30,158,24,134,15,119,67,52
71,31,63,4,59,6,53,17,36
71,32,458,61,397,19,378,192,186
71,33,555,73,482,34,448,240,208
71,34,295,37,258,20,238,137,101
71,35,172,26,146,4,142,80,62
71,36,63,10,53,1,52,31,21
71,37,78,13,65,4,61,35,26
71,38,373,57,316,23,293,157,136
71,39,144,19,125,13,112,77,35
71,40,5095,993,4102,292,3810,2250,1560
71,41,80,10,70,5,65,27,38
71,42,216,42,174,14,160,103,57
71,43,87,17,70,2,68,37,31
71,44,238,34,204,18,186,77,109
71,45,138,23,115,8,107,43,64
71,46,78,17,61,4,57,23,34
71,47,4010,765,3245,213,3032,1767,1265
71,48,167,27,140,8,132,76,56
71,50,259,46,213,15,198,94,104
71,51,122,18,104,7,97,47,50
71,52,536,91,445,33,412,175,237
71,54,495,68,427,23,404,154,250
71,55,238,47,191,20,171,58,113
71,56,1658,220,1438,113,1325,620,705
71,57,129,10,119,9,110,62,48
71,58,161,22,139,11,128,51,77
71,59,2967,477,2490,171,2319,1373,946
71,60,200,26,174,11,163,68,95
71,61,330,56,274,21,253,140,113
71,62,315,50,265,12,253,91,162
71,63,602,80,522,34,488,306,182
71,64,746,106,640,48,592,310,282
71,65,210,41,169,18,151,67,84
71,66,91,5,86,3,83,44,39
71,67,117,8,109,5,104,55,49
71,68,76,11,65,5,60,23,37
71,69,501,65,436,28,408,197,211
71,70,1503,208,1295,79,1216,645,571
71,71,238,42,196,16,180,103,77
71,72,105,17,88,12,76,34,42
71,73,3951,945,3006,207,2799,1542,1257
71,74,475,73,402,24,378,137,241
71,75,566,69,497,36,461,229,232
71,76,27128,6406,20722,1285,19437,10946,8491
71,77,376,54,322,19,303,145,158
71,78,114,10,104,12,92,48,44
71,79,385,56,329,30,299,159,140
71,80,76,5,71,2,69,33,36
71,81,1699,338,1361,110,1251,730,521
71,82,193,22,171,4,167,61,106
71,84,450,62,388,24,364,149,215
71,85,172,20,152,10,142,65,77
71,86,375,51,324,33,291,98,193
71,87,138,8,130,3,127,58,69
71,88,214,30,184,11,173,93,80
71,89,191,32,159,12,147,74,73
71,90,2585,506,2079,113,1966,792,1174
71,91,160,28,132,8,124,56,68
71,92,368,65,303,23,280,127,153
71,93,529,109,420,31,389,177,212
71,94,117,15,102,15,87,57,30
71,95,350,55,295,19,276,135,141
71,96,164,22,142,11,131,82,49
71,97,433,115,318,36,282,146,136
71,98,203,23,180,19,161,59,102
71,99,299,42,257,15,242,107,135
71,100,162,18,144,3,141,72,69
71,101,300,48,252,16,236,98,138
71,102,534,51,483,34,449,255,194
71,103,240,39,201,20,181,60,121
71,104,143,18,125,10,115,46,69
71,105,5204,882,4322,242,4080,1788,2292
71,106,1987,393,1594,90,1504,681,823
71,107,235,27,208,17,191,92,99
71,108,121,12,109,9,100,47,53
71,109,272,34,238,23,215,105,110
71,110,474,77,397,31,366,118,248
71,111,260,27,233,13,220,120,100
71,112,209,24,185,14,171,104,67
71,113,80,10,70,5,65,22,43
71,115,83,15,68,1,67,31,36
71,116,149,29,120,10,110,39,71
71,117,763,106,657,63,594,312,282
71,118,4737,982,3755,312,3443,1785,1658
71,119,754,101,653,67,586,309,277
71,120,3036,603,2433,199,2234,952,1282
71,121,228,53,175,15,160,86,74
71,122,395,51,344,15,329,171,158
71,123,318,57,261,17,244,106,138
71,124,179,11,168,5,163,97,66
71,125,26,3,23,4,19,2,17
71,126,485,59,426,19,407,164,243
71,127,82,13,69,5,64,39,25
71,128,71,6,65,4,61,30,31
71,129,254,44,210,22,188,75,113
71,130,220,34,186,12,174,108,66
71,131,562,83,479,27,452,177,275
71,132,1784,347,1437,92,1345,793,552
71,133,1357,314,1043,69,974,392,582
71,134,176,23,153,9,144,48,96
71,135,698,112,586,42,544,261,283
71,136,240,22,218,14,204,116,88
71,137,2976,479,2497,151,2346,1228,1118
71,138,90,10,80,3,77,37,40
71,139,124,19,105,12,93,52,41
71,140,43,12,31,2,29,12,17
71,141,239,28,211,12,199,85,114
71,142,160,22,138,8,130,52,78
71,143,319,51,268,23,245,126,119
71,144,147,19,128,22,106,36,70
71,145,384,64,320,28,292,173,119
71,146,189,23,166,12,154,85,69
71,147,222,37,185,13,172,93,79
71,148,681,105,576,48,528,223,305
71,149,1015,184,831,63,768,394,374
71,150,2187,392,1795,114,1681,674,1007
71,151,57,9,48,2,46,29,17
71,152,162,18,144,12,132,56,76
71,153,15023,3712,11311,717,10594,6588,4006
71,154,1780,259,1521,104,1417,742,675
71,155,454,65,389,26,363,209,154
71,156,217,49,168,7,161,82,79
71,157,1354,242,1112,69,1043,567,476
71,158,1147,253,894,64,830,417,413
71,159,172,27,145,12,133,82,51
71,160,297,34,263,20,243,76,167
71,161,269,47,222,16,206,123,83
71,162,913,99,814,58,756,377,379
71,163,65,16,49,2,47,25,22
71,164,129,19,110,9,101,53,48
71,165,335,57,278,21,257,145,112
71,166,108,17,91,4,87,23,64
71,167,397,62,335,24,311,193,118
71,168,124,21,103,10,93,61,32
71,169,595,93,502,33,469,189,280
71,170,1269,188,1081,76,1005,526,479
71,171,244,45,199,17,182,119,63
71,172,97,13,84,6,78,38,40
71,173,197,29,168,8,160,76,84
71,174,163,20,143,8,135,50,85
71,175,221,44,177,19,158,68,90
71,176,5599,1203,4396,265,4131,2525,1606
71,177,547,97,450,28,422,232,190
71,178,733,127,606,42,564,227,337
71,179,63,4,59,5,54,7,47
71,180,170,20,150,5,145,96,49
71,181,126,18,108,2,106,58,48
71,182,1109,160,949,59,890,300,590
71,183,139,14,125,3,122,61,61
71,184,506,73,433,39,394,184,210
71,185,258,33,225,26,199,55,144
71,186,175,29,146,15,131,74,57
71,187,1333,289,1044,74,970,576,394
71,188,54,15,39,3,36,22,14
71,189,1277,236,1041,81,960,487,473
71,190,1804,330,1474,91,1383,819,564
71,191,363,38,325,20,305,187,118
71,192,1467,239,1228,107,1121,617,504
71,193,372,44,328,20,308,164,144
71,194,553,50,503,46,457,240,217
71,195,185,31,154,11,143,44,99
71,196,497,73,424,42,382,190,192
71,198,279,49,230,12,218,110,108
71,199,159,18,141,12,129,69,60
71,200,469,56,413,40,373,166,207
71,201,235,76,159,4,155,55,100
71,202,1542,266,1276,96,1180,592,588
71,203,36,7,29,2,27,4,23
71,204,758,86,672,48,624,292,332
71,205,462,73,389,32,357,220,137
71,206,191,41,150,5,145,80,65
71,207,219,28,191,9,182,65,117
71,208,181,27,154,13,141,60,81
71,209,477,83,394,49,345,183,162
71,210,301,35,266,11,255,62,193
71,212,1219,225,994,57,937,553,384
71,213,447,102,345,30,315,159,156
71,214,328,58,270,25,245,115,130
71,215,1908,269,1639,151,1488,764,724
71,216,155,16,139,17,122,60,62
71,217,104,15,89,8,81,31,50
71,218,521,100,421,32,389,139,250
71,219,428,68,360,29,331,192,139
71,220,408,80,328,25,303,185,118
71,221,3072,431,2641,162,2479,1075,1404
71,222,763,136,627,37,590,227,363
71,223,497,52,445,40,405,206,199
71,224,85,9,76,5,71,29,42
71,225,371,48,323,20,303,145,158
71,226,42,4,38,3,35,13,22
71,227,468,69,399,20,379,204,175
71,228,138,14,124,18,106,70,36
71,229,226,44,182,19,163,87,76
71,230,5885,1064,4821,305,4516,3042,1474
71,231,434,111,323,27,296,148,148
71,232,171,21,150,14,136,54,82
71,233,267,51,216,19,197,88,109
71,234,263,55,208,20,188,93,95
71,235,1280,145,1135,63,1072,479,593
71,236,654,107,547,36,511,236,275
71,237,447,89,358,30,328,187,141
71,238,799,151,648,33,615,305,310
71,239,597,110,487,38,449,202,247
71,240,267,26,241,17,224,141,83
71,241,412,67,345,31,314,158,156
71,242,361,49,312,35,277,132,145
71,243,321,66,255,19,236,158,78
71,244,331,67,264,19,245,120,125
71,245,236,40,196,13,183,103,80
71,246,194,39,155,18,137,75,62
71,247,261,29,232,14,218,133,85
71,248,540,78,462,37,425,201,224
71,249,843,129,714,46,668,334,334
71,250,786,102,684,52,632,295,337
71,251,551,72,479,37,442,204,238
71,252,287,29,258,19,239,140,99
71,253,794,151,643,49,594,333,261
71,254,127,12,115,6,109,43,66
71,255,162,28,134,11,123,84,39
71,256,368,46,322,39,283,148,135
71,257,509,87,422,37,385,214,171
71,258,398,53,345,23,322,154,168
71,259,304,39,265,20,245,107,138
71,261,496,98,398,32,366,176,190
71,262,146,21,125,10,115,50,65
71,263,4783,1016,3767,247,3520,1640,1880
71,264,284,40,244,20,224,139,85
71,265,349,47,302,25,277,129,148
71,266,316,61,255,22,233,96,137
71,267,711,123,588,35,553,261,292
71,268,277,37,240,8,232,85,147
71,269,1265,212,1053,64,989,534,455
71,270,21149,5518,15631,824,14807,8444,6363
71,271,161,26,135,3,132,75,57
71,272,215,40,175,11,164,108,56
71,273,253,50,203,13,190,121,69
71,274,318,53,265,14,251,141,110
71,275,1416,305,1111,66,1045,512,533
71,276,116,10,106,10,96,47,49
71,277,517,82,435,27,408,211,197
71,278,139,19,120,4,116,51,65
71,279,356,59,297,19,278,113,165
71,280,77,5,72,3,69,21,48
71,281,320,59,261,22,239,104,135
71,282,970,158,812,74,738,425,313
71,283,397,39,358,28,330,137,193
71,284,125,32,93,7,86,34,52
71,285,337,50,287,21,266,100,166
71,286,209,36,173,22,151,80,71
71,287,284,37,247,17,230,137,93
71,288,47,12,35,3,32,13,19
71,289,915,203,712,51,661,313,348
71,290,284,49,235,14,221,85,136
71,291,719,113,606,42,564,228,336
71,292,1017,160,857,52,805,381,424
71,293,277,58,219,18,201,110,91
71,294,928,135,793,47,746,300,446
71,295,1033,154,879,67,812,425,387
71,296,542,83,459,37,422,240,182
71,297,652,111,541,38,503,262,241
71,299,290,44,246,12,234,128,106
71,300,444,80,364,32,332,183,149
71,301,170,27,143,21,122,71,51
71,302,200,22,178,18,160,80,80
71,303,334,39,295,28,267,154,113
71,304,82,9,73,4,69,38,31
71,305,606,88,518,33,485,202,283
71,306,13867,4054,9813,661,9152,5489,3663
71,307,224,25,199,14,185,83,102
71,308,45,4,41,7,34,29,5
71,309,1748,298,1450,105,1345,631,714
71,310,3837,789,3048,205,2843,1797,1046
71,311,205,27,178,17,161,67,94
71,312,191,30,161,16,145,79,66
71,313,271,24,247,22,225,102,123
71,314,152,30,122,9,113,60,53
71,315,114,13,101,9,92,50,42
71,316,277,45,232,15,217,75,142
71,317,147,18,129,7,122,41,81
71,318,833,152,681,34,647,287,360
71,319,527,83,444,25,419,258,161
71,320,239,16,223,19,204,94,110
71,321,168,28,140,17,123,68,55
71,322,71,12,59,3,56,23,33
71,323,130,26,104,4,100,63,37
71,324,496,60,436,29,407,195,212
71,325,857,142,715,64,651,397,254
71,326,327,66,261,20,241,112,129
71,327,270,37,233,17,216,80,136
71,328,448,73,375,33,342,201,141
71,329,320,67,253,31,222,93,129
71,330,610,84,526,37,489,249,240
71,331,88,16,72,3,69,32,37
71,332,366,48,318,21,297,141,156
71,333,977,134,843,81,762,429,333
71,334,320,51,269,30,239,148,91
71,335,53,6,47,5,42,19,23
71,336,2152,322,1830,133,1697,842,855
71,337,238,26,212,15,197,82,115
71,338,194,23,171,13,158,92,66
71,339,385,56,329,23,306,126,180
71,340,1109,147,962,76,886,516,370
71,341,126,22,104,3,101,37,64
71,342,7234,1740,5494,326,5168,2514,2654
71,343,197,19,178,16,162,69,93
71,344,52,8,44,4,40,20,20
71,345,433,63,370,21,349,166,183
71,346,1269,191,1078,66,1012,657,355
71,347,384,61,323,27,296,179,117
71,348,117,21,96,8,88,35,53
71,349,53,7,46,0,46,14,32
71,350,647,85,562,36,526,229,297
71,351,1449,232,1217,91,1126,465,661
71,352,72,8,64,4,60,38,22
71,353,408,87,321,24,297,162,135
71,354,461,64,397,25,372,174,198
71,355,191,25,166,8,158,87,71
71,356,723,95,628,53,575,334,241
71,357,162,23,139,12,127,60,67
71,358,81,7,74,3,71,41,30
71,359,480,58,422,32,390,221,169
71,360,1269,172,1097,49,1048,459,589
71,361,60,7,53,5,48,23,25
71,362,227,42,185,16,169,74,95
71,363,89,17,72,8,64,22,42
71,364,102,7,95,17,78,27,51
71,365,408,99,309,18,291,129,162
71,366,314,41,273,17,256,110,146
71,367,322,42,280,21,259,143,116
71,368,272,42,230,18,212,95,117
71,369,341,50,291,25,266,135,131
71,370,541,84,457,23,434,229,205
71,371,1218,206,1012,48,964,450,514
71,372,1290,242,1048,76,972,361,611
71,373,1276,273,1003,81,922,387,535
71,374,167,25,142,11,131,78,53
71,375,216,48,168,6,162,79,83
71,376,258,56,202,16,186,109,77
71,377,122,19,103,5,98,55,43
71,378,1350,261,1089,75,1014,490,524
71,379,993,176,817,73,744,382,362
71,380,566,55,511,43,468,223,245
71,381,67,18,49,6,43,15,28
71,382,561,95,466,33,433,256,177
71,383,344,57,287,15,272,131,141
71,384,349,41,308,14,294,150,144
71,385,440,65,375,11,364,122,242
71,386,78,17,61,5,56,27,29
71,387,208,39,169,12,157,65,92
71,388,334,44,290,24,266,102,164
71,389,243,36,207,14,193,101,92
71,390,795,120,675,50,625,293,332
71,391,375,55,320,27,293,167,126
71,392,392,58,334,25,309,171,138
71,393,372,52,320,15,305,126,179
71,394,738,148,590,33,557,201,356
71,395,159,26,133,11,122,62,60
71,396,351,93,258,14,244,120,124
71,397,193,15,178,14,164,71,93
71,398,783,156,627,38,589,303,286
71,399,449,75,374,16,358,130,228
71,400,140,18,122,4,118,61,57
71,401,476,88,388,35,353,141,212
71,402,536,62,474,33,441,231,210
71,403,235,32,203,20,183,76,107
71,404,704,103,601,48,553,230,323
71,405,146,32,114,7,107,37,70
71,406,125,11,114,12,102,43,59
71,407,204,33,171,8,163,72,91
71,408,307,48,259,20,239,121,118
71,409,258,65,193,15,178,70,108
71,410,592,95,497,52,445,238,207
71,411,150,28,122,13,109,48,61
71,412,895,121,774,54,720,366,354
71,413,676,107,569,43,526,283,243
71,414,375,38,337,29,308,175,133
71,415,113,25,88,7,81,40,41
71,416,493,85,408,24,384,200,184
71,417,800,163,637,52,585,325,260
71,419,1434,226,1208,79,1129,560,569
71,420,1626,215,1411,112,1299,599,700
71,421,156,33,123,12,111,39,72
71,422,209,22,187,17,170,83,87
71,423,314,45,269,14,255,105,150
71,424,188,24,164,17,147,54,93
71,425,253,59,194,16,178,89,89
71,426,328,50,278,19,259,143,116
71,427,54,11,43,4,39,21,18
71,428,498,67,431,29,402,197,205
71,430,284,37,247,23,224,118,106
71,431,236,40,196,15,181,86,95
71,433,458,58,400,41,359,131,228
71,434,277,40,237,9,228,117,111
71,435,194,36,158,12,146,69,77
71,436,809,97,712,61,651,404,247
71,437,335,45,290,24,266,105,161
71,438,463,91,372,33,339,159,180
71,439,514,66,448,35,413,195,218
71,440,338,64,274,18,256,162,94
71,441,227,40,187,10,177,66,111
71,442,1152,220,932,69,863,416,447
71,443,1106,144,962,70,892,425,467
71,444,830,95,735,64,671,332,339
71,445,4249,719,3530,277,3253,1836,1417
71,446,157,18,139,9,130,76,54
71,447,226,33,193,18,175,69,106
71,448,938,136,802,67,735,326,409
71,449,75,8,67,4,63,40,23
71,450,97,19,78,6,72,24,48
71,451,89,21,68,3,65,34,31
71,452,97,11,86,4,82,47,35
71,453,224,34,190,14,176,78,98
71,454,137,16,121,13,108,61,47
71,455,160,28,132,10,122,69,53
71,456,1459,257,1202,115,1087,589,498
71,457,106,27,79,6,73,24,49
71,458,61,21,40,5,35,20,15
71,459,302,47,255,16,239,100,139
71,460,310,58,252,12,240,109,131
71,461,70,19,51,5,46,29,17
71,462,397,65,332,27,305,155,150
71,463,425,78,347,33,314,149,165
71,464,153,19,134,11,123,47,76
71,465,207,36,171,6,165,60,105
71,466,87,10,77,8,69,32,37
71,468,692,94,598,36,562,317,245
71,469,320,49,271,13,258,107,151
71,470,286,44,242,7,235,128,107
71,471,74,18,56,7,49,29,20
71,472,194,29,165,8,157,88,69
71,473,162,27,135,13,122,45,77
71,474,156,31,125,10,115,47,68
71,475,4771,860,3911,284,3627,2011,1616
71,477,417,61,356,29,327,169,158
71,478,79,13,66,3,63,19,44
71,479,1487,250,1237,91,1146,756,390
71,480,500,81,419,34,385,181,204
71,481,778,156,622,40,582,241,341
71,482,647,89,558,35,523,265,258
71,483,356,46,310,23,287,100,187
71,484,927,134,793,60,733,360,373
71,485,224,35,189,7,182,90,92
71,486,7009,1481,5528,414,5114,3127,1987
71,487,172,44,128,12,116,49,67
71,488,86,4,82,5,77,45,32
71,489,395,61,334,36,298,136,162
71,490,756,88,668,50,618,275,343
71,491,974,172,802,65,737,321,416
71,492,120,20,100,4,96,59,37
71,493,270,59,211,9,202,108,94
71,494,390,51,339,25,314,161,153
71,495,581,87,494,23,471,257,214
71,496,126,21,105,12,93,48,45
71,497,1504,181,1323,88,1235,568,667
71,498,119,12,107,4,103,41,62
71,499,3387,782,2605,210,2395,1399,996
71,500,121,12,109,3,106,28,78
71,501,127,18,109,8,101,63,38
71,502,1215,158,1057,82,975,515,460
71,503,111,16,95,6,89,42,47
71,504,82,17,65,3,62,25,37
71,505,88,13,75,3,72,21,51
71,506,854,137,717,59,658,308,350
71,507,158,27,131,10,121,53,68
71,508,299,40,259,20,239,156,83
71,509,399,64,335,34,301,156,145
71,510,478,74,404,23,381,195,186
71,512,2060,345,1715,134,1581,744,837
71,513,849,112,737,66,671,296,375
71,514,263,34,229,17,212,103,109
71,515,97,5,92,5,87,42,45
71,516,402,72,330,36,294,136,158
71,517,188,35,153,12,141,58,83
71,518,251,31,220,14,206,92,114
71,519,129,40,89,7,82,31,51
71,520,746,100,646,40,606,364,242
71,521,84,10,74,4,70,29,41
71,522,1170,213,957,73,884,449,435
71,523,767,124,643,57,586,309,277
71,524,148,35,113,8,105,56,49
71,525,425,63,362,21,341,188,153
71,526,333,31,302,18,284,97,187
71,527,174,24,150,12,138,76,62
71,528,1622,309,1313,85,1228,585,643
71,529,278,48,230,15,215,109,106
71,530,485,92,393,36,357,163,194
71,531,220,33,187,17,170,81,89
71,532,85,12,73,3,70,51,19
71,533,458,74,384,24,360,146,214
71,534,85,13,72,5,67,34,33
71,535,431,43,388,36,352,155,197
71,537,130,15,115,10,105,56,49
71,538,318,49,269,26,243,103,140
71,539,79,11,68,6,62,21,41
71,540,2377,648,1729,120,1609,1096,513
71,541,262,46,216,18,198,108,90
71,542,1276,223,1053,72,981,552,429
71,543,4323,1143,3180,199,2981,1486,1495
71,544,148,22,126,21,105,44,61
71,545,727,103,624,41,583,232,351
71,546,328,55,273,9,264,116,148
71,547,223,38,185,8,177,52,125
71,548,198,28,170,14,156,83,73
71,549,162,19,143,10,133,72,61
71,550,599,70,529,24,505,272,233
71,551,91,9,82,8,74,36,38
71,552,438,59,379,33,346,245,101
71,553,194,29,165,11,154,76,78
71,554,117,33,84,6,78,28,50
71,555,1345,188,1157,109,1048,487,561
71,556,372,75,297,13,284,132,152
71,557,493,70,423,37,386,186,200
71,558,839,119,720,54,666,220,446
71,559,528,65,463,41,422,125,297
71,561,208,21,187,15,172,68,104
71,562,196,30,166,8,158,51,107
71,563,92,13,79,2,77,48,29
71,564,627,88,539,52,487,205,282
71,565,505,68,437,42,395,243,152
71,566,705,153,552,44,508,196,312
71,567,207,29,178,10,168,53,115
71,568,45,3,42,5,37,6,31
71,570,412,65,347,27,320,165,155
71,571,349,52,297,32,265,111,154
71,572,173,38,135,10,125,66,59
71,573,179,27,152,12,140,53,87
71,574,555,73,482,24,458,223,235
71,576,214,29,185,7,178,77,101
71,577,139,15,124,16,108,47,61
71,578,175,21,154,13,141,67,74
71,579,135,21,114,13,101,51,50
71,580,317,40,277,28,249,122,127
71,581,187,15,172,13,159,61,98
71,582,244,36,208,9,199,112,87
71,583,612,74,538,30,508,236,272
71,584,859,184,675,59,616,261,355
71,585,1024,153,871,73,798,417,381
71,586,198,24,174,10,164,63,101
71,587,58,5,53,1,52,22,30
71,588,882,109,773,60,713,380,333
71,589,339,61,278,19,259,150,109
71,590,504,64,440,41,399,166,233
71,591,363,64,299,18,281,133,148
72,1,1209,135,1074,62,1012,584,428
72,2,219,28,191,4,187,85,102
72,3,7415,1810,5605,371,5234,3467,1767
72,4,371,40,331,18,313,155,158
72,5,685,107,578,32,546,260,286
72,6,1363,179,1184,67,1117,503,614
72,7,333,41,292,12,280,159,121
72,8,4349,778,3571,241,3330,2042,1288
72,9,255,49,206,17,189,94,95
72,10,304,43,261,24,237,130,107
72,11,694,122,572,41,531,236,295
72,12,366,48,318,16,302,142,160
72,13,1739,394,1345,115,1230,649,581
72,15,109,19,90,7,83,48,35
72,16,1157,243,914,55,859,336,523
72,17,179,22,157,7,150,61,89
72,18,98,23,75,3,72,35,37
72,19,286,60,226,26,200,78,122
72,20,560,76,484,42,442,176,266
72,21,412,52,360,23,337,153,184
72,22,807,116,691,65,626,287,339
72,23,955,161,794,65,729,384,345
72,24,2715,376,2339,121,2218,1135,1083
72,25,906,135,771,50,721,287,434
72,26,1115,185,930,71,859,421,438
72,27,283,43,240,15,225,99,126
72,28,417,69,348,38,310,165,145
72,29,1358,226,1132,42,1090,464,626
72,31,340,50,290,16,274,158,116
72,32,286,37,249,20,229,120,109
72,33,291,42,249,15,234,117,117
72,34,371,46,325,19,306,142,164
72,35,1777,343,1434,113,1321,743,578
72,36,218,35,183,12,171,89,82
72,37,74,15,59,2,57,21,36
72,38,408,71,337,23,314,167,147
72,39,2952,603,2349,193,2156,1058,1098
72,40,95,20,75,8,67,39,28
72,41,206,23,183,20,163,75,88
72,42,1651,345,1306,78,1228,661,567
72,43,225,24,201,14,187,95,92
72,44,320,57,263,22,241,128,113
72,45,468,68,400,21,379,214,165
72,46,994,148,846,61,785,405,380
72,47,1417,219,1198,114,1084,603,481
72,48,448,97,351,22,329,153,176
72,49,205,40,165,16,149,75,74
72,50,1122,164,958,69,889,351,538
72,51,2327,421,1906,143,1763,951,812
72,52,626,77,549,49,500,256,244
72,53,908,151,757,65,692,336,356
72,54,2377,352,2025,136,1889,1057,832
72,56,941,108,833,58,775,382,393
72,57,75,13,62,6,56,19,37
72,58,4847,644,4203,254,3949,2065,1884
72,59,619,89,530,30,500,180,320
72,60,239,44,195,11,184,92,92
72,61,1143,201,942,70,872,360,512
72,62,626,104,522,38,484,228,256
72,63,246,48,198,21,177,97,80
72,64,442,73,369,30,339,181,158
72,65,1781,196,1585,100,1485,772,713
72,66,323,36,287,21,266,128,138
72,67,703,142,561,63,498,237,261
72,68,1081,174,907,46,861,374,487
72,69,133,11,122,10,112,42,70
72,70,191,25,166,11,155,76,79
72,71,3404,817,2587,156,2431,1232,1199
72,72,173,34,139,8,131,81,50
72,73,780,94,686,43,643,340,303
72,74,179,23,156,18,138,80,58
72,75,719,107,612,54,558,282,276
72,76,155,20,135,13,122,56,66
72,77,361,61,300,18,282,105,177
72,78,275,56,219,12,207,99,108
72,79,263,46,217,13,204,93,111
72,80,1291,161,1130,90,1040,437,603
72,81,717,87,630,53,577,268,309
72,82,496,87,409,43,366,186,180
72,83,285,40,245,26,219,110,109
72,84,867,122,745,51,694,378,316
72,85,172,23,149,13,136,58,78
72,86,125,16,109,13,96,33,63
72,87,433,77,356,25,331,145,186
72,88,253,32,221,20,201,93,108
72,89,1393,211,1182,75,1107,467,640
72,90,2051,299,1752,112,1640,887,753
72,91,130,14,116,8,108,49,59
72,93,763,128,635,44,591,266,325
72,94,462,74,388,25,363,180,183
72,95,4905,942,3963,232,3731,2293,1438
72,96,1036,104,932,61,871,452,419
72,97,340,68,272,16,256,113,143
72,98,435,66,369,22,347,214,133
72,99,433,71,362,39,323,143,180
72,100,283,41,242,14,228,118,110
72,101,466,64,402,35,367,191,176
72,102,75,7,68,4,64,27,37
72,103,493,78,415,30,385,209,176
72,104,434,76,358,34,324,144,180
72,105,390,57,333,25,308,128,180
72,106,624,82,542,60,482,234,248
72,107,253,30,223,20,203,98,105
72,108,561,98,463,37,426,172,254
72,109,411,68,343,30,313,113,200
72,110,663,89,574,44,530,254,276
72,111,403,51,352,16,336,162,174
72,112,411,89,322,18,304,144,160
72,113,576,56,520,31,489,252,237
72,114,211,32,179,14,165,58,107
72,115,723,108,615,41,574,219,355
72,116,103,20,83,13,70,36,34
72,117,472,87,385,28,357,144,213
72,118,1042,179,863,57,806,382,424
72,119,768,88,680,41,639,325,314
72,120,155,25,130,9,121,65,56
72,121,251,39,212,22,190,70,120
72,122,759,110,649,45,604,307,297
72,123,56,4,52,5,47,12,35
72,124,3347,714,2633,182,2451,1256,1195
72,125,256,37,219,15,204,93,111
72,126,243,31,212,16,196,92,104
72,127,1667,241,1426,82,1344,798,546
72,128,295,54,241,16,225,102,123
72,129,588,96,492,18,474,196,278
72,130,470,57,413,28,385,198,187
72,131,400,58,342,24,318,205,113
72,132,6116,1317,4799,298,4501,2178,2323
72,133,1091,144,947,66,881,486,395
72,134,442,54,388,23,365,178,187
72,135,424,57,367,35,332,187,145
72,136,266,62,204,10,194,61,133
72,137,692,107,585,31,554,225,329
72,138,1687,372,1315,80,1235,595,640
72,139,731,118,613,50,563,250,313
72,141,685,117,568,56,512,235,277
72,142,138,21,117,9,108,49,59
72,143,1398,253,1145,91,1054,498,556
72,144,321,55,266,10,256,111,145
72,145,324,68,256,18,238,116,122
72,146,2125,302,1823,121,1702,960,742
72,147,843,156,687,51,636,351,285
72,148,88,24,64,0,64,38,26
72,149,428,70,358,24,334,135,199
72,150,976,159,817,71,746,411,335
72,151,877,121,756,69,687,265,422
72,152,369,47,322,25,297,118,179
72,153,503,85,418,20,398,199,199
72,154,10896,2185,8711,547,8164,4240,3924
72,155,1720,250,1470,102,1368,729,639
72,156,677,101,576,49,527,244,283
72,157,554,62,492,26,466,214,252
72,158,593,103,490,40,450,233,217
72,159,307,51,256,20,236,123,113
72,160,465,82,383,36,347,172,175
72,161,736,117,619,44,575,326,249
72,162,290,50,240,14,226,98,128
72,163,316,41,275,31,244,114,130
72,164,64,6,58,3,55,24,31
72,165,1516,229,1287,103,1184,664,520
72,166,258,36,222,8,214,117,97
72,167,455,79,376,34,342,156,186
72,168,1483,217,1266,73,1193,472,721
72,169,1117,164,953,85,868,451,417
72,170,133,20,113,5,108,41,67
72,171,110,9,101,8,93,47,46
72,172,1039,151,888,72,816,385,431
72,173,955,123,832,68,764,381,383
72,174,91,22,69,4,65,31,34
72,175,1328,255,1073,65,1008,476,532
72,176,2969,473,2496,207,2289,1084,1205
72,177,259,35,224,18,206,109,97
72,178,141,27,114,7,107,39,68
72,179,1452,288,1164,88,1076,567,509
72,180,3964,948,3016,181,2835,1388,1447
72,181,95480,22641,72839,4617,68222,41124,27098
72,182,1217,273,944,63,881,445,436
72,183,811,120,691,44,647,225,422
72,184,264,29,235,13,222,72,150
72,185,436,57,379,23,356,175,181
72,186,634,116,518,39,479,232,247
72,187,1170,188,982,62,920,520,400
72,188,114,14,100,8,92,56,36
72,189,1598,293,1305,97,1208,542,666
72,190,236,31,205,16,189,102,87
72,191,2349,369,1980,149,1831,912,919
72,192,102,19,83,6,77,29,48
72,193,387,85,302,25,277,84,193
72,194,207,28,179,9,170,103,67
72,195,1263,211,1052,96,956,542,414
72,196,465,66,399,38,361,192,169
72,197,437,61,376,20,356,186,170
72,198,1890,273,1617,105,1512,764,748
72,199,177,24,153,15,138,71,67
72,200,2459,367,2092,134,1958,1114,844
72,201,199,29,170,12,158,76,82
72,202,190,25,165,15,150,65,85
72,203,598,88,510,37,473,256,217
72,204,449,89,360,31,329,144,185
72,205,1226,216,1010,80,930,543,387
72,207,37,0,37,1,36,11,25
72,208,344,70,274,19,255,95,160
72,209,241,33,208,18,190,81,109
72,210,207,41,166,14,152,81,71
72,211,565,108,457,37,420,157,263
72,212,574,83,491,40,451,239,212
72,213,3685,630,3055,211,2844,1723,1121
72,214,16,2,14,1,13,3,10
72,215,644,86,558,46,512,240,272
72,216,433,61,372,17,355,153,202
72,217,1839,171,1668,89,1579,781,798
72,218,222,41,181,14,167,73,94
72,219,284,39,245,20,225,105,120
72,220,693,151,542,35,507,242,265
72,221,331,61,270,15,255,121,134
72,222,221,47,174,8,166,82,84
72,223,1881,340,1541,97,1444,662,782
72,224,366,50,316,28,288,174,114
72,225,445,80,365,27,338,160,178
72,226,779,104,675,56,619,377,242
72,227,35,2,33,5,28,12,16
72,228,1572,271,1301,88,1213,575,638
72,229,349,82,267,20,247,113,134
72,230,743,94,649,62,587,330,257
72,231,3574,557,3017,240,2777,1337,1440
72,232,366,56,310,28,282,140,142
72,233,60,4,56,4,52,23,29
72,234,304,71,233,20,213,103,110
72,235,253,32,221,10,211,94,117
72,236,149,10,139,3,136,45,91
72,237,343,52,291,20,271,159,112
72,238,81,14,67,3,64,15,49
72,239,453,69,384,28,356,163,193
72,240,338,50,288,22,266,126,140
72,241,2111,332,1779,123,1656,928,728
72,243,1129,174,955,79,876,484,392
72,244,2018,317,1701,116,1585,572,1013
72,245,479,63,416,36,380,201,179
72,246,162,24,138,12,126,68,58
72,247,966,119,847,52,795,452,343
72,248,592,68,524,43,481,251,230
72,249,564,97,467,34,433,217,216
72,250,171,23,148,6,142,44,98
72,251,264,50,214,18,196,90,106
72,252,883,111,772,62,710,421,289
72,253,1948,327,1621,118,1503,869,634
72,254,168,25,143,10,133,50,83
72,255,643,175,468,32,436,207,229
72,256,573,89,484,47,437,168,269
72,257,1722,218,1504,92,1412,760,652
72,258,202,31,171,10,161,72,89
72,259,234,21,213,9,204,91,113
72,260,2581,369,2212,177,2035,1109,926
72,261,245,27,218,20,198,75,123
72,262,966,114,852,49,803,358,445
72,264,8268,1982,6286,349,5937,2797,3140
72,265,198,33,165,14,151,79,72
72,266,535,92,443,29,414,207,207
72,267,703,115,588,47,541,270,271
72,268,440,57,383,35,348,185,163
72,269,2304,460,1844,113,1731,903,828
72,270,154,21,133,7,126,43,83
72,271,495,79,416,47,369,187,182
72,272,281,39,242,18,224,95,129
72,273,174,14,160,11,149,76,73
72,274,144,12,132,17,115,30,85
72,275,829,117,712,44,668,305,363
72,276,1608,287,1321,113,1208,637,571
72,277,102,9,93,9,84,40,44
72,278,624,106,518,36,482,153,329
72,279,144,21,123,9,114,74,40
72,280,1584,255,1329,84,1245,749,496
72,281,321,45,276,24,252,131,121
72,282,396,76,320,24,296,124,172
72,283,294,47,247,22,225,96,129
72,284,404,71,333,30,303,151,152
72,286,331,49,282,14,268,131,137
72,287,1649,240,1409,96,1313,759,554
72,288,107,14,93,10,83,30,53
72,289,1463,205,1258,88,1170,707,463
72,290,1029,146,883,72,811,390,421
72,291,704,115,589,44,545,280,265
72,292,195,33,162,12,150,45,105
72,293,415,77,338,33,305,181,124
72,294,396,66,330,28,302,128,174
72,295,482,67,415,32,383,192,191
72,296,610,94,516,50,466,193,273
72,297,405,47,358,20,338,192,146
72,298,398,49,349,30,319,167,152
72,299,1670,268,1402,107,1295,644,651
72,300,1853,336,1517,115,1402,776,626
72,301,607,86,521,45,476,249,227
72,302,156,25,131,14,117,58,59
72,303,570,107,463,31,432,245,187
72,304,159,26,133,11,122,72,50
72,305,688,89,599,42,557,278,279
72,306,903,148,755,75,680,379,301
72,307,151,20,131,12,119,56,63
72,308,1178,165,1013,68,945,497,448
72,309,232,41,191,14,177,89,88
72,310,1604,198,1406,52,1354,647,707
72,311,288,50,238,24,214,91,123
72,312,151,25,126,5,121,33,88
72,313,190,29,161,9,152,76,76
72,314,287,50,237,20,217,115,102
72,315,643,104,539,41,498,227,271
72,316,569,79,490,51,439,214,225
72,317,439,71,368,28,340,147,193
72,318,339,49,290,19,271,129,142
72,319,504,59,445,23,422,228,194
72,320,1710,211,1499,89,1410,743,667
72,321,409,56,353,35,318,119,199
72,322,198,32,166,8,158,52,106
72,323,273,42,231,23,208,87,121
72,324,387,68,319,25,294,109,185
72,325,656,91,565,51,514,254,260
72,326,166,19,147,11,136,63,73
72,327,253,42,211,18,193,92,101
72,328,3127,488,2639,136,2503,1266,1237
72,329,3410,573,2837,172,2665,1278,1387
72,330,350,65,285,22,263,110,153
72,331,402,67,335,19,316,159,157
72,332,487,99,388,34,354,181,173
72,333,365,61,304,26,278,118,160
72,334,1691,382,1309,87,1222,501,721
72,335,831,111,720,48,672,292,380
72,336,1114,129,985,50,935,283,652
72,337,643,99,544,35,509,234,275
72,338,464,55,409,36,373,203,170
72,339,526,76,450,22,428,241,187
72,340,856,100,756,55,701,404,297
72,341,459,52,407,27,380,191,189
72,342,164,25,139,10,129,76,53
72,343,462,64,398,23,375,157,218
72,344,2334,405,1929,149,1780,963,817
72,345,252,29,223,11,212,136,76
72,346,3207,549,2658,200,2458,1430,1028
72,347,214,26,188,15,173,66,107
72,348,105,13,92,3,89,40,49
72,349,397,73,324,23,301,169,132
72,350,2241,317,1924,140,1784,947,837
72,351,743,119,624,58,566,228,338
72,352,103,22,81,6,75,35,40
72,353,187,23,164,15,149,61,88
72,354,134,24,110,10,100,39,61
72,355,76,15,61,4,57,20,37
72,356,326,60,266,26,240,117,123
72,357,537,100,437,45,392,218,174
72,358,1135,170,965,72,893,437,456
72,359,950,169,781,76,705,359,346
72,360,987,126,861,58,803,471,332
72,361,372,54,318,17,301,147,154
72,362,105,9,96,4,92,46,46
72,363,1252,269,983,67,916,422,494
72,364,1229,214,1015,68,947,412,535
72,366,301,55,246,13,233,88,145
72,367,532,107,425,21,404,174,230
72,368,273,44,229,18,211,90,121
72,369,455,70,385,30,355,182,173
72,370,238,35,203,9,194,95,99
72,372,59,5,54,8,46,21,25
72,373,1921,261,1660,134,1526,689,837
72,374,150,22,128,10,118,47,71
72,375,406,48,358,24,334,144,190
72,376,502,61,441,42,399,178,221
72,377,735,105,630,56,574,276,298
72,378,983,143,840,59,781,346,435
72,379,155,32,123,13,110,49,61
72,380,705,88,617,43,574,288,286
72,381,840,116,724,51,673,392,281
72,382,624,122,502,45,457,218,239
72,383,86,9,77,8,69,36,33
72,384,627,101,526,37,489,250,239
72,385,1428,255,1173,83,1090,670,420
72,386,3502,508,2994,141,2853,1536,1317
73,1,232,24,208,8,200,79,121
73,2,666,147,519,39,480,243,237
73,3,2426,402,2024,130,1894,903,991
73,4,374,66,308,26,282,141,141
73,5,167,28,139,9,130,90,40
73,6,3038,540,2498,173,2325,977,1348
73,7,794,127,667,74,593,267,326
73,8,20535,4594,15941,911,15030,6372,8658
73,10,2460,397,2063,123,1940,756,1184
73,11,11186,2773,8413,521,7892,4000,3892
73,12,136,29,107,1,106,65,41
73,13,477,84,393,29,364,179,185
73,14,179,28,151,8,143,62,81
73,15,1407,277,1130,56,1074,258,816
73,17,812,91,721,46,675,248,427
73,18,580,57,523,30,493,232,261
73,19,708,122,586,61,525,343,182
73,20,337,49,288,18,270,112,158
73,21,667,133,534,30,504,276,228
73,22,469,83,386,28,358,164,194
73,23,564,84,480,26,454,235,219
73,24,663,94,569,41,528,168,360
73,25,362,51,311,15,296,125,171
73,26,304,43,261,24,237,140,97
73,27,248,25,223,13,210,91,119
73,28,246,34,212,16,196,78,118
73,29,3438,524,2914,160,2754,1278,1476
73,30,1958,321,1637,88,1549,861,688
73,31,2759,488,2271,140,2131,943,1188
73,32,1636,324,1312,97,1215,685,530
73,33,290,45,245,13,232,116,116
73,34,1740,221,1519,82,1437,598,839
73,36,550,86,464,46,418,211,207
73,38,841,123,718,29,689,279,410
73,39,436,64,372,23,349,174,175
73,40,386,63,323,28,295,132,163
73,41,227,32,195,18,177,76,101
73,42,235,28,207,19,188,88,100
73,43,1659,250,1409,122,1287,648,639
73,45,275,42,233,18,215,124,91
73,46,128,25,103,10,93,44,49
73,47,223,47,176,16,160,50,110
73,48,246,42,204,15,189,109,80
73,49,133,25,108,6,102,68,34
73,50,413,47,366,22,344,119,225
73,51,2937,435,2502,111,2391,1055,1336
73,52,129,7,122,7,115,41,74
73,53,456,68,388,25,363,179,184
73,54,5010,1109,3901,194,3707,1504,2203
73,55,1552,316,1236,60,1176,537,639
73,56,449,83,366,29,337,139,198
73,57,416,65,351,21,330,105,225
73,58,887,168,719,51,668,368,300
73,59,1790,261,1529,71,1458,589,869
73,61,291,36,255,21,234,115,119
73,62,323,48,275,19,256,103,153
73,63,552,97,455,27,428,245,183
73,64,3760,566,3194,181,3013,1228,1785
73,65,32629,6350,26279,1356,24923,14159,10764
73,67,829,155,674,39,635,300,335
73,68,406,56,350,34,316,147,169
73,69,656,112,544,40,504,286,218
73,70,431,66,365,22,343,156,187
73,71,612,92,520,18,502,206,296
73,72,55,6,49,1,48,12,36
73,73,402,64,338,16,322,162,160
73,74,280,40,240,18,222,136,86
73,75,441,41,400,24,376,194,182
73,76,178,27,151,9,142,92,50
73,77,446,95,351,25,326,146,180
73,78,113,14,99,5,94,49,45
73,79,614,86,528,38,490,270,220
73,80,169,23,146,13,133,56,77
73,81,450,69,381,24,357,165,192
73,82,454,63,391,29,362,177,185
73,83,192,28,164,16,148,53,95
73,84,692,116,576,35,541,205,336
73,85,1005,148,857,56,801,361,440
73,86,354,57,297,33,264,110,154
73,87,4242,764,3478,202,3276,1786,1490
73,88,166,24,142,8,134,39,95
73,89,952,134,818,64,754,387,367
73,90,217,39,178,11,167,64,103
73,91,171,27,144,1,143,63,80
73,92,131,25,106,8,98,51,47
73,93,638,106,532,27,505,239,266
73,94,371,54,317,10,307,70,237
73,95,229,24,205,16,189,100,89
73,96,839,120,719,44,675,364,311
73,97,561,75,486,24,462,272,190
73,98,683,108,575,36,539,280,259
73,99,303,57,246,18,228,109,119
73,100,1398,214,1184,80,1104,468,636
73,101,95,13,82,2,80,38,42
73,103,1888,258,1630,95,1535,728,807
73,104,294,36,258,22,236,109,127
73,105,831,151,680,56,624,282,342
73,106,238,34,204,11,193,80,113
73,107,568,95,473,17,456,221,235
73,108,309,46,263,14,249,127,122
73,109,587,125,462,38,424,235,189
73,110,591,128,463,30,433,234,199
73,111,262,39,223,17,206,105,101
73,112,452,79,373,19,354,213,141
73,113,131,14,117,2,115,65,50
73,114,612,104,508,29,479,124,355
73,115,124,15,109,9,100,53,47
73,116,607,105,502,15,487,152,335
73,117,550,106,444,27,417,244,173
73,118,627,82,545,24,521,263,258
73,119,93,17,76,11,65,41,24
73,120,380,67,313,19,294,118,176
73,121,1067,156,911,64,847,443,404
73,122,337,68,269,12,257,129,128
73,123,374,54,320,22,298,84,214
73,124,2276,332,1944,123,1821,851,970
73,126,317,54,263,17,246,131,115
73,127,261,39,222,18,204,97,107
73,128,2947,433,2514,178,2336,1037,1299
73,129,854,136,718,61,657,318,339
73,130,1462,234,1228,76,1152,613,539
73,131,246,36,210,7,203,100,103
73,132,763,156,607,47,560,200,360
73,133,261,15,246,22,224,130,94
73,135,451,57,394,29,365,153,212
73,137,2274,404,1870,94,1776,897,879
73,138,438,57,381,26,355,162,193
73,139,261,41,220,14,206,119,87
73,140,210,27,183,10,173,66,107
73,141,489,97,392,29,363,163,200
73,142,563,100,463,36,427,224,203
73,143,513,63,450,15,435,129,306
73,144,392,60,332,16,316,97,219
73,145,364,47,317,25,292,129,163
73,146,495,69,426,31,395,220,175
73,147,167,29,138,12,126,62,64
73,149,247,32,215,17,198,104,94
73,150,1681,327,1354,57,1297,450,847
73,151,1773,286,1487,96,1391,657,734
73,152,159,27,132,5,127,55,72
73,153,1142,193,949,74,875,454,421
73,154,2270,313,1957,126,1831,872,959
73,155,1160,136,1024,65,959,415,544
73,156,267,41,226,11,215,75,140
73,157,2113,467,1646,127,1519,768,751
73,158,348,62,286,26,260,111,149
73,159,533,98,435,29,406,226,180
73,160,697,71,626,39,587,227,360
73,161,527,81,446,18,428,151,277
73,162,497,79,418,29,389,196,193
73,163,184,37,147,13,134,53,81
73,164,696,84,612,32,580,240,340
73,166,49,11,38,3,35,20,15
73,167,143,36,107,4,103,41,62
73,168,111,22,89,7,82,48,34
73,169,394,62,332,33,299,132,167
73,170,413,90,323,21,302,163,139
73,171,2325,432,1893,115,1778,1045,733
73,173,473,71,402,23,379,212,167
73,175,155,32,123,9,114,59,55
73,176,578,98,480,18,462,116,346
73,177,208,24,184,15,169,111,58
73,178,347,53,294,18,276,177,99
73,179,8291,1134,7157,401,6756,2913,3843
73,180,336,44,292,22,270,129,141
73,181,1921,478,1443,104,1339,631,708
73,182,1667,198,1469,105,1364,576,788
73,183,861,88,773,50,723,311,412
73,184,374,38,336,18,318,149,169
73,186,467,72,395,9,386,85,301
73,187,1612,295,1317,97,1220,663,557
73,188,701,117,584,42,542,262,280
73,189,133,20,113,7,106,47,59
73,190,270,58,212,15,197,75,122
73,191,1417,200,1217,66,1151,506,645
73,192,168,26,142,14,128,79,49
73,193,77,14,63,8,55,25,30
73,194,354,70,284,32,252,147,105
73,196,579,82,497,48,449,193,256
73,197,522,90,432,25,407,162,245
73,198,308,66,242,13,229,94,135
73,200,395,48,347,36,311,162,149
73,201,345,85,260,21,239,115,124
73,202,305,34,271,16,255,135,120
73,203,375,69,306,20,286,157,129
73,204,1209,264,945,67,878,425,453
73,205,139,16,123,10,113,58,55
73,206,609,93,516,15,501,161,340
73,207,365,59,306,40,266,132,134
73,208,689,80,609,28,581,246,335
73,210,312,36,276,24,252,108,144
73,211,682,106,576,47,529,285,244
73,212,614,107,507,50,457,251,206
73,213,5513,805,4708,304,4404,2107,2297
73,214,177,22,155,9,146,41,105
73,215,2374,488,1886,135,1751,864,887
73,216,290,52,238,34,204,113,91
73,217,212,29,183,16,167,106,61
73,218,657,106,551,47,504,242,262
73,219,467,57,410,30,380,193,187
73,220,324,42,282,13,269,158,111
73,221,163,20,143,14,129,70,59
73,222,4373,735,3638,242,3396,1617,1779
73,223,420,66,354,19,335,177,158
73,224,543,93,450,32,418,186,232
73,225,2197,285,1912,121,1791,869,922
73,226,1211,219,992,74,918,462,456
73,227,1524,280,1244,46,1198,234,964
73,228,596,90,506,36,470,213,257
73,229,361,54,307,29,278,130,148
73,230,308,63,245,18,227,105,122
73,231,942,180,762,59,703,357,346
73,232,645,132,513,40,473,181,292
73,233,142,22,120,10,110,61,49
73,234,150,25,125,4,121,60,61
73,235,204,45,159,7,152,45,107
73,236,1527,276,1251,87,1164,487,677
73,237,275,51,224,18,206,143,63
73,238,326,51,275,14,261,122,139
73,239,486,76,410,32,378,136,242
73,240,585,91,494,41,453,246,207
73,241,838,151,687,46,641,283,358
73,242,262,49,213,10,203,79,124
73,243,1235,206,1029,46,983,552,431
73,244,439,73,366,26,340,156,184
73,245,571,76,495,25,470,201,269
73,246,175,17,158,17,141,78,63
73,247,701,89,612,29,583,336,247
73,248,5038,1063,3975,249,3726,1843,1883
73,249,852,108,744,52,692,290,402
73,250,1249,174,1075,80,995,615,380
73,252,204,27,177,13,164,86,78
73,253,462,90,372,26,346,206,140
73,254,118,12,106,7,99,44,55
73,255,630,102,528,35,493,244,249
73,256,266,66,200,24,176,103,73
73,257,2106,334,1772,58,1714,508,1206
73,258,560,72,488,37,451,298,153
73,259,384,60,324,34,290,145,145
73,260,164,16,148,9,139,77,62
73,261,1934,420,1514,119,1395,731,664
73,262,381,60,321,23,298,79,219
73,263,507,104,403,24,379,160,219
73,264,233,30,203,17,186,74,112
73,265,433,68,365,18,347,179,168
73,266,168,30,138,13,125,58,67
73,267,280,45,235,14,221,91,130
73,268,368,85,283,35,248,148,100
73,269,495,68,427,35,392,176,216
73,270,2620,404,2216,163,2053,1066,987
73,271,206,24,182,14,168,88,80
73,272,151,15,136,8,128,75,53
73,273,268,30,238,20,218,110,108
73,274,327,37,290,16,274,143,131
73,275,261,32,229,12,217,90,127
73,276,331,57,274,20,254,118,136
73,277,133,22,111,7,104,43,61
73,278,1006,166,840,71,769,338,431
73,280,375,82,293,11,282,111,171
73,281,619,90,529,39,490,227,263
73,282,729,125,604,42,562,246,316
73,283,526,70,456,39,417,216,201
73,284,573,95,478,19,459,157,302
73,285,1666,282,1384,88,1296,540,756
73,286,794,152,642,48,594,263,331
73,287,204,31,173,10,163,61,102
73,288,1140,149,991,67,924,419,505
73,289,317,37,280,25,255,129,126
73,290,331,62,269,31,238,77,161
73,292,222,36,186,15,171,104,67
73,293,392,46,346,13,333,174,159
73,294,261,38,223,12,211,115,96
73,296,1424,355,1069,58,1011,330,681
73,297,438,63,375,29,346,191,155
73,298,662,106,556,53,503,258,245
73,299,252,37,215,12,203,85,118
73,300,2634,613,2021,116,1905,642,1263
73,301,534,79,455,33,422,176,246
73,302,227,36,191,13,178,84,94
73,303,4923,1022,3901,330,3571,1787,1784
73,304,1331,261,1070,41,1029,216,813
73,305,177,33,144,4,140,70,70
73,306,1107,223,884,38,846,263,583
73,307,351,70,281,19,262,158,104
73,308,469,64,405,21,384,190,194
73,309,215,30,185,17,168,66,102
73,310,391,46,345,18,327,148,179
73,311,70,7,63,4,59,35,24
73,312,633,82,551,42,509,248,261
73,313,163,23,140,10,130,46,84
73,314,205,20,185,6,179,102,77
73,315,359,42,317,24,293,136,157
73,316,208,31,177,28,149,71,78
73,317,547,91,456,35,421,227,194
73,318,271,76,195,12,183,58,125
73,320,711,103,608,49,559,279,280
73,321,306,54,252,17,235,116,119
73,322,417,69,348,21,327,131,196
73,323,391,86,305,27,278,99,179
73,324,199,21,178,13,165,78,87
73,326,1504,194,1310,65,1245,544,701
73,327,291,64,227,19,208,119,89
73,328,1516,246,1270,54,1216,496,720
73,329,1250,179,1071,59,1012,448,564
73,330,2135,374,1761,114,1647,719,928
74,1,1113,197,916,52,864,191,673
74,2,1323,175,1148,84,1064,518,546
74,3,778,113,665,55,610,256,354
74,4,264,55,209,18,191,75,116
74,5,3128,551,2577,152,2425,975,1450
74,6,1092,149,943,58,885,351,534
74,7,1554,207,1347,85,1262,450,812
74,8,3936,1237,2699,129,2570,1065,1505
74,9,551,98,453,21,432,133,299
74,10,32425,6905,25520,1325,24195,11590,12605
74,11,15428,2967,12461,618,11843,4613,7230
74,12,16369,4542,11827,577,11250,5824,5426
74,13,1496,210,1286,64,1222,408,814
74,14,1436,303,1133,47,1086,401,685
74,15,740,137,603,41,562,211,351
74,16,1320,248,1072,56,1016,338,678
74,18,1080,145,935,64,871,276,595
74,19,1631,213,1418,75,1343,536,807
74,20,923,105,818,43,775,284,491
74,21,1022,158,864,44,820,225,595
74,22,549,57,492,32,460,215,245
74,24,1620,252,1368,101,1267,440,827
74,25,919,167,752,43,709,234,475
74,26,3364,586,2778,174,2604,1110,1494
74,27,275,23,252,11,241,57,184
74,29,339,40,299,21,278,121,157
74,30,197,33,164,21,143,38,105
74,31,1240,215,1025,56,969,331,638
74,32,1166,200,966,72,894,260,634
74,33,960,122,838,54,784,271,513
74,34,351,56,295,20,275,118,157
74,35,428,64,364,16,348,103,245
74,36,282,38,244,8,236,61,175
74,37,1206,190,1016,54,962,387,575
74,38,790,118,672,48,624,213,411
74,40,1906,280,1626,69,1557,606,951
74,41,236,56,180,8,172,59,113
74,42,7161,1674,5487,306,5181,2484,2697
74,43,3330,553,2777,153,2624,957,1667
74,44,433,84,349,33,316,92,224
74,45,181,25,156,10,146,47,99
74,46,389,48,341,26,315,122,193
74,48,715,139,576,36,540,179,361
74,49,360,46,314,21,293,87,206
74,50,508,83,425,41,384,167,217
74,51,403,65,338,15,323,141,182
74,52,665,106,559,32,527,174,353
74,53,717,102,615,26,589,281,308
74,54,490,75,415,26,389,173,216
74,55,372,66,306,35,271,123,148
74,56,7044,1479,5565,253,5312,1888,3424
74,57,726,83,643,46,597,262,335
74,58,642,116,526,14,512,96,416
74,59,177,26,151,13,138,50,88
74,60,113,9,104,12,92,50,42
74,61,575,63,512,24,488,187,301
74,62,872,119,753,47,706,280,426
74,63,960,127,833,22,811,112,699
74,64,936,130,806,52,754,244,510
74,65,341,48,293,15,278,115,163
74,66,134,20,114,4,110,49,61
74,67,1760,222,1538,90,1448,507,941
74,68,301,33,268,16,252,74,178
74,69,422,72,350,22,328,97,231
74,70,1038,190,848,38,810,318,492
74,71,145,21,124,8,116,47,69
74,72,139,21,118,9,109,47,62
74,73,442,67,375,51,324,120,204
74,74,266,36,230,13,217,80,137
74,75,880,128,752,51,701,243,458
74,76,1267,217,1050,67,983,395,588
74,77,590,79,511,26,485,174,311
74,78,297,37,260,18,242,92,150
74,79,449,46,403,23,380,87,293
74,80,1482,203,1279,42,1237,188,1049
74,81,9341,2160,7181,392,6789,2911,3878
74,82,2065,417,1648,62,1586,585,1001
74,83,1636,235,1401,44,1357,279,1078
74,84,264,29,235,5,230,97,133
74,85,1057,172,885,46,839,247,592
74,86,457,90,367,16,351,114,237
74,87,1151,204,947,59,888,326,562
74,88,617,77,540,19,521,221,300
74,89,826,150,676,27,649,134,515
74,90,820,124,696,41,655,230,425
74,91,178,19,159,4,155,46,109
74,93,9922,2223,7699,445,7254,3916,3338
74,94,4141,663,3478,197,3281,1093,2188
74,95,188,25,163,8,155,47,108
74,96,2712,388,2324,155,2169,775,1394
74,97,1321,223,1098,60,1038,504,534
74,98,812,93,719,44,675,241,434
74,99,704,108,596,20,576,61,515
74,100,552,74,478,31,447,147,300
74,101,395,48,347,28,319,137,182
74,102,964,118,846,52,794,372,422
74,103,1536,249,1287,84,1203,353,850
74,104,2393,360,2033,127,1906,766,1140
74,105,2974,591,2383,124,2259,806,1453
74,106,584,115,469,21,448,169,279
74,107,91,13,78,7,71,29,42
74,108,716,88,628,36,592,245,347
74,109,568,64,504,30,474,215,259
74,110,525,76,449,20,429,155,274
74,111,189,30,159,12,147,50,97
74,112,2617,321,2296,153,2143,880,1263
74,114,341,63,278,7,271,68,203
74,116,1351,175,1176,61,1115,387,728
74,117,543,79,464,29,435,182,253
74,118,991,215,776,37,739,302,437
74,119,5612,1205,4407,239,4168,1766,2402
74,120,1021,168,853,48,805,333,472
74,121,695,106,589,26,563,164,399
74,122,399,50,349,23,326,137,189
74,123,4625,830,3795,295,3500,1605,1895
74,124,966,109,857,53,804,291,513
74,126,655,110,545,41,504,152,352
74,127,1042,173,869,68,801,333,468
74,128,2470,355,2115,123,1992,674,1318
74,129,176,23,153,14,139,25,114
74,130,314,51,263,20,243,107,136
74,131,1304,242,1062,51,1011,331,680
74,133,5787,1579,4208,184,4024,1854,2170
74,134,1167,187,980,21,959,164,795
74,135,420,59,361,17,344,136,208
74,136,1887,218,1669,60,1609,247,1362
74,137,2344,329,2015,131,1884,764,1120
74,138,1063,148,915,74,841,389,452
74,139,681,154,527,37,490,233,257
74,140,932,141,791,45,746,317,429
74,141,676,108,568,36,532,210,322
74,142,690,110,580,30,550,240,310
74,143,2111,395,1716,79,1637,616,1021
74,144,501,86,415,21,394,180,214
74,145,475,83,392,21,371,109,262
74,146,893,115,778,55,723,268,455
74,147,747,106,641,61,580,215,365
74,148,226,27,199,10,189,81,108
74,150,1020,199,821,38,783,267,516
74,151,363,65,298,18,280,120,160
74,152,809,76,733,30,703,269,434
74,153,1203,248,955,48,907,325,582
74,154,1689,315,1374,82,1292,490,802
74,155,651,124,527,36,491,181,310
74,156,538,102,436,20,416,158,258
74,157,1133,145,988,64,924,372,552
74,158,624,120,504,29,475,165,310
74,159,2191,462,1729,96,1633,459,1174
74,160,791,62,729,33,696,189,507
74,161,1384,194,1190,79,1111,425,686
74,162,587,85,502,25,477,158,319
74,163,1421,191,1230,57,1173,486,687
74,164,4134,760,3374,200,3174,1131,2043
74,165,491,51,440,28,412,138,274
74,166,1334,232,1102,61,1041,466,575
74,167,692,93,599,52,547,252,295
74,168,502,93,409,37,372,156,216
74,169,3036,659,2377,136,2241,773,1468
74,170,604,76,528,39,489,184,305
74,171,1034,189,845,51,794,313,481
74,172,1062,186,876,66,810,325,485
74,173,3396,613,2783,102,2681,382,2299
74,174,391,83,308,22,286,110,176
74,175,223,64,159,11,148,52,96
74,176,1477,179,1298,54,1244,331,913
74,177,581,65,516,44,472,202,270
74,178,434,69,365,20,345,141,204
74,179,562,82,480,34,446,165,281
74,180,1174,253,921,42,879,337,542
74,181,1869,219,1650,92,1558,647,911
74,182,5506,1149,4357,262,4095,2032,2063
74,183,1700,267,1433,99,1334,515,819
74,184,521,62,459,24,435,178,257
74,185,1446,306,1140,61,1079,534,545
74,186,450,54,396,26,370,153,217
74,187,269,36,233,9,224,88,136
74,188,603,91,512,12,500,143,357
74,189,1212,197,1015,76,939,405,534
74,190,550,86,464,23,441,171,270
74,191,2213,308,1905,70,1835,360,1475
74,192,762,102,660,48,612,243,369
74,193,620,103,517,28,489,194,295
74,194,564,69,495,22,473,189,284
74,195,248,37,211,11,200,67,133
74,196,393,70,323,33,290,111,179
74,197,846,144,702,39,663,234,429
74,198,812,107,705,32,673,303,370
74,199,384,91,293,14,279,106,173
74,200,1942,308,1634,99,1535,566,969
74,201,1038,169,869,44,825,233,592
74,202,398,58,340,24,316,125,191
74,203,84,28,56,3,53,23,30
74,204,717,117,600,35,565,201,364
74,205,916,153,763,49,714,268,446
74,206,717,95,622,50,572,201,371
74,208,7745,1574,6171,413,5758,2731,3027
74,209,1010,128,882,44,838,313,525
74,210,1200,231,969,66,903,313,590
74,211,1966,308,1658,105,1553,626,927
74,212,870,164,706,45,661,195,466
74,213,4641,531,4110,204,3906,1600,2306
74,215,1002,176,826,25,801,182,619
74,216,524,86,438,24,414,114,300
74,217,2797,363,2434,116,2318,846,1472
74,218,4660,876,3784,216,3568,1417,2151
74,219,872,94,778,30,748,244,504
74,220,4585,711,3874,262,3612,1425,2187
74,221,382,49,333,21,312,83,229
74,222,397,84,313,23,290,86,204
74,223,353,64,289,21,268,96,172
74,224,6346,1102,5244,319,4925,2333,2592
74,225,8332,1749,6583,492,6091,2837,3254
74,226,503,75,428,27,401,153,248
74,228,216,31,185,11,174,48,126
74,229,2250,512,1738,85,1653,518,1135
74,231,380,43,337,18,319,104,215
74,232,389,35,354,27,327,110,217
74,233,1478,278,1200,75,1125,449,676
74,234,671,92,579,36,543,224,319
74,235,323,58,265,22,243,115,128
74,236,4543,969,3574,239,3335,1177,2158
74,237,613,162,451,23,428,178,250
74,238,800,175,625,41,584,211,373
74,239,966,119,847,45,802,239,563
74,240,650,124,526,34,492,218,274
74,241,2163,401,1762,137,1625,695,930
74,242,4807,771,4036,191,3845,1459,2386
74,243,6611,1569,5042,246,4796,2031,2765
74,244,613,78,535,34,501,215,286
74,245,1768,221,1547,74,1473,528,945
74,249,1721,316,1405,87,1318,510,808
74,250,3835,615,3220,232,2988,1131,1857
74,252,500,76,424,25,399,177,222
74,253,674,90,584,43,541,226,315
74,254,497,91,406,20,386,132,254
74,255,1356,223,1133,89,1044,391,653
74,256,11156,2282,8874,455,8419,3231,5188
74,257,430,48,382,20,362,134,228
74,258,2039,330,1709,103,1606,580,1026
74,259,308,56,252,16,236,87,149
74,260,491,62,429,28,401,138,263
74,261,280,36,244,13,231,94,137
74,262,683,108,575,30,545,165,380
74,263,3881,915,2966,147,2819,1131,1688
74,264,4078,972,3106,187,2919,1071,1848
74,265,458,51,407,15,392,141,251
74,266,761,137,624,48,576,270,306
74,267,3095,386,2709,106,2603,939,1664
74,268,12808,2315,10493,579,9914,4757,5157
74,269,1415,239,1176,61,1115,490,625
74,270,474,86,388,30,358,168,190
74,271,333,62,271,16,255,94,161
74,272,2744,304,2440,139,2301,872,1429
74,273,630,82,548,31,517,132,385
74,274,382,57,325,22,303,116,187
74,275,1623,284,1339,43,1296,397,899
74,276,2468,426,2042,99,1943,838,1105
74,278,3699,686,3013,184,2829,1075,1754
74,279,584,80,504,33,471,138,333
74,280,4259,682,3577,200,3377,1145,2232
74,281,21744,5317,16427,782,15645,7232,8413
74,282,2166,270,1896,148,1748,831,917
74,283,771,112,659,39,620,275,345
74,284,700,115,585,41,544,238,306
74,285,297,55,242,15,227,76,151
74,286,588,91,497,45,452,156,296
74,287,621,124,497,36,461,163,298
74,288,1962,429,1533,97,1436,457,979
74,289,1070,128,942,69,873,341,532
74,290,341,47,294,33,261,137,124
74,291,220,37,183,16,167,51,116
74,292,693,114,579,48,531,164,367
74,293,1939,512,1427,46,1381,422,959
74,294,507,59,448,19,429,173,256
74,295,221,35,186,19,167,81,86
74,296,455,53,402,23,379,133,246
74,297,394,39,355,18,337,118,219
74,298,4429,877,3552,130,3422,1203,2219
74,299,1958,339,1619,51,1568,361,1207
74,301,549,63,486,17,469,171,298
74,302,798,133,665,52,613,208,405
74,303,2124,264,1860,113,1747,699,1048
74,304,528,81,447,30,417,172,245
74,305,4791,993,3798,196,3602,1629,1973
74,306,411,49,362,22,340,148,192
74,307,526,58,468,33,435,173,262
74,308,673,115,558,35,523,237,286
74,309,2415,557,1858,104,1754,624,1130
74,310,1035,157,878,64,814,333,481
74,311,2969,420,2549,148,2401,980,1421
74,312,984,198,786,53,733,262,471
74,313,299,46,253,16,237,78,159
74,314,744,112,632,31,601,184,417
74,315,652,124,528,45,483,213,270
75,56,1253919,212870,1041049,33088,1007961,560461,447500
76,1,936,104,832,55,777,391,386
76,2,387,46,341,30,311,157,154
76,4,380,57,323,17,306,158,148
76,5,2205,554,1651,98,1553,981,572
76,6,111,20,91,4,87,35,52
76,7,558,75,483,29,454,226,228
76,8,540,64,476,29,447,224,223
76,9,182,16,166,9,157,83,74
76,10,305,43,262,21,241,86,155
76,11,157,29,128,11,117,57,60
76,12,153,22,131,7,124,63,61
76,13,708,104,604,24,580,322,258
76,14,1101,170,931,64,867,409,458
76,15,496,84,412,20,392,202,190
76,16,106,11,95,5,90,40,50
76,17,407,47,360,25,335,162,173
76,18,985,114,871,76,795,416,379
76,19,324,31,293,20,273,148,125
76,20,926,137,789,62,727,387,340
76,21,338,55,283,14,269,137,132
76,22,253,36,217,15,202,123,79
76,23,209,13,196,15,181,97,84
76,24,149,22,127,13,114,70,44
76,25,242,34,208,14,194,82,112
76,26,1939,330,1609,84,1525,911,614
76,27,271,28,243,15,228,119,109
76,28,143,27,116,13,103,42,61
76,29,185,33,152,16,136,64,72
76,30,384,62,322,31,291,157,134
76,31,481,53,428,38,390,197,193
76,32,106,17,89,7,82,33,49
76,33,308,37,271,21,250,126,124
76,34,1344,172,1172,82,1090,570,520
76,35,1677,302,1375,87,1288,486,802
76,36,509,69,440,36,404,205,199
76,37,210,29,181,13,168,92,76
76,38,335,38,297,12,285,148,137
76,39,916,92,824,43,781,351,430
76,40,175,24,151,7,144,89,55
76,41,571,48,523,25,498,288,210
76,42,87,15,72,12,60,22,38
76,43,667,67,600,34,566,311,255
76,44,207,15,192,16,176,79,97
76,45,303,42,261,13,248,132,116
76,46,488,41,447,24,423,226,197
76,47,129,11,118,12,106,40,66
76,48,256,44,212,19,193,68,125
76,49,227,46,181,15,166,76,90
76,50,786,100,686,40,646,363,283
76,51,1341,246,1095,60,1035,520,515
76,52,159,20,139,8,131,41,90
76,53,115,17,98,4,94,37,57
76,54,402,77,325,29,296,155,141
76,55,300,30,270,18,252,105,147
76,56,492,45,447,33,414,256,158
76,57,8690,1700,6990,434,6556,4099,2457
76,58,209,19,190,9,181,85,96
76,59,296,36,260,24,236,133,103
76,60,373,71,302,19,283,134,149
76,62,186,48,138,6,132,58,74
76,63,372,75,297,16,281,145,136
76,64,360,47,313,18,295,138,157
76,65,318,55,263,18,245,108,137
76,66,116,11,105,4,101,38,63
76,67,463,79,384,29,355,163,192
76,68,536,77,459,25,434,206,228
76,69,1742,222,1520,73,1447,708,739
76,70,443,65,378,20,358,194,164
76,71,394,72,322,13,309,132,177
76,72,494,82,412,37,375,181,194
76,73,539,92,447,40,407,206,201
76,74,54,15,39,3,36,7,29
76,75,417,62,355,22,333,192,141
76,76,171,29,142,13,129,70,59
76,77,148,26,122,3,119,62,57
76,78,119,8,111,0,111,61,50
76,79,138,13,125,2,123,71,52
76,80,323,35,288,21,267,124,143
76,81,1017,178,839,40,799,403,396
76,82,498,70,428,38,390,190,200
76,83,74,7,67,3,64,36,28
76,84,89,13,76,6,70,38,32
76,85,283,39,244,6,238,94,144
76,86,163,18,145,18,127,49,78
76,87,410,63,347,22,325,177,148
76,88,382,53,329,24,305,163,142
76,89,396,36,360,19,341,188,153
76,90,869,128,741,37,704,314,390
76,91,154,28,126,7,119,58,61
76,92,515,69,446,32,414,260,154
76,93,274,50,224,17,207,90,117
76,94,211,49,162,16,146,66,80
76,96,494,57,437,32,405,219,186
76,97,84,9,75,5,70,26,44
76,98,556,63,493,36,457,263,194
76,99,469,67,402,30,372,172,200
76,100,912,123,789,47,742,342,400
76,101,2265,447,1818,93,1725,1095,630
76,103,5191,924,4267,220,4047,1895,2152
76,104,257,31,226,8,218,114,104
76,105,602,120,482,39,443,200,243
76,106,458,56,402,27,375,180,195
76,107,187,19,168,7,161,58,103
76,108,17052,3150,13902,577,13325,5836,7489
76,109,146,19,127,12,115,52,63
76,110,295,51,244,17,227,141,86
76,111,340,37,303,17,286,115,171
76,112,283,46,237,6,231,95,136
76,113,264,35,229,12,217,105,112
76,114,7741,1877,5864,392,5472,3438,2034
76,115,461,56,405,16,389,162,227
76,116,2598,354,2244,154,2090,971,1119
76,117,442,57,385,23,362,166,196
76,118,174,20,154,7,147,74,73
76,119,155,24,131,4,127,47,80
76,120,310,42,268,13,255,87,168
76,121,244,25,219,13,206,81,125
76,122,331,49,282,22,260,127,133
76,123,730,74,656,20,636,286,350
76,124,311,41,270,20,250,100,150
76,125,1118,180,938,69,869,364,505
76,126,211,30,181,18,163,82,81
76,127,520,70,450,26,424,177,247
76,128,381,52,329,19,310,176,134
76,129,148,19,129,3,126,65,61
76,130,198,23,175,10,165,78,87
76,131,533,66,467,26,441,210,231
76,132,339,39,300,14,286,128,158
76,133,367,49,318,15,303,120,183
76,134,226,28,198,5,193,108,85
76,135,775,108,667,34,633,295,338
76,136,560,98,462,18,444,273,171
76,137,736,85,651,40,611,323,288
76,138,276,46,230,19,211,88,123
76,139,157,26,131,9,122,57,65
76,140,132,24,108,4,104,67,37
76,141,918,119,799,53,746,365,381
76,142,369,80,289,29,260,103,157
76,143,949,155,794,61,733,342,391
76,144,139,14,125,1,124,53,71
76,145,168,36,132,4,128,62,66
76,146,1021,193,828,48,780,255,525
76,147,691,105,586,47,539,242,297
76,148,212,44,168,13,155,55,100
76,149,250,29,221,12,209,96,113
76,151,206,32,174,8,166,82,84
76,152,587,94,493,29,464,201,263
76,153,250,36,214,9,205,115,90
76,154,403,77,326,21,305,194,111
76,155,259,39,220,10,210,110,100
76,156,206,34,172,11,161,79,82
76,157,9057,1772,7285,456,6829,4634,2195
76,158,243,30,213,10,203,130,73
76,159,2310,376,1934,98,1836,1072,764
76,160,264,49,215,14,201,109,92
76,161,91,18,73,3,70,31,39
76,162,181,12,169,13,156,74,82
76,163,551,62,489,48,441,212,229
76,164,1544,261,1283,73,1210,737,473
76,165,6591,1726,4865,316,4549,2770,1779
76,166,352,42,310,22,288,89,199
76,167,1055,106,949,74,875,378,497
76,168,43,5,38,0,38,21,17
76,169,994,179,815,52,763,390,373
76,170,115,22,93,12,81,35,46
76,171,78,14,64,8,56,16,40
76,172,181,35,146,3,143,62,81
76,173,356,41,315,17,298,139,159
76,174,235,20,215,19,196,94,102
76,175,192,21,171,5,166,60,106
76,176,214,31,183,14,169,94,75
76,177,206,29,177,10,167,58,109
76,178,3216,661,2555,162,2393,1716,677
76,179,1025,164,861,51,810,410,400
76,180,106,7,99,5,94,42,52
76,181,133,11,122,5,117,52,65
76,182,212,22,190,9,181,63,118
76,183,600,87,513,30,483,239,244
76,184,119,16,103,7,96,47,49
76,185,138,24,114,9,105,57,48
76,186,393,80,313,23,290,100,190
76,187,178,33,145,6,139,67,72
76,188,310,45,265,19,246,98,148
76,189,124,14,110,11,99,53,46
76,190,197,27,170,8,162,90,72
76,191,200,25,175,13,162,86,76
76,192,2187,417,1770,96,1674,818,856
76,193,269,44,225,17,208,86,122
76,194,306,49,257,15,242,138,104
76,195,123,20,103,12,91,43,48
76,196,1679,225,1454,85,1369,550,819
76,197,164,21,143,8,135,57,78
76,198,569,92,477,38,439,220,219
76,199,516,85,431,31,400,134,266
76,200,385,58,327,16,311,151,160
76,201,431,70,361,26,335,183,152
76,202,185,24,161,11,150,62,88
76,203,548,76,472,35,437,233,204
76,204,180,15,165,9,156,89,67
76,205,198,22,176,13,163,79,84
76,206,275,39,236,12,224,101,123
76,207,164,27,137,10,127,64,63
76,208,475,51,424,46,378,150,228
76,209,361,54,307,17,290,111,179
76,210,409,70,339,19,320,167,153
76,211,191,35,156,11,145,67,78
76,212,5761,1263,4498,304,4194,2582,1612
76,213,283,40,243,21,222,106,116
76,214,203,25,178,10,168,85,83
76,215,442,72,370,41,329,173,156
76,216,7079,1737,5342,345,4997,3085,1912
76,217,22267,4883,17384,1065,16319,9569,6750
76,218,68,10,58,8,50,20,30
76,219,1944,377,1567,90,1477,757,720
76,220,385,69,316,25,291,146,145
76,221,172,15,157,3,154,71,83
76,222,3074,495,2579,145,2434,1298,1136
76,223,434,67,367,33,334,171,163
76,224,802,96,706,35,671,308,363
76,225,319,47,272,15,257,141,116
76,226,116,18,98,4,94,48,46
76,227,427,50,377,21,356,189,167
76,228,304,55,249,19,230,120,110
76,229,320,50,270,21,249,98,151
76,230,307,47,260,14,246,118,128
76,231,9453,2439,7014,394,6620,4344,2276
76,232,460,70,390,24,366,203,163
76,233,136,24,112,1,111,40,71
76,234,454,63,391,34,357,179,178
76,235,1466,224,1242,85,1157,521,636
76,236,268,29,239,24,215,123,92
76,237,369,70,299,10,289,148,141
76,238,2348,390,1958,136,1822,975,847
76,239,541,86,455,31,424,208,216
76,240,737,100,637,47,590,220,370
76,241,128,13,115,1,114,69,45
76,242,178,30,148,10,138,48,90
76,243,184,22,162,9,153,53,100
76,244,291,37,254,24,230,86,144
76,245,1075,119,956,69,887,493,394
76,247,379,62,317,18,299,101,198
76,248,330,49,281,16,265,110,155
76,249,555,63,492,38,454,220,234
76,250,785,97,688,39,649,317,332
76,251,326,31,295,21,274,159,115
76,252,831,90,741,48,693,339,354
76,253,530,63,467,24,443,232,211
76,254,1333,212,1121,61,1060,445,615
76,255,5935,1173,4762,301,4461,2309,2152
76,257,118,20,98,7,91,52,39
76,258,1524,219,1305,77,1228,659,569
76,259,14396,3446,10950,609,10341,6240,4101
76,260,1327,274,1053,81,972,421,551
76,261,341,56,285,20,265,99,166
76,262,99,11,88,3,85,30,55
76,263,912,143,769,38,731,307,424
76,264,328,43,285,18,267,138,129
76,265,151,25,126,7,119,39,80
76,266,522,72,450,29,421,254,167
76,267,66,5,61,4,57,13,44
76,268,146,13,133,9,124,59,65
76,269,140,10,130,12,118,53,65
76,270,2287,296,1991,85,1906,797,1109
76,271,1053,161,892,46,846,410,436
76,272,671,102,569,18,551,335,216
76,273,430,55,375,23,352,160,192
76,274,38,4,34,3,31,9,22
76,275,888,115,773,45,728,353,375
76,276,2767,683,2084,109,1975,779,1196
76,277,361,49,312,27,285,102,183
76,278,623,150,473,16,457,253,204
76,279,263,26,237,25,212,97,115
76,280,115,15,100,7,93,32,61
76,281,1583,314,1269,83,1186,630,556
76,282,742,103,639,43,596,366,230
76,283,161,19,142,6,136,54,82
76,284,254,24,230,14,216,91,125
76,285,451,53,398,20,378,165,213
76,286,528,71,457,45,412,188,224
76,287,845,114,731,36,695,342,353
76,288,282,46,236,15,221,119,102
76,289,652,97,555,32,523,294,229
76,290,344,40,304,10,294,146,148
76,291,796,106,690,49,641,297,344
76,292,127,21,106,9,97,36,61
76,293,160,21,139,12,127,74,53
76,294,325,38,287,16,271,131,140
76,295,964,240,724,71,653,310,343
76,296,1966,347,1619,90,1529,907,622
76,297,186,25,161,11,150,59,91
76,298,414,51,363,13,350,198,152
76,299,297,47,250,14,236,107,129
76,300,308,64,244,18,226,121,105
76,301,153,11,142,5,137,70,67
76,302,2065,363,1702,109,1593,750,843
76,303,522,68,454,38,416,198,218
76,304,238,20,218,18,200,92,108
76,305,6316,1322,4994,287,4707,3414,1293
76,306,127,21,106,4,102,45,57
76,307,970,163,807,36,771,350,421
76,308,326,53,273,22,251,101,150
76,309,97,21,76,3,73,29,44
76,310,165,18,147,8,139,53,86
76,311,331,51,280,18,262,133,129
76,312,4351,977,3374,272,3102,1429,1673
76,313,662,108,554,46,508,264,244
76,314,420,41,379,26,353,212,141
76,315,724,73,651,44,607,289,318
76,316,361,33,328,19,309,161,148
76,317,320,35,285,13,272,133,139
76,318,520,82,438,32,406,213,193
76,319,6862,1658,5204,356,4848,3190,1658
76,320,284,39,245,25,220,101,119
76,321,1352,247,1105,64,1041,495,546
76,322,18700,2956,15744,1057,14687,9918,4769
76,323,98,13,85,6,79,41,38
76,324,670,112,558,30,528,234,294
76,325,258,35,223,7,216,92,124
76,326,100,14,86,4,82,36,46
76,327,275,35,240,8,232,146,86
76,328,268,45,223,15,208,86,122
76,329,2084,386,1698,129,1569,871,698
76,330,604,105,499,30,469,247,222
76,331,466,93,373,37,336,168,168
76,332,353,61,292,22,270,100,170
76,333,338,43,295,30,265,142,123
76,334,399,68,331,17,314,191,123
76,335,67,12,55,2,53,22,31
76,336,298,40,258,14,244,127,117
76,337,213,37,176,15,161,53,108
76,338,128,17,111,11,100,63,37
76,339,189,26,163,13,150,60,90
76,340,351,43,308,14,294,133,161
76,341,5496,1155,4341,282,4059,2694,1365
76,342,446,57,389,22,367,168,199
76,343,184,26,158,14,144,62,82
76,344,375,55,320,22,298,99,199
76,345,223,39,184,15,169,64,105
76,346,227,31,196,11,185,92,93
76,347,250,29,221,14,207,84,123
76,348,471,65,406,22,384,174,210
76,349,1724,299,1425,81,1344,687,657
76,350,299,33,266,14,252,147,105
76,351,112765,29161,83604,5677,77927,45689,32238
76,352,275,49,226,11,215,105,110
76,353,88,19,69,4,65,42,23
76,354,1021,119,902,50,852,398,454
76,355,590,71,519,24,495,234,261
76,356,108,15,93,6,87,45,42
76,357,279,30,249,6,243,115,128
76,358,210,35,175,15,160,74,86
76,359,102,15,87,10,77,36,41
76,360,455,55,400,23,377,175,202
76,361,448,59,389,29,360,170,190
76,362,281,27,254,17,237,130,107
76,363,364,52,312,27,285,184,101
76,364,229,28,201,22,179,47,132
76,365,118,16,102,4,98,65,33
76,366,3053,632,2421,170,2251,1375,876
76,367,1970,139,1831,101,1730,913,817
76,368,238,30,208,16,192,89,103
76,369,408,78,330,20,310,120,190
76,370,311,32,279,23,256,117,139
76,371,41,5,36,9,27,13,14
76,372,275,50,225,23,202,59,143
76,373,221,34,187,15,172,84,88
76,374,1053,250,803,47,756,513,243
76,375,262,37,225,12,213,108,105
76,376,207,38,169,16,153,78,75
76,377,2178,245,1933,97,1836,822,1014
76,378,1450,271,1179,84,1095,574,521
76,379,140,31,109,2,107,49,58
76,380,278,37,241,10,231,103,128
76,381,120,24,96,9,87,41,46
76,382,813,141,672,53,619,322,297
76,383,77,10,67,4,63,28,35
76,384,6627,1840,4787,351,4436,2743,1693
76,385,1091,164,927,72,855,458,397
76,386,240,31,209,15,194,99,95
76,387,262,12,250,15,235,111,124
76,388,366,66,300,25,275,157,118
76,389,156,16,140,9,131,66,65
76,390,882,168,714,42,672,335,337
76,391,1812,209,1603,84,1519,836,683
76,392,913,155,758,44,714,260,454
76,393,42,6,36,0,36,13,23
76,394,525,44,481,43,438,270,168
76,395,521,90,431,20,411,183,228
76,396,244,44,200,11,189,70,119
76,397,670,95,575,36,539,277,262
76,398,543,73,470,36,434,230,204
76,399,149,30,119,5,114,40,74
76,400,1735,284,1451,80,1371,740,631
76,401,1496,231,1265,71,1194,667,527
76,402,4618,1003,3615,257,3358,2048,1310
76,403,152,29,123,5,118,52,66
76,404,920,99,821,55,766,382,384
76,405,150,15,135,6,129,62,67
76,406,258,27,231,17,214,111,103
76,407,238,27,211,18,193,96,97
76,408,706,108,598,40,558,279,279
76,409,609,84,525,38,487,251,236
76,410,7334,1640,5694,366,5328,3270,2058
76,411,176,29,147,13,134,40,94
76,412,554,86,468,35,433,207,226
76,413,352,29,323,28,295,153,142
76,414,1227,191,1036,68,968,489,479
76,415,246,39,207,7,200,65,135
76,416,175,17,158,8,150,62,88
76,417,292,37,255,27,228,89,139
76,418,777,127,650,50,600,374,226
76,419,120,16,104,6,98,37,61
76,420,247,34,213,11,202,77,125
76,421,579,74,505,47,458,236,222
76,422,212,23,189,5,184,101,83
76,423,160,13,147,7,140,37,103
76,424,172,21,151,8,143,64,79
76,425,183,21,162,19,143,78,65
76,426,140,42,98,11,87,28,59
76,427,634,78,556,55,501,261,240
76,428,32,2,30,3,27,10,17
76,429,5919,921,4998,198,4800,1985,2815
76,430,103,13,90,9,81,45,36
76,431,86,13,73,11,62,24,38
76,432,179,15,164,11,153,67,86
76,433,477,71,406,26,380,175,205
76,434,642,77,565,34,531,244,287
76,435,460,64,396,26,370,192,178
76,436,495,84,411,28,383,197,186
76,437,414,87,327,24,303,167,136
76,438,212,25,187,8,179,94,85
76,439,240,24,216,12,204,70,134
76,440,126,18,108,3,105,53,52
76,441,541,78,463,30,433,272,161
76,442,431,58,373,27,346,185,161
76,443,507,92,415,18,397,200,197
76,444,81,11,70,3,67,33,34
76,445,404,85,319,25,294,143,151
76,446,952,117,835,47,788,292,496
76,447,12324,2425,9899,584,9315,5291,4024
76,448,1039,141,898,45,853,380,473
76,449,351,61,290,20,270,127,143
76,450,226,31,195,17,178,76,102
76,451,12837,2178,10659,411,10248,4867,5381
76,452,3749,730,3019,222,2797,1334,1463
76,453,801,132,669,41,628,324,304
76,454,81,13,68,12,56,23,33
76,455,190,29,161,19,142,66,76
76,456,539,66,473,30,443,222,221
76,457,677,146,531,46,485,305,180
76,458,109,12,97,9,88,51,37
76,459,251,23,228,10,218,86,132
76,460,423,57,366,25,341,185,156
76,461,291,52,239,17,222,86,136
76,462,3384,723,2661,176,2485,1057,1428
76,463,524,115,409,31,378,154,224
76,464,1679,214,1465,89,1376,649,727
76,465,424,62,362,25,337,137,200
76,467,954,207,747,41,706,426,280
76,468,924,136,788,62,726,396,330
76,469,290,54,236,11,225,88,137
76,470,499,58,441,26,415,230,185
76,471,749,121,628,50,578,289,289
76,472,482,80,402,37,365,156,209
76,473,588,126,462,30,432,241,191
76,474,5237,1105,4132,256,3876,2358,1518
76,475,4714,662,4052,195,3857,1710,2147
76,476,6086,1288,4798,284,4514,2602,1912
76,477,322,46,276,17,259,138,121
76,478,149,26,123,6,117,60,57
76,479,98,25,73,6,67,23,44
76,480,354,66,288,21,267,138,129
76,481,4561,678,3883,209,3674,1479,2195
76,482,2660,419,2241,105,2136,1089,1047
76,483,183,22,161,7,154,73,81
76,484,7148,1360,5788,344,5444,3609,1835
76,485,195,28,167,8,159,83,76
76,486,732,166,566,47,519,307,212
76,487,266,42,224,17,207,78,129
76,488,440,94,346,21,325,167,158
76,489,309,37,272,14,258,105,153
76,490,788,130,658,45,613,304,309
76,491,526,80,446,25,421,241,180
76,492,436,55,381,16,365,153,212
76,493,341,60,281,20,261,119,142
76,494,409,56,353,21,332,149,183
76,495,4724,977,3747,225,3522,2121,1401
76,496,307,59,248,28,220,113,107
76,497,6235,1112,5123,332,4791,3172,1619
76,498,12597,2687,9910,620,9290,6248,3042
76,499,834,131,703,47,656,362,294
76,500,367,61,306,25,281,154,127
76,501,98,7,91,9,82,28,54
76,502,335,39,296,17,279,123,156
76,503,994,94,900,43,857,391,466
76,504,132,19,113,8,105,43,62
76,505,84,12,72,3,69,38,31
76,506,292,43,249,15,234,111,123
76,507,664,135,529,39,490,298,192
76,508,294,32,262,25,237,106,131
76,509,1320,153,1167,63,1104,498,606
76,510,155,30,125,8,117,62,55
76,511,101,17,84,10,74,30,44
76,512,29,6,23,0,23,10,13
76,513,486,52,434,29,405,178,227
76,514,797,107,690,47,643,386,257
76,515,445,49,396,14,382,144,238
76,516,387,37,350,12,338,138,200
76,517,2485,308,2177,115,2062,812,1250
76,518,394,57,337,35,302,163,139
76,519,67,10,57,4,53,19,34
76,520,506,82,424,36,388,209,179
76,521,113,7,106,9,97,38,59
76,522,1003,143,860,55,805,362,443
76,523,163,24,139,4,135,79,56
76,524,100,10,90,5,85,35,50
76,525,258,25,233,11,222,136,86
76,526,111,20,91,9,82,44,38
76,527,342,40,302,20,282,113,169
76,528,469,64,405,41,364,211,153
76,529,230,22,208,9,199,98,101
76,530,133,16,117,6,111,43,68
76,531,245,26,219,21,198,98,100
76,532,591,74,517,35,482,229,253
76,533,969,169,800,57,743,394,349
76,534,805,96,709,36,673,331,342
76,535,350,51,299,30,269,107,162
76,536,871,76,795,58,737,399,338
76,537,129,14,115,10,105,35,70
76,538,205,21,184,18,166,79,87
76,540,57622,11612,46010,2131,43879,26071,17808
76,541,972,119,853,43,810,324,486
76,542,191,35,156,6,150,71,79
76,543,468,84,384,27,357,150,207
76,544,181,19,162,12,150,44,106
76,545,1570,246,1324,85,1239,738,501
76,546,187,15,172,13,159,77,82
76,547,441,53,388,24,364,156,208
76,548,533,62,471,23,448,188,260
76,549,125,19,106,2,104,68,36
76,550,993,91,902,40,862,425,437
76,551,719,102,617,32,585,238,347
76,552,5787,898,4889,180,4709,1700,3009
76,553,253,65,188,17,171,72,99
76,554,240,36,204,23,181,85,96
76,555,687,96,591,35,556,264,292
76,556,790,102,688,50,638,334,304
76,557,919,128,791,50,741,454,287
76,558,699,78,621,38,583,315,268
76,559,435,68,367,27,340,195,145
76,560,773,87,686,46,640,325,315
76,561,5706,1185,4521,319,4202,2425,1777
76,562,754,109,645,40,605,301,304
76,563,978,154,824,45,779,330,449
76,564,204,16,188,13,175,69,106
76,565,840,119,721,43,678,334,344
76,566,454,76,378,16,362,202,160
76,567,155,18,137,7,130,50,80
76,568,515,60,455,32,423,204,219
76,569,173,28,145,5,140,63,77
76,570,179,27,152,5,147,85,62
76,571,497,61,436,29,407,166,241
76,572,117,12,105,8,97,56,41
76,573,383,47,336,20,316,129,187
76,574,399,58,341,42,299,150,149
76,575,16571,3351,13220,747,12473,8787,3686
76,576,815,123,692,49,643,361,282
76,577,397,53,344,24,320,174,146
76,578,217,32,185,13,172,63,109
76,580,704,95,609,18,591,271,320
76,581,308,28,280,20,260,104,156
76,582,252,40,212,12,200,108,92
76,583,223,34,189,8,181,77,104
76,584,178,27,151,17,134,81,53
76,585,290,38,252,24,228,106,122
76,586,470,58,412,28,384,190,194
76,587,573,86,487,35,452,206,246
76,588,373,53,320,14,306,131,175
76,589,160,32,128,14,114,47,67
76,590,280,39,241,19,222,99,123
76,591,2168,300,1868,122,1746,816,930
76,592,629,87,542,34,508,228,280
76,593,454,56,398,28,370,163,207
76,594,1089,145,944,44,900,433,467
76,595,1378,227,1151,69,1082,508,574
76,596,1081,139,942,55,887,496,391
76,597,561,97,464,24,440,240,200
76,598,378,67,311,15,296,116,180
76,599,2496,393,2103,124,1979,1147,832
76,600,1336,191,1145,65,1080,504,576
76,602,453,69,384,34,350,163,187
76,603,356,70,286,19,267,122,145
76,604,169,27,142,14,128,53,75
76,605,434,76,358,16,342,124,218
76,606,141,18,123,5,118,27,91
76,607,212,39,173,5,168,80,88
76,608,1358,161,1197,86,1111,632,479
76,609,244,33,211,17,194,76,118
76,610,1307,176,1131,52,1079,586,493
76,611,245,23,222,10,212,108,104
76,612,157,38,119,6,113,68,45
76,613,550,90,460,31,429,185,244
76,614,1215,136,1079,54,1025,401,624
76,615,522,107,415,22,393,202,191
76,616,1198,161,1037,64,973,421,552
76,617,1456,149,1307,50,1257,384,873
76,618,945,161,784,58,726,344,382
76,619,235,18,217,8,209,77,132
76,620,205,20,185,11,174,76,98
76,621,791,131,660,43,617,264,353
76,622,247,43,204,14,190,79,111
76,623,98,23,75,5,70,27,43
76,624,2825,488,2337,154,2183,1120,1063
76,625,437,58,379,23,356,203,153
76,626,319,40,279,22,257,138,119
76,627,1047,169,878,54,824,421,403
76,628,578,71,507,26,481,242,239
76,629,190,18,172,15,157,92,65
76,630,182,24,158,10,148,76,72
76,631,1043,157,886,42,844,477,367
76,632,245,38,207,12,195,111,84
76,634,612,77,535,31,504,221,283
76,635,76,8,68,3,65,13,52
76,636,1826,253,1573,78,1495,887,608
76,637,737,128,609,31,578,300,278
76,638,885,113,772,51,721,382,339
76,639,160,11,149,15,134,69,65
76,640,6414,1416,4998,339,4659,2788,1871
76,641,168,18,150,8,142,52,90
76,642,209,30,179,14,165,86,79
76,643,75,8,67,1,66,21,45
76,644,597,61,536,38,498,263,235
76,645,105,21,84,7,77,34,43
76,646,446,47,399,22,377,201,176
76,647,2932,593,2339,149,2190,1014,1176
76,648,1675,205,1470,90,1380,718,662
76,649,442,48,394,24,370,150,220
76,650,881,156,725,54,671,290,381
76,651,157,13,144,5,139,58,81
76,652,467,90,377,17,360,202,158
76,653,281,46,235,16,219,106,113
76,654,337,41,296,21,275,148,127
76,655,3531,769,2762,146,2616,1402,1214
76,656,451,54,397,28,369,182,187
76,657,785,90,695,50,645,340,305
76,658,479,87,392,18,374,168,206
76,659,939,136,803,42,761,437,324
76,660,588,73,515,37,478,249,229
76,662,88,12,76,6,70,45,25
76,663,811,129,682,29,653,281,372
76,664,199,35,164,5,159,103,56
76,665,347,42,305,16,289,130,159
76,666,311,51,260,22,238,66,172
76,667,279,27,252,12,240,118,122
76,668,248,23,225,17,208,90,118
76,669,312,41,271,32,239,110,129
76,670,647,92,555,21,534,259,275
76,671,132,14,118,14,104,57,47
76,672,765,147,618,58,560,274,286
76,673,845,144,701,49,652,337,315
76,674,235,27,208,12,196,108,88
76,675,733,81,652,28,624,297,327
76,676,560,89,471,33,438,163,275
76,677,261,44,217,17,200,83,117
76,678,565,96,469,37,432,169,263
76,679,65,3,62,1,61,17,44
76,680,133,20,113,8,105,53,52
76,681,20092,3788,16304,979,15325,10028,5297
76,682,537,71,466,34,432,235,197
76,683,314,20,294,15,279,121,158
76,684,935,155,780,44,736,453,283
76,685,417,62,355,33,322,124,198
76,686,344,50,294,17,277,134,143
76,688,283,46,237,15,222,111,111
76,689,285,31,254,13,241,108,133
76,690,453,81,372,21,351,182,169
76,691,184,20,164,10,154,58,96
76,692,205,30,175,16,159,85,74
76,693,501,48,453,42,411,182,229
76,694,105,6,99,2,97,41,56
76,695,203,28,175,21,154,67,87
76,696,170,26,144,9,135,68,67
76,697,558,99,459,38,421,220,201
76,698,372,69,303,21,282,152,130
76,699,273,35,238,25,213,104,109
76,700,1050,226,824,42,782,387,395
76,701,311,45,266,16,250,160,90
76,702,641,68,573,42,531,294,237
76,703,173,30,143,7,136,61,75
76,704,418,58,360,19,341,175,166
76,705,1815,306,1509,83,1426,904,522
76,706,453,63,390,26,364,173,191
76,707,969,152,817,48,769,394,375
76,708,581,77,504,37,467,244,223
76,709,4068,1016,3052,220,2832,1945,887
76,710,90,9,81,6,75,40,35
76,711,4203,1098,3105,198,2907,1876,1031
76,712,584,93,491,34,457,261,196
76,713,308,54,254,19,235,124,111
76,714,595,75,520,27,493,191,302
76,715,495,53,442,38,404,170,234
76,716,1149,146,1003,78,925,483,442
76,717,556,94,462,29,433,232,201
76,718,1027,146,881,50,831,349,482
76,719,714,94,620,41,579,260,319
76,720,1039,164,875,34,841,349,492
76,721,228,34,194,15,179,85,94
76,723,303,41,262,19,243,132,111
76,724,88,9,79,7,72,42,30
76,725,405,66,339,17,322,155,167
76,726,233,29,204,4,200,104,96
76,727,884,126,758,62,696,369,327
76,728,791,101,690,30,660,295,365
76,729,601,86,515,19,496,241,255
76,730,111,15,96,8,88,29,59
76,731,138,22,116,6,110,56,54
76,732,214,21,193,8,185,105,80
76,733,177,24,153,14,139,64,75
76,734,297,29,268,15,253,107,146
76,735,566,83,483,24,459,197,262
76,736,310,50,260,14,246,86,160
76,737,480,58,422,21,401,191,210
76,738,535,81,454,18,436,221,215
76,739,458,67,391,32,359,180,179
76,740,355,35,320,18,302,120,182
76,741,221,22,199,11,188,73,115
76,742,607,123,484,24,460,242,218
76,743,1370,196,1174,77,1097,629,468
76,744,178,35,143,3,140,67,73
76,745,156,29,127,3,124,43,81
76,746,177,25,152,12,140,63,77
76,747,233,21,212,14,198,112,86
76,748,497,60,437,26,411,202,209
76,749,251,45,206,9,197,72,125
76,750,868,138,730,45,685,491,194
76,751,960,141,819,60,759,417,342
76,752,1804,263,1541,101,1440,702,738
76,753,946,153,793,39,754,442,312
76,754,703,110,593,33,560,334,226
76,755,397,74,323,27,296,158,138
76,756,186,30,156,11,145,63,82
76,757,518,83,435,30,405,245,160
76,758,8287,1638,6649,374,6275,3532,2743
76,759,369,70,299,20,279,161,118
77,1,906,98,808,37,771,278,493
77,2,553,93,460,38,422,167,255
77,3,277,38,239,16,223,90,133
77,4,266,35,231,12,219,86,133
77,5,2058,273,1785,108,1677,663,1014
77,6,663,120,543,30,513,211,302
77,7,273,20,253,15,238,97,141
77,8,767,210,557,28,529,168,361
77,9,117,23,94,3,91,31,60
77,10,626,94,532,33,499,213,286
77,11,365,70,295,18,277,112,165
77,12,274,47,227,14,213,87,126
77,13,310,57,253,12,241,75,166
77,14,8845,1766,7079,309,6770,3513,3257
77,15,69,8,61,3,58,14,44
77,16,1042,176,866,57,809,431,378
77,18,3477,539,2938,138,2800,1258,1542
77,19,248,42,206,17,189,76,113
77,20,439,65,374,21,353,127,226
77,21,133,15,118,2,116,43,73
77,22,1208,194,1014,26,988,251,737
77,23,179,28,151,15,136,42,94
77,24,253,44,209,13,196,64,132
77,25,632,99,533,46,487,197,290
77,26,254,35,219,14,205,83,122
77,27,690,116,574,30,544,248,296
77,28,488,86,402,26,376,130,246
77,29,160,19,141,5,136,46,90
77,30,537,97,440,36,404,174,230
77,31,623,86,537,23,514,181,333
77,32,523,110,413,14,399,148,251
77,33,147,25,122,7,115,49,66
77,34,554,63,491,38,453,180,273
77,35,440,65,375,35,340,159,181
77,36,94,11,83,7,76,27,49
77,37,4656,849,3807,177,3630,1654,1976
77,38,344,40,304,18,286,106,180
77,39,724,126,598,31,567,198,369
77,40,2757,402,2355,129,2226,876,1350
77,41,260,42,218,12,206,79,127
77,42,2315,404,1911,112,1799,736,1063
77,43,254,45,209,13,196,72,124
77,44,656,91,565,44,521,251,270
77,45,554,118,436,37,399,155,244
77,46,301,58,243,17,226,80,146
77,47,1006,174,832,50,782,290,492
77,48,2070,325,1745,64,1681,656,1025
77,49,681,90,591,27,564,190,374
77,50,369,47,322,15,307,126,181
77,51,1579,454,1125,85,1040,522,518
77,52,273,44,229,12,217,109,108
77,53,9970,2236,7734,408,7326,3383,3943
77,54,519,97,422,29,393,202,191
77,55,2868,669,2199,156,2043,1181,862
77,56,117,23,94,6,88,29,59
77,57,291,54,237,16,221,101,120
77,58,13033,2506,10527,459,10068,4840,5228
77,59,563,91,472,31,441,171,270
77,60,554,87,467,23,444,190,254
77,61,1582,263,1319,99,1220,593,627
77,62,289,42,247,19,228,100,128
77,63,880,144,736,33,703,287,416
77,65,899,135,764,42,722,268,454
77,66,243,38,205,21,184,64,120
77,67,6466,929,5537,314,5223,2736,2487
77,68,178,23,155,18,137,33,104
77,69,1494,262,1232,63,1169,444,725
77,70,929,181,748,49,699,301,398
77,71,705,103,602,49,553,252,301
77,72,456,83,373,26,347,134,213
77,73,419,65,354,29,325,139,186
77,75,880,171,709,37,672,308,364
77,76,550,97,453,29,424,242,182
77,77,690,122,568,32,536,211,325
77,78,860,162,698,57,641,302,339
77,79,3734,742,2992,187,2805,1619,1186
77,80,115,11,104,2,102,35,67
77,81,415,54,361,36,325,150,175
77,82,567,66,501,31,470,209,261
77,83,14335,3003,11332,574,10758,6522,4236
77,84,838,168,670,30,640,280,360
77,85,1561,296,1265,74,1191,587,604
77,86,877,126,751,56,695,327,368
77,87,124,18,106,7,99,25,74
77,88,1706,352,1354,91,1263,548,715
77,89,600,84,516,44,472,217,255
77,90,129,17,112,13,99,53,46
77,91,296,42,254,21,233,88,145
77,93,302,64,238,12,226,97,129
77,94,184,24,160,7,153,55,98
77,95,817,100,717,58,659,269,390
77,96,1927,242,1685,75,1610,756,854
77,97,206,33,173,12,161,58,103
77,98,269,54,215,28,187,97,90
77,99,2135,496,1639,121,1518,666,852
77,100,3086,474,2612,176,2436,1112,1324
77,101,700,126,574,38,536,201,335
77,102,109,20,89,8,81,47,34
77,103,167,24,143,18,125,58,67
77,104,475,53,422,22,400,160,240
77,106,751,157,594,66,528,258,270
77,107,1986,395,1591,111,1480,588,892
77,108,30968,6552,24416,1206,23210,12689,10521
77,109,912,158,754,55,699,305,394
77,110,239,36,203,12,191,63,128
77,111,2515,467,2048,126,1922,854,1068
77,112,187,35,152,14,138,52,86
77,113,680,129,551,45,506,244,262
77,114,2702,519,2183,113,2070,867,1203
77,115,383,56,327,23,304,149,155
77,116,958,137,821,47,774,241,533
77,117,562,93,469,36,433,196,237
77,118,7297,1196,6101,365,5736,2322,3414
77,119,210,32,178,12,166,70,96
77,120,392,69,323,22,301,108,193
77,121,2275,326,1949,117,1832,1012,820
77,122,15063,3452,11611,579,11032,6321,4711
77,123,529,91,438,32,406,195,211
77,124,1249,162,1087,45,1042,474,568
77,125,1010,134,876,32,844,349,495
77,126,1098,161,937,59,878,412,466
77,127,956,190,766,47,719,310,409
77,128,1331,183,1148,58,1090,370,720
77,129,458,79,379,30,349,136,213
77,130,297,43,254,22,232,72,160
77,131,9092,2257,6835,457,6378,3153,3225
77,132,2036,268,1768,110,1658,720,938
77,133,179,10,169,16,153,46,107
77,134,104,7,97,2,95,24,71
77,135,982,201,781,73,708,291,417
77,136,147,23,124,15,109,36,73
77,137,166,27,139,11,128,41,87
77,138,424,68,356,27,329,159,170
77,139,4459,831,3628,204,3424,1553,1871
77,140,203,26,177,11,166,72,94
77,141,581,82,499,31,468,213,255
77,142,2873,491,2382,134,2248,868,1380
77,143,2875,483,2392,117,2275,1237,1038
77,144,218,17,201,12,189,70,119
77,145,473,88,385,23,362,144,218
77,146,1607,230,1377,96,1281,575,706
77,147,493,88,405,31,374,148,226
77,148,1132,164,968,50,918,419,499
77,149,166,20,146,9,137,49,88
77,150,280,40,240,18,222,62,160
77,151,241,25,216,17,199,77,122
77,152,12162,3214,8948,469,8479,5022,3457
77,153,5405,964,4441,249,4192,1899,2293
77,154,595,69,526,29,497,219,278
77,155,2171,413,1758,114,1644,778,866
77,156,600,93,507,28,479,203,276
77,157,220,41,179,10,169,45,124
77,158,178,33,145,9,136,53,83
77,159,1877,323,1554,98,1456,689,767
77,161,612,91,521,23,498,229,269
77,162,740,151,589,37,552,231,321
77,163,187,28,159,7,152,69,83
77,164,388,44,344,20,324,136,188
77,165,513,69,444,21,423,158,265
77,166,1748,280,1468,108,1360,767,593
77,167,215,48,167,21,146,54,92
77,168,1553,328,1225,105,1120,447,673
77,169,4791,834,3957,210,3747,2136,1611
77,170,403,75,328,26,302,132,170
77,171,3758,622,3136,174,2962,1382,1580
77,172,671,85,586,35,551,220,331
77,173,600,119,481,27,454,171,283
77,174,409,64,345,16,329,149,180
77,175,1829,282,1547,80,1467,623,844
77,176,1756,377,1379,95,1284,554,730
77,177,761,114,647,30,617,256,361
77,178,333,38,295,17,278,135,143
77,179,464,57,407,27,380,174,206
77,180,868,169,699,22,677,210,467
77,181,1386,164,1222,78,1144,541,603
77,182,2400,521,1879,152,1727,749,978
77,183,5934,1623,4311,243,4068,1939,2129
77,184,490,62,428,20,408,202,206
77,185,446,36,410,22,388,109,279
77,186,9780,2152,7628,279,7349,2836,4513
77,187,436,82,354,21,333,129,204
77,188,734,104,630,28,602,269,333
77,190,203,25,178,18,160,59,101
77,191,786,135,651,40,611,295,316
77,192,3485,751,2734,166,2568,1135,1433
77,193,178,23,155,9,146,42,104
77,194,262,37,225,10,215,106,109
77,195,427,63,364,24,340,135,205
77,196,418,64,354,23,331,138,193
77,197,103,17,86,12,74,31,43
77,198,157,21,136,5,131,34,97
77,199,801,150,651,38,613,259,354
77,200,82,14,68,2,66,19,47
77,201,534,111,423,31,392,138,254
77,202,448,90,358,19,339,149,190
77,203,1096,177,919,44,875,304,571
77,204,137,17,120,5,115,34,81
77,205,111,12,99,15,84,25,59
77,206,110,11,99,4,95,19,76
77,207,120,25,95,6,89,34,55
77,208,990,221,769,60,709,343,366
77,209,900,127,773,29,744,284,460
77,210,1798,324,1474,98,1376,695,681
77,211,655,97,558,39,519,227,292
77,212,146,14,132,8,124,47,77
77,214,744,116,628,22,606,185,421
77,215,4847,930,3917,235,3682,1860,1822
77,216,928,131,797,51,746,346,400
77,217,1593,316,1277,64,1213,442,771
77,218,100,23,77,1,76,21,55
77,219,1609,229,1380,104,1276,531,745
77,220,216,16,200,13,187,72,115
77,221,964,135,829,39,790,359,431
77,222,1986,413,1573,95,1478,670,808
77,223,361,42,319,25,294,138,156
77,224,124,18,106,4,102,37,65
77,225,201,33,168,12,156,66,90
77,226,1936,298,1638,101,1537,708,829
77,227,415,54,361,28,333,132,201
77,228,190,28,162,9,153,58,95
77,229,1106,180,926,79,847,345,502
77,230,148,22,126,12,114,40,74
77,231,481,62,419,33,386,169,217
77,232,577,77,500,30,470,185,285
77,233,344,39,305,21,284,107,177
77,234,429,58,371,23,348,148,200
77,235,221,40,181,7,174,80,94
77,236,282,54,228,14,214,58,156
77,237,426,71,355,10,345,142,203
77,238,2427,478,1949,111,1838,816,1022
77,239,958,177,781,44,737,255,482
77,240,1541,344,1197,80,1117,449,668
77,241,1220,194,1026,56,970,442,528
77,242,373,59,314,32,282,143,139
77,243,12395,2393,10002,515,9487,4731,4756
77,244,596,91,505,28,477,206,271
77,245,352,61,291,19,272,92,180
77,246,388,67,321,22,299,112,187
77,247,362,78,284,34,250,107,143
77,248,463,58,405,14,391,173,218
77,249,5567,992,4575,194,4381,1548,2833
77,250,135,20,115,4,111,39,72
77,251,5810,1202,4608,290,4318,2657,1661
77,252,303,41,262,20,242,89,153
77,253,135,11,124,6,118,42,76
77,254,799,32,767,30,737,293,444
77,255,1480,248,1232,75,1157,510,647
77,256,118,19,99,10,89,36,53
77,257,2133,729,1404,94,1310,642,668
77,258,8257,1941,6316,235,6081,3798,2283
77,259,1354,216,1138,61,1077,535,542
77,260,1120,235,885,62,823,467,356
77,261,900,159,741,34,707,316,391
77,262,388,64,324,19,305,131,174
77,263,180,31,149,14,135,40,95
77,264,1086,159,927,57,870,377,493
77,265,719,134,585,49,536,235,301
77,266,541,120,421,17,404,169,235
77,267,261,47,214,16,198,117,81
77,268,3439,468,2971,134,2837,1135,1702
77,269,1311,199,1112,63,1049,479,570
77,270,584,99,485,30,455,167,288
77,271,93,15,78,8,70,27,43
77,272,538,72,466,35,431,173,258
77,273,303,62,241,22,219,78,141
77,274,286,60,226,15,211,80,131
77,275,115,25,90,5,85,43,42
77,276,1399,194,1205,65,1140,498,642
77,277,985,136,849,42,807,309,498
77,278,322,53,269,22,247,85,162
77,279,1063,136,927,60,867,358,509
77,280,829,115,714,48,666,293,373
77,281,368,84,284,24,260,101,159
77,282,182,14,168,9,159,48,111
77,283,557,95,462,26,436,213,223
77,284,25574,5501,20073,1017,19056,10290,8766
77,285,11303,2671,8632,477,8155,4883,3272
77,286,173,21,152,9,143,50,93
77,287,409,92,317,39,278,138,140
77,288,18464,4521,13943,756,13187,7411,5776
77,289,306,53,253,23,230,82,148
77,290,435,86,349,17,332,157,175
77,291,441,103,338,24,314,111,203
77,292,684,111,573,26,547,238,309
77,293,648,87,561,50,511,211,300
77,294,11259,2431,8828,544,8284,4729,3555
77,295,969,134,835,61,774,333,441
77,296,10163,2314,7849,553,7296,4679,2617
77,297,294,42,252,27,225,79,146
77,298,365,49,316,23,293,138,155
77,299,199,18,181,8,173,100,73
77,300,466,82,384,19,365,150,215
77,301,238,31,207,15,192,79,113
77,302,1637,267,1370,94,1276,611,665
77,303,171,30,141,9,132,42,90
77,304,37,7,30,1,29,7,22
77,305,8900,2282,6618,435,6183,3904,2279
77,306,392,67,325,21,304,123,181
77,307,4471,711,3760,185,3575,1600,1975
77,308,530,99,431,22,409,200,209
77,309,1058,165,893,70,823,343,480
77,310,243,41,202,18,184,84,100
77,311,903,113,790,68,722,323,399
77,312,2200,362,1838,87,1751,722,1029
77,313,202,21,181,8,173,74,99
77,314,189,49,140,11,129,66,63
77,315,2303,391,1912,122,1790,794,996
77,316,3151,549,2602,141,2461,1192,1269
77,317,2739,516,2223,154,2069,1071,998
77,318,893,126,767,53,714,253,461
77,319,118,16,102,4,98,39,59
77,320,3651,799,2852,168,2684,1166,1518
77,321,545,87,458,29,429,194,235
77,322,1978,369,1609,125,1484,604,880
77,323,669,104,565,38,527,253,274
77,325,299,60,239,23,216,71,145
77,326,3993,843,3150,184,2966,1887,1079
77,327,5109,1277,3832,230,3602,1848,1754
77,328,349,53,296,20,276,88,188
77,329,412,53,359,23,336,127,209
77,330,3914,880,3034,205,2829,1345,1484
77,331,304,41,263,10,253,141,112
77,332,186,44,142,5,137,53,84
77,333,6983,1723,5260,325,4935,2657,2278
77,335,1410,182,1228,60,1168,551,617
77,336,661,120,541,37,504,189,315
77,337,8839,2137,6702,276,6426,4387,2039
77,338,422,60,362,24,338,147,191
77,339,1547,227,1320,69,1251,399,852
77,340,475,56,419,23,396,174,222
77,341,301,55,246,24,222,112,110
77,342,87,17,70,10,60,19,41
77,343,246,40,206,12,194,87,107
77,344,1323,189,1134,95,1039,484,555
77,345,447,76,371,39,332,142,190
77,347,655,127,528,35,493,254,239
77,348,195,21,174,18,156,69,87
77,349,4594,802,3792,253,3539,1868,1671
77,350,13759,2964,10795,508,10287,4601,5686
77,352,1239,245,994,72,922,416,506
77,353,369,58,311,27,284,95,189
77,354,611,90,521,27,494,208,286
77,355,160,14,146,6,140,67,73
77,356,58,5,53,8,45,13,32
77,357,520,71,449,23,426,183,243
77,358,674,102,572,35,537,216,321
77,359,1512,219,1293,54,1239,453,786
77,360,265,40,225,20,205,79,126
77,361,308,51,257,17,240,76,164
77,363,995,158,837,46,791,309,482
77,364,145,16,129,14,115,34,81
77,365,384,44,340,17,323,132,191
77,366,188,16,172,11,161,51,110
77,367,201,34,167,9,158,83,75
77,368,338,48,290,25,265,120,145
77,369,534,54,480,30,450,149,301
77,370,646,108,538,34,504,240,264
77,371,1957,423,1534,130,1404,632,772
77,372,2265,416,1849,89,1760,803,957
77,373,21019,4107,16912,825,16087,8466,7621
77,374,1399,244,1155,56,1099,504,595
77,376,505,100,405,41,364,115,249
77,377,1441,224,1217,72,1145,515,630
77,378,1858,302,1556,88,1468,677,791
77,379,6758,1750,5008,291,4717,2231,2486
77,380,216,29,187,13,174,64,110
77,381,437,67,370,26,344,135,209
77,382,3661,676,2985,164,2821,1304,1517
77,383,568,76,492,25,467,194,273
77,384,649,118,531,31,500,235,265
77,385,1341,262,1079,93,986,377,609
77,386,554,85,469,16,453,185,268
77,387,334,43,291,8,283,116,167
77,388,541,93,448,34,414,196,218
77,389,2114,330,1784,101,1683,702,981
77,390,12996,2383,10613,551,10062,5950,4112
77,391,353,86,267,21,246,119,127
77,392,410,60,350,23,327,136,191
77,393,1827,345,1482,84,1398,609,789
77,394,1347,160,1187,60,1127,432,695
77,395,98,12,86,8,78,24,54
77,396,73,10,63,7,56,18,38
77,397,1204,216,988,61,927,426,501
77,398,506,115,391,28,363,162,201
77,399,176,25,151,12,139,59,80
77,400,1305,206,1099,80,1019,401,618
77,401,490,74,416,39,377,151,226
77,402,264,46,218,15,203,71,132
77,403,552,93,459,28,431,156,275
77,404,1265,228,1037,90,947,480,467
77,405,1351,258,1093,68,1025,458,567
77,406,663,92,571,36,535,219,316
77,407,8368,1587,6781,395,6386,2788,3598
77,408,274,36,238,15,223,101,122
77,409,1928,351,1577,106,1471,808,663
77,410,428,55,373,20,353,125,228
77,411,326,63,263,12,251,93,158
77,412,290,34,256,7,249,89,160
77,413,2374,446,1928,102,1826,821,1005
77,414,356,66,290,31,259,112,147
77,415,825,146,679,52,627,247,380
77,416,175,30,145,26,119,53,66
77,417,149,22,127,16,111,52,59
77,418,619,84,535,34,501,274,227
77,419,2310,472,1838,124,1714,895,819
77,420,2750,536,2214,136,2078,945,1133
77,421,227,56,171,11,160,45,115
77,423,515,104,411,41,370,153,217
77,424,188,31,157,19,138,65,73
77,425,621,72,549,20,529,181,348
77,426,284,42,242,21,221,89,132
77,427,360,44,316,27,289,121,168
77,428,680,120,560,46,514,237,277
77,429,408,55,353,21,332,141,191
77,430,3977,755,3222,194,3028,1504,1524
77,431,4011,746,3265,204,3061,1542,1519
77,432,756,136,620,45,575,221,354
77,433,960,176,784,42,742,314,428
77,434,271,37,234,12,222,83,139
77,435,835,107,728,34,694,256,438
77,436,628,115,513,26,487,233,254
77,437,2126,380,1746,122,1624,668,956
77,438,4260,827,3433,152,3281,1665,1616
77,439,763,145,618,47,571,267,304
77,440,702,111,591,44,547,240,307
77,441,1600,236,1364,54,1310,624,686
77,442,1773,267,1506,76,1430,698,732
77,443,277,46,231,18,213,76,137
77,444,249,39,210,12,198,78,120
77,445,16182,3605,12577,805,11772,7646,4126
77,446,408,52,356,36,320,145,175
77,447,1514,226,1288,67,1221,509,712
77,448,314,57,257,25,232,102,130
77,449,4050,853,3197,163,3034,1583,1451
77,450,2352,393,1959,99,1860,775,1085
77,451,435,70,365,34,331,154,177
77,452,59,6,53,3,50,12,38
77,453,783,91,692,38,654,302,352
77,454,305,42,263,28,235,87,148
77,455,1460,247,1213,86,1127,516,611
77,456,577,107,470,27,443,201,242
77,457,882,160,722,39,683,319,364
77,458,3505,856,2649,174,2475,1340,1135
77,459,819,133,686,63,623,260,363
77,460,243,22,221,10,211,94,117
77,461,233,42,191,14,177,62,115
77,462,382,75,307,22,285,107,178
77,463,2525,402,2123,99,2024,1015,1009
77,464,6010,1141,4869,231,4638,2358,2280
77,465,487,60,427,27,400,186,214
77,466,256,34,222,17,205,85,120
77,467,188,37,151,11,140,66,74
77,468,12238,2754,9484,414,9070,5823,3247
77,469,789,147,642,40,602,243,359
77,470,5592,1253,4339,261,4078,1939,2139
77,471,299,54,245,20,225,97,128
77,472,289,42,247,17,230,103,127
77,473,373,62,311,25,286,112,174
77,474,391,76,315,23,292,107,185
77,475,3527,629,2898,171,2727,1329,1398
77,476,197,27,170,12,158,68,90
77,477,619,75,544,24,520,179,341
77,478,703,160,543,28,515,217,298
77,479,8336,1459,6877,353,6524,3331,3193
77,480,483,78,405,23,382,166,216
77,481,155,31,124,17,107,53,54
77,482,2198,363,1835,141,1694,978,716
77,483,1148,127,1021,73,948,355,593
77,484,172,28,144,11,133,48,85
77,485,638,93,545,22,523,211,312
77,486,558,103,455,29,426,164,262
77,487,8042,1380,6662,410,6252,3228,3024
77,489,133,21,112,8,104,47,57
77,490,500,108,392,33,359,169,190
77,491,3698,618,3080,171,2909,1482,1427
77,492,540,106,434,36,398,184,214
77,493,2159,456,1703,135,1568,788,780
77,494,2050,435,1615,116,1499,741,758
77,495,5329,913,4416,262,4154,2313,1841
77,496,154,23,131,3,128,73,55
77,498,177,22,155,10,145,49,96
77,500,392,62,330,26,304,152,152
77,501,636,124,512,31,481,197,284
77,504,619,72,547,33,514,221,293
77,505,283,35,248,17,231,87,144
77,506,505,88,417,41,376,156,220
77,507,348,48,300,19,281,104,177
77,508,1239,229,1010,64,946,415,531
77,509,407,64,343,27,316,139,177
77,510,438,44,394,24,370,171,199
77,511,328,59,269,12,257,105,152
77,512,846,169,677,46,631,281,350
77,513,2573,520,2053,148,1905,996,909
77,514,13948,3418,10530,536,9994,5572,4422
77,515,435,59,376,31,345,121,224
77,516,577,107,470,34,436,215,221
77,517,1293,263,1030,52,978,350,628
77,518,173,23,150,4,146,48,98
77,519,733,117,616,49,567,236,331
77,520,599,76,523,38,485,230,255
77,521,1194,205,989,51,938,395,543
77,522,246,32,214,14,200,72,128
77,523,208,39,169,15,154,82,72
77,524,377,58,319,32,287,107,180
77,525,232,38,194,14,180,71,109
77,526,178,39,139,15,124,55,69
77,527,365,45,320,17,303,93,210
77,528,829,119,710,38,672,275,397
77,529,1090,173,917,46,871,276,595
77,530,255,30,225,12,213,58,155
77,531,1236,265,971,60,911,405,506
77,532,52,6,46,3,43,14,29
77,533,1846,284,1562,77,1485,641,844
77,534,429,69,360,22,338,142,196
78,3,2068,244,1824,107,1717,875,842
78,5,13074,3147,9927,503,9424,5573,3851
78,6,630,92,538,33,505,186,319
78,7,756,109,647,14,633,166,467
78,9,232,39,193,14,179,84,95
78,10,883,84,799,27,772,253,519
78,13,305,38,267,19,248,106,142
78,15,9055,1666,7389,346,7043,3344,3699
78,20,648,82,566,27,539,155,384
78,29,7115,1532,5583,295,5288,2675,2613
78,30,1627,235,1392,50,1342,605,737
78,31,462,52,410,19,391,154,237
78,33,799,124,675,45,630,267,363
78,34,685,61,624,20,604,232,372
78,36,367,38,329,12,317,136,181
78,43,3195,537,2658,74,2584,654,1930
78,48,1078,158,920,40,880,345,535
78,49,1255,185,1070,35,1035,381,654
78,50,436,29,407,11,396,133,263
78,53,403,63,340,21,319,106,213
78,57,1334,227,1107,83,1024,496,528
78,62,5749,820,4929,251,4678,2252,2426
78,68,742,105,637,34,603,228,375
78,70,248,30,218,17,201,57,144
78,71,434,50,384,25,359,166,193
78,72,221,29,192,11,181,64,117
78,73,8465,1321,7144,377,6767,3194,3573
78,76,231,35,196,6,190,61,129
78,77,524,57,467,19,448,215,233
78,82,418,39,379,21,358,162,196
78,84,398,44,354,14,340,150,190
78,87,1483,190,1293,66,1227,671,556
78,89,2659,535,2124,161,1963,917,1046
78,90,1507,300,1207,66,1141,442,699
78,92,5619,1018,4601,154,4447,1647,2800
78,96,450,60,390,28,362,115,247
78,104,471,42,429,21,408,134,274
78,107,1330,162,1168,77,1091,463,628
78,108,836,107,729,37,692,295,397
78,113,444,54,390,16,374,101,273
78,117,4232,687,3545,150,3395,1435,1960
78,118,1792,287,1505,78,1427,720,707
78,120,1325,123,1202,47,1155,524,631
78,123,8148,1996,6152,242,5910,3287,2623
78,124,9026,1517,7509,319,7190,3395,3795
78,125,733,80,653,43,610,257,353
78,126,14500,2745,11755,427,11328,4578,6750
78,128,1138,125,1013,25,988,451,537
78,133,4114,710,3404,148,3256,1057,2199
78,138,4945,1159,3786,161,3625,2284,1341
78,140,891,133,758,46,712,262,450
78,143,1123,166,957,35,922,450,472
78,146,19798,3531,16267,644,15623,6200,9423
78,147,284,22,262,11,251,94,157
78,152,1347,160,1187,34,1153,275,878
78,158,20269,2919,17350,524,16826,4965,11861
78,160,4027,633,3394,140,3254,1363,1891
78,162,433,60,373,12,361,135,226
78,163,288,31,257,15,242,88,154
78,164,583,67,516,19,497,167,330
78,165,11745,2409,9336,433,8903,4896,4007
78,168,2550,565,1985,97,1888,1103,785
78,171,828,101,727,30,697,291,406
78,172,23786,4432,19354,989,18365,10272,8093
78,185,339,43,296,20,276,105,171
78,188,306,51,255,18,237,99,138
78,189,1239,214,1025,31,994,289,705
78,190,7060,1006,6054,214,5840,1825,4015
78,192,792,122,670,32,638,275,363
78,193,757,82,675,19,656,266,390
78,194,193,27,166,13,153,67,86
78,196,229,29,200,7,193,38,155
78,202,372,51,321,14,307,110,197
78,206,2634,499,2135,119,2016,937,1079
78,208,16682,3139,13543,644,12899,7219,5680
78,209,638,87,551,21,530,250,280
78,217,4236,650,3586,153,3433,1616,1817
78,220,4816,876,3940,187,3753,1752,2001
78,224,3569,507,3062,101,2961,984,1977
78,227,584,51,533,33,500,190,310
78,230,421,51,370,19,351,141,210
78,231,118,16,102,9,93,33,60
78,233,2162,288,1874,67,1807,500,1307
78,234,108,13,95,5,90,23,67
78,236,494,55,439,19,420,167,253
78,237,113,14,99,6,93,41,52
78,238,1603,259,1344,89,1255,510,745
78,239,1190,145,1045,76,969,409,560
78,242,8050,1323,6727,284,6443,3278,3165
78,245,320,33,287,19,268,96,172
78,246,784,99,685,45,640,274,366
78,251,3061,435,2626,91,2535,754,1781
78,255,2784,558,2226,123,2103,935,1168
78,261,525,63,462,28,434,195,239
78,262,847,124,723,35,688,250,438
78,263,1924,302,1622,78,1544,572,972
78,264,67,8,59,2,57,14,43
78,265,1681,209,1472,84,1388,608,780
78,267,5020,1096,3924,227,3697,1716,1981
78,269,923,112,811,44,767,345,422
78,276,469,67,402,24,378,180,198
78,278,371,49,322,15,307,93,214
78,281,454,73,381,29,352,121,231
78,283,211,10,201,14,187,77,110
78,285,441,43,398,21,377,132,245
78,289,754,117,637,23,614,166,448
78,290,662,76,586,34,552,225,327
78,291,1503,219,1284,75,1209,466,743
78,296,466,70,396,30,366,132,234
78,297,17384,3364,14020,636,13384,8188,5196
78,299,1365,210,1155,59,1096,508,588
78,300,278,46,232,10,222,84,138
78,302,208,26,182,5,177,45,132
78,305,217,19,198,9,189,74,115
78,307,745,90,655,28,627,234,393
78,310,2171,352,1819,112,1707,708,999
78,311,20690,3866,16824,728,16096,8392,7704
78,314,2725,446,2279,128,2151,1079,1072
78,317,558,67,491,26,465,208,257
78,320,331,47,284,17,267,79,188
78,321,3782,530,3252,157,3095,1223,1872
78,322,4824,616,4208,149,4059,1658,2401
78,324,409,58,351,21,330,150,180
78,325,465,77,388,20,368,140,228
78,327,2664,451,2213,132,2081,830,1251
78,329,664,65,599,28,571,204,367
78,334,1342,171,1171,49,1122,441,681
78,335,9795,2060,7735,411,7324,4346,2978
78,337,1484,271,1213,64,1149,482,667
78,343,1066,155,911,30,881,318,563
78,344,486,81,405,9,396,145,251
78,346,1102,163,939,41,898,334,564
78,349,358,45,313,10,303,118,185
78,350,5460,842,4618,161,4457,1353,3104
78,354,3966,690,3276,191,3085,1664,1421
78,356,6407,951,5456,247,5209,2802,2407
78,358,16629,3127,13502,518,12984,4838,8146
78,361,20875,5200,15675,683,14992,10052,4940
78,362,11765,2976,8789,480,8309,4771,3538
78,364,502,47,455,16,439,175,264
78,366,276,29,247,12,235,84,151
78,367,2572,326,2246,69,2177,686,1491
78,368,1324,162,1162,41,1121,360,761
78,372,11983,1816,10167,398,9769,4217,5552
78,380,4220,757,3463,188,3275,1303,1972
78,381,517,54,463,31,432,173,259
78,382,2916,354,2562,153,2409,1189,1220
78,383,13734,2558,11176,544,10632,5547,5085
78,384,997,168,829,26,803,272,531
78,385,141,15,126,13,113,46,67
78,389,1383,149,1234,49,1185,406,779
78,391,272,51,221,11,210,76,134
78,396,4676,823,3853,158,3695,1336,2359
78,397,5044,701,4343,162,4181,1728,2453
78,398,715,90,625,29,596,217,379
78,401,5432,1387,4045,207,3838,1807,2031
78,402,2598,498,2100,125,1975,850,1125
78,403,1385,197,1188,66,1122,492,630
78,404,191,20,171,9,162,51,111
78,406,275,31,244,8,236,47,189
78,407,495,59,436,20,416,168,248
78,410,708,104,604,33,571,241,330
78,413,285,37,248,14,234,100,134
78,415,449,70,379,15,364,127,237
78,416,249,32,217,7,210,73,137
78,417,233,22,211,13,198,54,144
78,418,10139,1597,8542,388,8154,3422,4732
78,420,1977,244,1733,76,1657,539,1118
78,423,24319,4360,19959,959,19000,10385,8615
78,431,1714,204,1510,64,1446,381,1065
78,437,540,129,411,32,379,141,238
78,439,84,8,76,6,70,22,48
78,440,15700,4238,11462,478,10984,7740,3244
78,442,2170,362,1808,79,1729,720,1009
78,443,597,42,555,17,538,195,343
78,444,596,88,508,28,480,188,292
78,451,680,91,589,35,554,207,347
78,455,5879,725,5154,149,5005,1285,3720
78,460,862,99,763,41,722,307,415
78,464,569,50,519,26,493,190,303
78,465,1791,222,1569,84,1485,651,834
78,466,4219,675,3544,131,3413,972,2441
78,470,710,72,638,34,604,241,363
78,472,232,33,199,8,191,78,113
78,474,502,56,446,15,431,166,265
78,475,263,27,236,15,221,83,138
78,478,140,9,131,14,117,47,70
78,481,11080,2162,8918,350,8568,3598,4970
78,484,440,55,385,35,350,128,222
78,486,4867,735,4132,202,3930,1860,2070
78,490,18612,3269,15343,658,14685,8282,6403
78,497,749,101,648,30,618,203,415
78,498,22004,4299,17705,809,16896,8725,8171
78,499,399,33,366,15,351,150,201
78,501,1645,255,1390,75,1315,585,730
78,502,2829,550,2279,102,2177,907,1270
78,503,183,29,154,19,135,56,79
78,505,312,44,268,16,252,87,165
78,506,665,72,593,24,569,234,335
78,513,1416,169,1247,63,1184,473,711
78,516,656,110,546,14,532,217,315
78,517,18195,2886,15309,748,14561,6601,7960
78,518,103,13,90,2,88,18,70
78,520,939,127,812,43,769,305,464
78,522,649,61,588,27,561,201,360
78,524,2471,384,2087,54,2033,457,1576
78,528,257,51,206,15,191,78,113
78,530,292,49,243,7,236,78,158
78,531,3662,621,3041,221,2820,1454,1366
78,536,276,46,230,14,216,66,150
78,537,4458,670,3788,141,3647,1596,2051
78,545,10905,2372,8533,372,8161,4291,3870
78,548,404,57,347,12,335,132,203
78,550,1379,171,1208,60,1148,496,652
78,551,26499,5127,21372,821,20551,7612,12939
78,557,646,56,590,37,553,253,300
78,558,256,47,209,11,198,78,120
78,559,314,36,278,12,266,81,185
78,561,322,27,295,13,282,85,197
78,562,1117,128,989,48,941,382,559
78,564,474,50,424,24,400,182,218
78,565,245,16,229,10,219,86,133
78,567,643,62,581,27,554,201,353
78,569,628,94,534,38,496,253,243
78,571,3607,407,3200,73,3127,676,2451
78,575,5721,773,4948,222,4726,2163,2563
78,576,1041,127,914,38,876,267,609
78,586,28946,6251,22695,1020,21675,12270,9405
78,588,533,68,465,22,443,177,266
78,590,410,52,358,18,340,147,193
78,591,1536,227,1309,61,1248,457,791
78,597,434,67,367,22,345,148,197
78,601,1230,193,1037,57,980,410,570
78,605,754,120,634,40,594,280,314
78,606,37,0,37,3,34,9,25
78,608,87,3,84,4,80,17,63
78,609,730,92,638,23,615,232,383
78,615,592,88,504,20,484,248,236
78,616,858,118,740,40,700,278,422
78,618,417,29,388,17,371,123,248
78,620,700,81,619,33,586,236,350
78,621,13486,3190,10296,429,9867,7599,2268
78,623,600,60,540,28,512,191,321
78,624,8091,1377,6714,279,6435,2651,3784
78,638,3052,479,2573,131,2442,1070,1372
78,640,14176,2427,11749,637,11112,4963,6149
78,642,10613,1868,8745,428,8317,3651,4666
78,643,5757,864,4893,194,4699,2173,2526
78,644,2974,788,2186,97,2089,1463,626
78,646,55816,9490,46326,1673,44653,14806,29847
78,647,632,87,545,33,512,206,306
78,650,11687,1727,9960,286,9674,2769,6905
78,653,203,19,184,4,180,68,112
78,655,559,59,500,31,469,208,261
78,668,437,44,393,16,377,151,226
78,672,3819,608,3211,96,3115,891,2224
78,674,6950,1256,5694,257,5437,2809,2628
78,677,414,48,366,20,346,113,233
78,681,470,40,430,18,412,161,251
78,683,2032,289,1743,86,1657,786,871
78,686,10904,1606,9298,342,8956,3987,4969
78,688,9354,1463,7891,315,7576,3197,4379
79,1,745,133,612,25,587,301,286
79,2,226,20,206,11,195,89,106
79,3,4129,470,3659,186,3473,2208,1265
79,4,444,62,382,22,360,242,118
79,5,2351,373,1978,106,1872,1081,791
79,6,200,35,165,7,158,84,74
79,7,477,58,419,40,379,153,226
79,8,574,83,491,41,450,213,237
79,9,321,41,280,14,266,159,107
79,10,493,89,404,27,377,228,149
79,11,133,6,127,9,118,73,45
79,12,966,139,827,52,775,458,317
79,13,1174,199,975,50,925,370,555
79,14,1209,220,989,83,906,515,391
79,15,161,27,134,10,124,76,48
79,16,672,88,584,47,537,226,311
79,18,165,28,137,11,126,75,51
79,19,136,15,121,5,116,61,55
79,20,656,90,566,36,530,321,209
79,22,178,31,147,9,138,75,63
79,23,69,11,58,7,51,13,38
79,24,1363,176,1187,89,1098,665,433
79,25,800,121,679,40,639,303,336
79,27,74,17,57,3,54,37,17
79,29,503,70,433,30,403,240,163
79,30,364,48,316,11,305,229,76
79,31,1253,175,1078,44,1034,607,427
79,32,420,67,353,38,315,192,123
79,33,103,20,83,7,76,48,28
79,34,1265,172,1093,69,1024,575,449
79,35,235,26,209,12,197,113,84
79,38,915,159,756,49,707,358,349
79,39,47,11,36,3,33,16,17
79,40,195,30,165,7,158,73,85
79,42,148,21,127,14,113,74,39
79,43,757,154,603,28,575,310,265
79,44,302,55,247,15,232,114,118
79,45,97,17,80,3,77,32,45
79,46,403,60,343,19,324,201,123
79,47,339,52,287,17,270,115,155
79,48,4313,648,3665,206,3459,2242,1217
79,49,13570,2220,11350,697,10653,5701,4952
79,50,452,47,405,26,379,212,167
79,51,354,48,306,19,287,139,148
79,53,344,46,298,12,286,126,160
79,54,186,33,153,9,144,73,71
79,55,53,2,51,0,51,32,19
79,56,546,97,449,32,417,238,179
79,57,1086,152,934,60,874,458,416
79,58,528,93,435,28,407,263,144
79,59,577,89,488,40,448,225,223
79,60,128,13,115,9,106,51,55
79,61,2814,461,2353,127,2226,1486,740
79,62,3136,524,2612,163,2449,1467,982
79,63,741,127,614,44,570,242,328
79,64,387,43,344,17,327,205,122
79,66,1152,209,943,63,880,485,395
79,68,257,35,222,22,200,116,84
79,69,771,144,627,41,586,309,277
79,70,273,27,246,11,235,140,95
79,71,383,43,340,26,314,168,146
79,72,179,39,140,8,132,55,77
79,74,150,19,131,6,125,85,40
79,75,273,34,239,17,222,136,86
79,76,1416,217,1199,83,1116,514,602
79,77,311,40,271,31,240,96,144
79,78,467,69,398,34,364,210,154
79,79,5708,713,4995,281,4714,2038,2676
79,80,2180,324,1856,88,1768,939,829
79,81,4690,676,4014,207,3807,2345,1462
79,83,1590,256,1334,72,1262,761,501
79,84,389,73,316,21,295,166,129
79,85,128,15,113,12,101,51,50
79,86,1271,203,1068,68,1000,646,354
79,87,436,78,358,25,333,196,137
79,88,1182,147,1035,68,967,434,533
79,89,150,18,132,6,126,90,36
79,90,610,89,521,23,498,323,175
79,91,688,121,567,42,525,290,235
79,92,277,49,228,16,212,139,73
79,94,744,105,639,48,591,224,367
79,95,417,48,369,21,348,173,175
79,96,879,91,788,54,734,352,382
79,98,220,32,188,12,176,114,62
79,99,173,10,163,12,151,69,82
79,100,1721,239,1482,80,1402,836,566
79,101,1652,259,1393,99,1294,670,624
79,102,320,54,266,13,253,138,115
79,103,1858,288,1570,107,1463,836,627
79,104,350,38,312,20,292,167,125
79,105,130,8,122,9,113,71,42
79,106,299,48,251,10,241,123,118
79,107,44,7,37,4,33,14,19
79,108,188,17,171,15,156,65,91
79,109,2649,333,2316,111,2205,1375,830
79,111,246,38,208,13,195,107,88
79,112,582,86,496,21,475,315,160
79,113,243,42,201,13,188,59,129
79,114,1042,124,918,65,853,431,422
79,115,475,60,415,28,387,213,174
79,116,728,113,615,37,578,288,290
79,117,409,48,361,17,344,177,167
79,118,232,46,186,12,174,101,73
79,119,561,96,465,29,436,242,194
79,120,619,88,531,38,493,228,265
79,121,302,36,266,14,252,106,146
79,122,456,57,399,16,383,239,144
79,123,1770,215,1555,81,1474,731,743
79,124,108,22,86,2,84,49,35
79,125,1235,147,1088,52,1036,661,375
79,126,302,39,263,10,253,157,96
79,127,588,97,491,36,455,266,189
79,128,750,78,672,35,637,392,245
79,129,1128,118,1010,74,936,661,275
79,130,2180,298,1882,91,1791,1161,630
79,131,257,44,213,13,200,85,115
79,132,264,54,210,16,194,83,111
79,133,811,96,715,43,672,454,218
79,134,442,67,375,13,362,214,148
79,135,695,83,612,30,582,282,300
79,136,458,60,398,23,375,194,181
79,137,716,109,607,47,560,365,195
79,139,48,4,44,3,41,19,22
79,140,189,38,151,8,143,80,63
79,141,164,22,142,2,140,59,81
79,142,90,12,78,5,73,43,30
79,144,277,34,243,18,225,125,100
79,145,278,46,232,14,218,133,85
79,147,570,90,480,33,447,193,254
79,148,1612,300,1312,84,1228,747,481
79,149,106,12,94,8,86,33,53
79,150,598,109,489,37,452,282,170
79,152,189,19,170,12,158,84,74
79,153,131,19,112,7,105,67,38
79,154,285,63,222,13,209,118,91
79,156,570,72,498,39,459,262,197
79,157,911,94,817,64,753,436,317
79,158,112,12,100,5,95,54,41
79,159,326,44,282,18,264,125,139
79,160,143,18,125,7,118,63,55
79,161,478,73,405,25,380,223,157
79,162,2441,336,2105,112,1993,1213,780
79,163,429,64,365,24,341,214,127
79,164,193,30,163,14,149,85,64
79,165,129,13,116,3,113,36,77
79,166,662,87,575,30,545,319,226
79,167,196,29,167,10,157,90,67
79,168,431,66,365,28,337,164,173
79,170,1988,287,1701,117,1584,975,609
79,171,1831,343,1488,96,1392,716,676
79,172,756,120,636,35,601,314,287
79,173,297,47,250,14,236,142,94
79,174,2483,458,2025,93,1932,1357,575
79,175,394,66,328,20,308,167,141
79,176,662,93,569,42,527,295,232
79,177,137,19,118,3,115,66,49
79,178,736,96,640,45,595,313,282
79,179,2357,329,2028,113,1915,977,938
79,180,231,43,188,11,177,110,67
79,183,262,32,230,20,210,133,77
79,184,1237,196,1041,66,975,620,355
79,185,1531,237,1294,83,1211,814,397
79,187,458,74,384,25,359,155,204
79,188,461,50,411,30,381,192,189
79,189,1194,160,1034,67,967,535,432
79,190,368,37,331,23,308,120,188
79,191,39142,8039,31103,1522,29581,19098,10483
79,195,3951,667,3284,199,3085,1297,1788
79,196,662,123,539,36,503,260,243
79,197,95,9,86,3,83,35,48
79,198,178,28,150,12,138,93,45
79,199,363,58,305,17,288,181,107
79,200,213,32,181,9,172,84,88
79,201,1313,215,1098,59,1039,631,408
79,202,7356,1406,5950,369,5581,3350,2231
79,203,294,57,237,21,216,98,118
79,204,778,113,665,44,621,332,289
79,205,40,6,34,0,34,12,22
79,207,518,85,433,22,411,191,220
79,208,810,95,715,41,674,290,384
79,209,201,20,181,7,174,70,104
79,210,772,129,643,42,601,296,305
79,211,242,59,183,18,165,82,83
79,212,155,28,127,4,123,64,59
79,213,1667,204,1463,90,1373,779,594
79,214,301,41,260,19,241,144,97
79,215,271,48,223,17,206,65,141
79,216,1581,220,1361,80,1281,761,520
79,217,510,72,438,26,412,285,127
79,218,165,20,145,15,130,51,79
79,219,94,10,84,7,77,31,46
79,220,427,74,353,29,324,205,119
79,222,167,28,139,15,124,67,57
79,223,32,1,31,1,30,17,13
79,225,253,42,211,7,204,122,82
79,226,219,34,185,12,173,72,101
79,229,354,52,302,18,284,171,113
79,230,644,77,567,31,536,247,289
79,231,512,80,432,44,388,227,161
79,235,1003,139,864,51,813,275,538
79,236,510,68,442,34,408,217,191
79,238,425,34,391,20,371,160,211
79,239,1392,203,1189,58,1131,621,510
79,240,491,63,428,24,404,270,134
79,241,440,54,386,22,364,196,168
79,242,362,63,299,17,282,120,162
79,243,173,27,146,8,138,70,68
79,244,296,73,223,13,210,100,110
79,246,459,58,401,25,376,253,123
79,247,106,14,92,6,86,46,40
79,249,1454,190,1264,71,1193,737,456
79,250,285,57,228,12,216,106,110
79,251,274,38,236,15,221,114,107
79,252,277,39,238,15,223,117,106
79,253,532,93,439,26,413,226,187
79,254,311,34,277,15,262,160,102
79,255,267,44,223,11,212,122,90
79,256,150,18,132,8,124,59,65
79,257,1214,157,1057,92,965,502,463
79,258,365,58,307,20,287,155,132
79,259,1054,123,931,65,866,486,380
79,260,454,71,383,25,358,176,182
79,261,155,13,142,12,130,76,54
79,263,401,41,360,30,330,182,148
79,264,859,111,748,40,708,456,252
79,265,987,139,848,57,791,465,326
79,267,251,29,222,17,205,103,102
79,268,716,88,628,50,578,345,233
79,269,295,43,252,12,240,117,123
79,270,4045,779,3266,181,3085,1590,1495
79,271,223,49,174,15,159,83,76
79,273,624,68,556,41,515,342,173
79,274,256,34,222,14,208,110,98
79,276,752,79,673,36,637,322,315
79,277,680,107,573,40,533,258,275
79,278,182,22,160,11,149,60,89
79,279,587,56,531,28,503,319,184
79,280,384,49,335,22,313,82,231
79,281,953,116,837,44,793,493,300
79,282,104,18,86,9,77,36,41
79,283,943,116,827,56,771,509,262
79,284,581,87,494,40,454,280,174
79,285,1179,233,946,62,884,482,402
79,286,348,46,302,12,290,99,191
79,289,975,127,848,34,814,303,511
79,290,712,97,615,37,578,356,222
79,292,1469,190,1279,87,1192,748,444
79,293,756,105,651,46,605,355,250
79,294,141,20,121,10,111,63,48
79,295,529,81,448,22,426,287,139
79,297,296,38,258,21,237,112,125
79,298,1460,192,1268,75,1193,684,509
79,299,1772,295,1477,92,1385,770,615
79,300,1072,132,940,44,896,533,363
79,301,488,53,435,27,408,280,128
79,302,1067,137,930,63,867,525,342
79,303,242,43,199,13,186,116,70
79,304,550,70,480,17,463,307,156
79,306,144,12,132,13,119,56,63
79,307,1254,221,1033,61,972,590,382
79,308,470,49,421,20,401,230,171
79,309,300,52,248,11,237,123,114
79,310,391,56,335,20,315,190,125
79,311,1378,185,1193,95,1098,468,630
79,312,106,28,78,6,72,51,21
79,313,467,81,386,22,364,227,137
79,314,203,20,183,7,176,96,80
79,316,318,44,274,33,241,128,113
79,318,211,40,171,10,161,78,83
79,319,700,99,601,53,548,356,192
79,320,446,48,398,22,376,238,138
79,321,644,104,540,39,501,253,248
79,322,1605,230,1375,87,1288,741,547
79,325,230,33,197,12,185,80,105
79,326,1038,155,883,51,832,407,425
79,327,878,105,773,40,733,540,193
79,328,69,8,61,2,59,25,34
79,329,6538,1341,5197,310,4887,3004,1883
79,330,221,30,191,7,184,81,103
79,331,113,21,92,5,87,46,41
79,332,99,20,79,6,73,26,47
79,333,52,1,51,2,49,16,33
79,334,633,97,536,38,498,310,188
79,335,583,73,510,21,489,332,157
79,336,201,21,180,15,165,80,85
79,337,694,121,573,20,553,343,210
79,338,160,19,141,3,138,67,71
79,339,1281,180,1101,89,1012,489,523
79,340,267,38,229,16,213,113,100
79,341,99,15,84,4,80,40,40
79,342,459,73,386,22,364,160,204
79,343,172,20,152,5,147,77,70
79,345,710,88,622,40,582,331,251
79,346,100,11,89,6,83,59,24
79,347,807,83,724,38,686,409,277
79,348,165,33,132,13,119,60,59
79,349,122,27,95,1,94,48,46
79,350,119,25,94,11,83,62,21
79,351,1165,176,989,62,927,572,355
79,352,145,24,121,6,115,63,52
79,353,452,101,351,18,333,242,91
79,354,301,41,260,9,251,132,119
79,355,2556,363,2193,113,2080,1364,716
79,356,390,56,334,22,312,142,170
79,357,185,30,155,6,149,98,51
80,1,18306,4729,13577,861,12716,7235,5481
80,2,194,36,158,17,141,70,71
80,3,413,51,362,21,341,179,162
80,4,405,44,361,29,332,193,139
80,5,83,3,80,4,76,45,31
80,6,151,23,128,7,121,41,80
80,8,632,82,550,33,517,324,193
80,9,762,119,643,48,595,295,300
80,10,2079,334,1745,145,1600,874,726
80,11,2433,471,1962,134,1828,1104,724
80,13,1583,221,1362,106,1256,729,527
80,14,42,12,30,2,28,8,20
80,15,62,9,53,2,51,27,24
80,16,7429,1556,5873,427,5446,3242,2204
80,17,319,49,270,27,243,110,133
80,18,201,24,177,20,157,80,77
80,19,653,110,543,52,491,242,249
80,20,559,73,486,45,441,210,231
80,21,74978,18025,56953,3132,53821,32211,21610
80,22,185,26,159,10,149,65,84
80,23,186,21,165,11,154,60,94
80,24,473,69,404,27,377,156,221
80,25,186,20,166,10,156,48,108
80,26,26,2,24,2,22,11,11
80,27,19,2,17,0,17,5,12
80,28,142,30,112,5,107,43,64
80,29,660,91,569,32,537,328,209
80,30,146,23,123,6,117,48,69
80,31,557,91,466,40,426,202,224
80,32,89,9,80,10,70,32,38
80,33,207,25,182,11,171,87,84
80,34,455,75,380,19,361,180,181
80,35,48,6,42,3,39,15,24
80,36,375,43,332,30,302,152,150
80,37,81,11,70,2,68,26,42
80,38,98,8,90,11,79,33,46
80,39,1377,220,1157,84,1073,602,471
80,40,171,23,148,8,140,78,62
80,41,114,25,89,3,86,36,50
80,42,89,15,74,3,71,22,49
80,43,218,36,182,8,174,69,105
80,44,303,40,263,20,243,136,107
80,45,130,20,110,8,102,55,47
80,46,54,2,52,1,51,28,23
80,47,401,49,352,22,330,173,157
80,48,56,7,49,1,48,14,34
80,49,154,19,135,9,126,63,63
80,50,386,40,346,14,332,158,174
80,51,203,18,185,12,173,63,110
80,52,186,36,150,16,134,45,89
80,53,65,12,53,4,49,19,30
80,54,231,27,204,19,185,93,92
80,55,142,22,120,4,116,47,69
80,56,76,5,71,9,62,30,32
80,57,65,7,58,10,48,30,18
80,58,274,44,230,12,218,105,113
80,59,73,5,68,3,65,22,43
80,60,81,10,71,5,66,29,37
80,61,187,32,155,11,144,72,72
80,62,1058,152,906,60,846,499,347
80,63,741,103,638,44,594,334,260
80,64,134,16,118,6,112,41,71
80,65,66,8,58,8,50,21,29
80,66,202,30,172,8,164,74,90
80,67,119,20,99,8,91,39,52
80,68,186,37,149,9,140,89,51
80,69,184,38,146,3,143,73,70
80,70,970,142,828,54,774,405,369
80,71,1478,183,1295,83,1212,753,459
80,73,133,11,122,14,108,58,50
80,74,97,16,81,4,77,50,27
80,76,396,58,338,27,311,130,181
80,77,279,32,247,15,232,95,137
80,78,422,44,378,18,360,179,181
80,79,280,42,238,18,220,97,123
80,80,140,20,120,6,114,49,65
80,81,71,3,68,3,65,27,38
80,82,578,61,517,22,495,225,270
80,83,129,8,121,7,114,43,71
80,84,177,14,163,18,145,74,71
80,85,44,3,41,2,39,23,16
80,86,794,124,670,57,613,309,304
80,87,179,26,153,11,142,72,70
80,88,263,37,226,15,211,125,86
80,89,219,34,185,14,171,58,113
80,90,143,25,118,8,110,59,51
80,92,479,72,407,25,382,191,191
80,93,859,136,723,48,675,454,221
80,94,362,37,325,19,306,168,138
80,95,181,29,152,6,146,79,67
80,96,770,122,648,39,609,441,168
80,97,95,11,84,8,76,37,39
80,98,73,6,67,3,64,34,30
80,99,191,31,160,13,147,49,98
80,100,421,63,358,34,324,195,129
80,101,552,96,456,57,399,172,227
80,102,356,69,287,20,267,159,108
80,103,57,12,45,6,39,13,26
80,104,99,10,89,6,83,60,23
80,105,130,20,110,6,104,47,57
80,106,155,20,135,5,130,67,63
80,107,414,26,388,10,378,239,139
80,108,62,10,52,6,46,23,23
80,109,319,44,275,19,256,134,122
80,110,422,70,352,18,334,142,192
80,112,203,29,174,12,162,86,76
80,113,254,32,222,17,205,114,91
80,114,232,28,204,17,187,73,114
80,115,249,42,207,17,190,103,87
80,116,194,27,167,14,153,72,81
80,117,123,17,106,9,97,61,36
80,118,97,9,88,8,80,35,45
80,119,343,44,299,16,283,105,178
80,120,425,39,386,23,363,196,167
80,121,107,21,86,7,79,31,48
80,122,388,62,326,23,303,147,156
80,123,290,54,236,23,213,102,111
80,124,558,70,488,29,459,246,213
80,125,56,11,45,5,40,15,25
80,126,781,101,680,47,633,371,262
80,127,660,87,573,42,531,326,205
80,128,126,23,103,10,93,43,50
80,129,449,61,388,30,358,190,168
80,130,320,25,295,16,279,113,166
80,131,2280,334,1946,157,1789,901,888
80,132,173,31,142,11,131,76,55
80,133,210,24,186,6,180,67,113
80,134,56,9,47,2,45,9,36
80,135,199,18,181,26,155,83,72
80,136,954,168,786,80,706,403,303
80,137,363,32,331,15,316,125,191
80,138,87,11,76,14,62,34,28
80,139,71,12,59,4,55,22,33
80,140,73,6,67,4,63,35,28
80,141,265,51,214,13,201,88,113
80,142,143,19,124,11,113,55,58
80,143,87,11,76,6,70,32,38
80,144,460,60,400,32,368,223,145
80,145,110,13,97,5,92,40,52
80,146,145,19,126,11,115,56,59
80,147,268,37,231,14,217,100,117
80,148,331,39,292,12,280,154,126
80,149,473,82,391,29,362,156,206
80,150,195,25,170,9,161,81,80
80,151,243,20,223,25,198,116,82
80,152,110,10,100,3,97,55,42
80,153,137,20,117,2,115,60,55
80,154,174,20,154,7,147,72,75
80,155,246,20,226,10,216,99,117
80,156,290,41,249,11,238,112,126
80,157,77,10,67,5,62,32,30
80,158,35,8,27,6,21,6,15
80,159,195,22,173,20,153,62,91
80,160,1132,173,959,51,908,460,448
80,161,153,18,135,12,123,60,63
80,162,485,67,418,38,380,234,146
80,163,612,73,539,32,507,264,243
80,164,3296,420,2876,177,2699,1556,1143
80,165,151,26,125,8,117,42,75
80,166,480,70,410,35,375,224,151
80,167,252,38,214,13,201,109,92
80,168,781,90,691,53,638,357,281
80,169,78,14,64,4,60,18,42
80,170,82,4,78,4,74,41,33
80,171,480,66,414,29,385,166,219
80,172,385,63,322,27,295,147,148
80,173,390,36,354,13,341,162,179
80,174,61,5,56,2,54,24,30
80,175,74,14,60,4,56,26,30
80,176,200,27,173,12,161,108,53
80,177,574,132,442,34,408,222,186
80,179,167,27,140,14,126,51,75
80,180,87,8,79,3,76,31,45
80,181,76,10,66,1,65,24,41
80,182,2231,447,1784,113,1671,838,833
80,183,207,40,167,5,162,93,69
80,184,359,51,308,26,282,155,127
80,185,207,27,180,19,161,73,88
80,186,1400,245,1155,78,1077,611,466
80,187,591,60,531,31,500,253,247
80,188,500,81,419,27,392,171,221
80,189,51,1,50,9,41,20,21
80,190,929,113,816,63,753,429,324
80,191,146,10,136,8,128,69,59
80,192,132,3,129,11,118,56,62
80,193,97,8,89,6,83,39,44
80,194,96,18,78,8,70,29,41
80,195,123,13,110,5,105,61,44
80,196,218,24,194,11,183,104,79
80,197,33,8,25,2,23,12,11
80,198,344,39,305,27,278,120,158
80,199,408,47,361,19,342,183,159
80,200,163,24,139,20,119,50,69
80,201,39,3,36,3,33,5,28
80,202,244,19,225,23,202,76,126
80,203,79,11,68,4,64,18,46
80,204,524,89,435,32,403,220,183
80,205,669,126,543,56,487,250,237
80,206,89,13,76,9,67,34,33
80,207,304,47,257,32,225,116,109
80,208,162,27,135,8,127,62,65
80,209,317,52,265,25,240,119,121
80,210,116,14,102,2,100,27,73
80,211,1228,215,1013,65,948,482,466
80,212,4486,934,3552,271,3281,2005,1276
80,213,318,49,269,17,252,122,130
80,214,237,49,188,20,168,77,91
80,215,174,17,157,10,147,65,82
80,216,131,33,98,9,89,34,55
80,217,64,18,46,3,43,10,33
80,218,117,14,103,2,101,46,55
80,219,52,12,40,4,36,19,17
80,220,80,14,66,0,66,28,38
80,221,232,36,196,12,184,57,127
80,222,1163,200,963,52,911,474,437
80,223,70,8,62,3,59,18,41
80,224,86,9,77,8,69,24,45
80,225,178,28,150,5,145,72,73
80,226,234,33,201,23,178,80,98
80,227,293,57,236,9,227,111,116
80,228,2046,425,1621,131,1490,547,943
80,229,250,37,213,10,203,99,104
80,230,247,43,204,6,198,91,107
80,231,116,12,104,6,98,39,59
80,232,162,17,145,11,134,81,53
80,233,114,18,96,11,85,35,50
80,234,531,75,456,50,406,211,195
80,235,958,141,817,72,745,485,260
80,236,334,67,267,14,253,124,129
80,237,328,37,291,23,268,138,130
80,238,383,53,330,18,312,185,127
80,239,55,5,50,4,46,14,32
80,240,1041,155,886,51,835,429,406
80,241,778,123,655,59,596,367,229
80,242,363,41,322,17,305,145,160
80,243,44,2,42,3,39,19,20
80,244,144,21,123,10,113,55,58
80,245,276,55,221,18,203,108,95
80,246,307,37,270,12,258,118,140
80,247,515,80,435,33,402,188,214
80,248,366,44,322,25,297,121,176
80,249,232,36,196,5,191,84,107
80,250,235,27,208,21,187,78,109
80,251,204,27,177,22,155,71,84
80,252,202,55,147,6,141,73,68
80,253,4537,1133,3404,224,3180,1790,1390
80,256,1190,212,978,57,921,505,416
80,258,68,16,52,3,49,24,25
80,259,89,10,79,6,73,28,45
80,260,749,105,644,46,598,239,359
80,261,880,115,765,45,720,235,485
80,262,339,45,294,30,264,149,115
80,263,56,17,39,5,34,18,16
80,264,76,13,63,7,56,33,23
80,265,478,83,395,23,372,256,116
80,266,206,40,166,5,161,84,77
80,267,187,28,159,18,141,65,76
80,268,503,58,445,35,410,173,237
80,269,98,19,79,12,67,26,41
80,270,8,0,8,1,7,3,4
80,271,801,146,655,52,603,326,277
80,272,95,8,87,9,78,33,45
80,273,300,41,259,23,236,107,129
80,274,1506,270,1236,99,1137,689,448
80,275,233,28,205,29,176,73,103
80,276,251,32,219,15,204,71,133
80,278,119,14,105,9,96,42,54
80,279,563,99,464,37,427,185,242
80,280,96,9,87,4,83,36,47
80,281,141,11,130,2,128,64,64
80,282,353,25,328,41,287,190,97
80,283,131,14,117,19,98,51,47
80,284,582,103,479,27,452,208,244
80,285,167,9,158,13,145,77,68
80,287,213,20,193,21,172,86,86
80,288,206,24,182,10,172,74,98
80,290,305,37,268,17,251,126,125
80,291,230,33,197,10,187,83,104
80,292,97,10,87,10,77,38,39
80,293,294,36,258,19,239,122,117
80,294,122,27,95,5,90,37,53
80,295,291,55,236,13,223,112,111
80,296,876,159,717,47,670,465,205
80,297,43,4,39,3,36,10,26
80,298,371,56,315,19,296,126,170
80,299,168,26,142,8,134,66,68
80,300,114,10,104,4,100,42,58
80,301,193,23,170,13,157,65,92
80,302,126,18,108,5,103,53,50
80,303,417,70,347,17,330,125,205
80,304,72,8,64,5,59,23,36
80,305,410,74,336,20,316,145,171
80,306,128,17,111,5,106,57,49
80,307,103,10,93,5,88,29,59
80,308,1995,237,1758,95,1663,1122,541
80,310,438,64,374,30,344,178,166
80,311,106,12,94,11,83,42,41
80,312,212,36,176,17,159,82,77
80,313,259,39,220,14,206,135,71
80,314,133,17,116,10,106,40,66
80,315,331,34,297,21,276,118,158
80,316,1557,222,1335,86,1249,687,562
80,317,186,26,160,13,147,83,64
80,318,2316,463,1853,136,1717,1189,528
80,319,273,43,230,17,213,81,132
80,320,109,17,92,8,84,38,46
80,321,126,20,106,13,93,48,45
80,322,92,4,88,5,83,42,41
80,324,137,17,120,4,116,63,53
80,325,37,3,34,2,32,18,14
80,326,115,14,101,13,88,25,63
80,327,130,15,115,8,107,34,73
80,328,430,54,376,41,335,178,157
80,329,154,25,129,9,120,62,58
80,330,228,26,202,8,194,126,68
80,331,242,27,215,14,201,113,88
80,332,291,49,242,20,222,80,142
80,333,1178,171,1007,48,959,331,628
80,334,83,9,74,7,67,44,23
80,335,178,28,150,12,138,57,81
80,336,61,6,55,4,51,19,32
80,337,184,24,160,12,148,73,75
80,338,1289,200,1089,74,1015,604,411
80,339,118,20,98,11,87,39,48
80,340,142,12,130,14,116,41,75
80,341,280,23,257,28,229,101,128
80,342,298,46,252,13,239,82,157
80,343,132,21,111,2,109,71,38
80,344,142,9,133,14,119,56,63
80,345,376,57,319,34,285,149,136
80,346,121,9,112,9,103,62,41
80,347,110,20,90,17,73,41,32
80,348,128,10,118,12,106,39,67
80,349,98,6,92,2,90,43,47
80,350,430,73,357,32,325,163,162
80,351,217,29,188,8,180,94,86
80,352,152,33,119,7,112,49,63
80,353,83,7,76,5,71,33,38
80,354,118,10,108,7,101,60,41
80,355,83,10,73,1,72,30,42
80,356,76,13,63,5,58,33,25
80,357,214,29,185,12,173,69,104
80,358,94,13,81,4,77,36,41
80,359,216,25,191,11,180,64,116
80,360,1792,243,1549,86,1463,996,467
80,361,59,8,51,3,48,26,22
80,362,245,37,208,21,187,90,97
80,364,588,69,519,34,485,272,213
80,365,100,14,86,4,82,30,52
80,366,372,60,312,19,293,170,123
80,367,164,27,137,8,129,55,74
80,368,3501,577,2924,205,2719,1820,899
80,369,173,25,148,12,136,63,73
80,371,84,7,77,6,71,21,50
80,372,93,2,91,3,88,32,56
80,373,2055,294,1761,144,1617,1072,545
80,374,210,24,186,17,169,58,111
80,375,291,17,274,10,264,132,132
80,376,419,32,387,23,364,215,149
80,377,329,41,288,28,260,121,139
80,378,54,4,50,3,47,19,28
80,379,471,26,445,20,425,190,235
80,380,196,30,166,19,147,67,80
80,381,46,4,42,8,34,7,27
80,383,73,10,63,8,55,16,39
80,384,164,23,141,18,123,71,52
80,385,311,42,269,19,250,154,96
80,386,128,22,106,11,95,43,52
80,387,248,26,222,18,204,113,91
80,388,168,30,138,13,125,52,73
80,389,22,5,17,0,17,4,13
80,390,288,52,236,20,216,101,115
80,391,59,4,55,0,55,20,35
80,392,439,65,374,30,344,202,142
80,393,272,49,223,19,204,87,117
80,395,191,30,161,11,150,88,62
80,396,258,41,217,11,206,85,121
80,397,97,9,88,4,84,31,53
80,399,217,29,188,12,176,92,84
80,400,283,38,245,15,230,135,95
80,401,103,17,86,9,77,38,39
80,402,98,10,88,8,80,21,59
80,403,149,16,133,4,129,76,53
80,404,118,16,102,7,95,19,76
80,405,339,61,278,22,256,137,119
80,406,1112,173,939,59,880,470,410
80,407,118,14,104,3,101,40,61
80,408,298,52,246,17,229,133,96
80,409,148,24,124,13,111,68,43
80,410,3090,649,2441,157,2284,1360,924
80,411,386,54,332,23,309,210,99
80,412,418,66,352,26,326,205,121
80,413,96,15,81,8,73,32,41
80,414,96,4,92,7,85,36,49
80,415,724,106,618,57,561,248,313
80,416,617,91,526,38,488,230,258
80,417,923,165,758,62,696,441,255
80,418,75,6,69,5,64,33,31
80,419,274,38,236,33,203,132,71
80,420,136,20,116,13,103,51,52
80,421,213,43,170,10,160,97,63
80,422,411,48,363,16,347,177,170
80,423,334,45,289,15,274,129,145
80,424,360,36,324,11,313,142,171
80,425,103,19,84,4,80,36,44
80,426,346,64,282,25,257,160,97
80,427,285,58,227,10,217,135,82
80,428,107,8,99,13,86,35,51
80,429,158,21,137,10,127,56,71
80,430,117,24,93,4,89,40,49
80,431,444,40,404,27,377,146,231
80,432,111,19,92,5,87,34,53
80,433,36,1,35,1,34,15,19
80,434,148,11,137,3,134,75,59
80,435,65,4,61,4,57,21,36
80,436,403,34,369,22,347,136,211
80,437,89,6,83,13,70,30,40
80,438,360,44,316,21,295,152,143
80,439,119,12,107,7,100,52,48
80,440,119,22,97,7,90,49,41
80,442,806,119,687,47,640,377,263
80,443,1307,202,1105,64,1041,459,582
80,444,554,79,475,36,439,233,206
80,445,230,38,192,13,179,85,94
80,446,658,87,571,39,532,236,296
80,447,60,15,45,2,43,20,23
80,449,64,16,48,5,43,16,27
80,450,72,6,66,2,64,31,33
80,451,102,13,89,6,83,32,51
80,452,350,50,300,16,284,133,151
80,453,110,14,96,12,84,28,56
80,455,61,14,47,3,44,16,28
80,456,445,57,388,37,351,138,213
80,458,317,44,273,25,248,108,140
80,459,92,17,75,8,67,31,36
80,460,68,11,57,3,54,16,38
80,461,184,21,163,10,153,82,71
80,462,261,24,237,21,216,90,126
80,463,460,71,389,28,361,182,179
80,464,722,108,614,78,536,251,285
80,465,164,27,137,12,125,70,55
80,466,107,13,94,5,89,47,42
80,467,140,19,121,12,109,55,54
80,468,119,11,108,9,99,50,49
80,469,135,13,122,9,113,33,80
80,470,141,18,123,2,121,53,68
80,472,117,16,101,7,94,39,55
80,473,205,26,179,15,164,70,94
80,474,305,51,254,17,237,130,107
80,475,172,23,149,11,138,69,69
80,476,266,18,248,24,224,139,85
80,477,189,35,154,8,146,85,61
80,478,114,10,104,8,96,50,46
80,479,252,18,234,14,220,77,143
80,480,87,8,79,7,72,35,37
80,481,285,55,230,16,214,108,106
80,482,107,10,97,10,87,44,43
80,484,295,43,252,7,245,165,80
80,485,600,79,521,32,489,249,240
80,486,477,68,409,34,375,177,198
80,487,86,14,72,5,67,28,39
80,488,1202,172,1030,85,945,531,414
80,489,4232,781,3451,221,3230,2397,833
80,490,211,35,176,11,165,85,80
80,491,66,5,61,9,52,30,22
80,493,212,35,177,6,171,72,99
80,494,146,15,131,4,127,62,65
80,495,446,70,376,34,342,186,156
80,496,146,24,122,7,115,44,71
80,497,117,13,104,8,96,26,70
80,498,446,58,388,22,366,167,199
80,499,158,16,142,11,131,60,71
80,500,363,46,317,20,297,155,142
80,501,242,52,190,14,176,83,93
80,502,94,7,87,8,79,36,43
80,503,116,10,106,4,102,49,53
80,504,57,7,50,9,41,19,22
80,505,137,19,118,3,115,69,46
80,507,787,138,649,46,603,344,259
80,508,58,15,43,5,38,22,16
80,509,337,36,301,25,276,143,133
80,511,76,7,69,4,65,28,37
80,512,704,84,620,47,573,300,273
80,513,150,18,132,12,120,53,67
80,514,94,10,84,6,78,35,43
80,515,115,18,97,7,90,48,42
80,516,179,36,143,15,128,79,49
80,517,120,17,103,11,92,43,49
80,518,318,64,254,23,231,132,99
80,519,410,99,311,23,288,163,125
80,520,121,19,102,6,96,53,43
80,521,187,41,146,7,139,73,66
80,522,82,5,77,6,71,39,32
80,523,991,170,821,65,756,460,296
80,524,428,70,358,16,342,204,138
80,525,128,20,108,11,97,33,64
80,526,117,19,98,4,94,50,44
80,527,263,24,239,19,220,99,121
80,528,13,1,12,5,7,3,4
80,529,140,17,123,4,119,51,68
80,530,439,52,387,38,349,211,138
80,531,100,12,88,12,76,51,25
80,532,159,17,142,14,128,61,67
80,533,2517,537,1980,149,1831,1022,809
80,535,157,9,148,15,133,74,59
80,536,266,43,223,21,202,95,107
80,537,62,9,53,7,46,24,22
80,538,116,13,103,6,97,43,54
80,540,193,35,158,15,143,84,59
80,541,138,17,121,7,114,58,56
80,542,465,73,392,20,372,204,168
80,543,77,8,69,4,65,35,30
80,544,151,14,137,11,126,70,56
80,545,417,52,365,32,333,170,163
80,546,457,54,403,32,371,191,180
80,547,175,18,157,7,150,89,61
80,548,293,22,271,7,264,134,130
80,549,489,84,405,37,368,181,187
80,550,124,20,104,4,100,55,45
80,551,118,19,99,15,84,31,53
80,552,1025,227,798,61,737,461,276
80,553,272,27,245,30,215,108,107
80,554,698,147,551,36,515,238,277
80,555,548,95,453,34,419,218,201
80,556,436,66,370,28,342,195,147
80,557,482,106,376,22,354,159,195
80,558,186,22,164,15,149,69,80
80,559,133,23,110,7,103,48,55
80,560,164,22,142,8,134,54,80
80,561,4449,1063,3386,232,3154,1916,1238
80,562,156,23,133,7,126,73,53
80,563,82,7,75,6,69,33,36
80,565,71,9,62,5,57,23,34
80,566,272,34,238,25,213,116,97
80,568,240,35,205,13,192,113,79
80,569,235,38,197,9,188,84,104
80,570,2885,635,2250,166,2084,1163,921
80,571,365,53,312,25,287,163,124
80,572,284,33,251,13,238,116,122
80,573,324,45,279,17,262,90,172
80,574,67,15,52,2,50,23,27
80,575,67,1,66,2,64,25,39
80,576,227,44,183,13,170,92,78
80,577,155,23,132,9,123,45,78
80,578,572,61,511,36,475,250,225
80,579,649,142,507,34,473,266,207
80,580,191,29,162,14,148,43,105
80,582,852,117,735,50,685,333,352
80,583,212,23,189,12,177,86,91
80,584,957,129,828,64,764,415,349
80,585,1737,345,1392,84,1308,804,504
80,586,128,13,115,4,111,74,37
80,587,80,3,77,7,70,38,32
80,588,332,44,288,19,269,152,117
80,589,90,8,82,1,81,35,46
80,590,240,30,210,14,196,90,106
80,591,127,23,104,5,99,42,57
80,592,474,94,380,22,358,251,107
80,593,217,26,191,16,175,75,100
80,594,78,9,69,9,60,25,35
80,595,211,34,177,9,168,80,88
80,596,175,25,150,14,136,82,54
80,597,729,100,629,53,576,374,202
80,598,1029,189,840,53,787,416,371
80,599,219,21,198,13,185,88,97
80,600,576,97,479,37,442,190,252
80,601,314,45,269,26,243,123,120
80,602,114,19,95,7,88,35,53
80,603,248,34,214,19,195,122,73
80,604,68,4,64,2,62,18,44
80,605,163,25,138,9,129,75,54
80,606,939,170,769,48,721,403,318
80,607,198,17,181,10,171,103,68
80,608,179,30,149,8,141,68,73
80,609,274,19,255,20,235,115,120
80,611,645,83,562,40,522,246,276
80,613,522,97,425,37,388,223,165
80,614,203,17,186,24,162,60,102
80,615,331,38,293,27,266,132,134
80,616,133,21,112,11,101,60,41
80,617,149,25,124,7,117,66,51
80,618,885,186,699,57,642,326,316
80,619,534,85,449,40,409,242,167
80,620,5543,1328,4215,258,3957,2125,1832
80,621,259,43,216,21,195,110,85
80,622,895,122,773,70,703,395,308
80,623,278,45,233,12,221,99,122
80,624,196,18,178,5,173,91,82
80,625,422,64,358,24,334,201,133
80,626,274,38,236,14,222,89,133
80,627,712,93,619,42,577,274,303
80,628,523,102,421,36,385,190,195
80,629,91,14,77,5,72,47,25
80,630,1613,304,1309,76,1233,611,622
80,631,99,18,81,6,75,44,31
80,632,1511,200,1311,86,1225,631,594
80,633,499,79,420,37,383,135,248
80,634,646,80,566,43,523,260,263
80,635,1036,195,841,64,777,474,303
80,637,274,65,209,19,190,103,87
80,638,91,12,79,8,71,34,37
80,639,964,126,838,53,785,413,372
80,640,201,21,180,15,165,80,85
80,642,240,46,194,14,180,101,79
80,643,411,43,368,21,347,148,199
80,644,456,93,363,35,328,148,180
80,645,445,65,380,35,345,185,160
80,646,63,7,56,8,48,28,20
80,647,188,26,162,9,153,101,52
80,648,93,19,74,8,66,28,38
80,649,1233,244,989,52,937,314,623
80,650,556,60,496,36,460,196,264
80,651,204,25,179,20,159,105,54
80,652,566,117,449,27,422,183,239
80,654,459,65,394,29,365,236,129
80,655,361,65,296,25,271,147,124
80,656,850,160,690,51,639,298,341
80,657,231,34,197,18,179,77,102
80,658,126,50,76,6,70,45,25
80,659,258,32,226,14,212,103,109
80,661,663,61,602,39,563,267,296
80,662,207,36,171,7,164,88,76
80,663,287,54,233,14,219,104,115
80,664,150,31,119,7,112,44,68
80,665,105,15,90,11,79,27,52
80,666,33,2,31,2,29,20,9
80,667,95,17,78,10,68,34,34
80,668,158,32,126,9,117,66,51
80,669,259,27,232,22,210,101,109
80,670,467,70,397,13,384,208,176
80,671,185,37,148,8,140,69,71
80,672,457,71,386,25,361,215,146
80,673,152,25,127,14,113,48,65
80,674,2744,478,2266,156,2110,1199,911
80,675,100,7,93,9,84,50,34
80,676,141,16,125,6,119,61,58
80,677,1411,230,1181,89,1092,644,448
80,678,551,95,456,37,419,197,222
80,679,497,83,414,26,388,185,203
80,680,2358,484,1874,117,1757,1074,683
80,681,227,34,193,13,180,73,107
80,682,152,23,129,11,118,61,57
80,683,90,5,85,6,79,41,38
80,684,102,8,94,1,93,45,48
80,685,4377,1139,3238,194,3044,1906,1138
80,686,546,69,477,24,453,187,266
80,687,112,13,99,8,91,45,46
80,688,2342,395,1947,128,1819,820,999
80,690,445,49,396,23,373,184,189
80,691,344,35,309,20,289,128,161
80,692,827,180,647,38,609,346,263
80,693,228,19,209,8,201,101,100
80,694,273,32,241,26,215,108,107
80,695,319,65,254,16,238,124,114
80,696,1011,99,912,43,869,371,498
80,697,28,3,25,3,22,5,17
80,698,202,30,172,16,156,80,76
80,699,102,9,93,7,86,41,45
80,700,797,127,670,50,620,388,232
80,701,344,57,287,21,266,160,106
80,702,821,83,738,43,695,227,468
80,703,158,15,143,12,131,48,83
80,704,298,30,268,20,248,106,142
80,705,83,7,76,7,69,19,50
80,706,1155,165,990,63,927,652,275
80,707,61,3,58,12,46,25,21
80,708,162,19,143,11,132,78,54
80,709,200,31,169,20,149,68,81
80,710,317,38,279,20,259,132,127
80,711,1239,257,982,76,906,601,305
80,713,277,38,239,18,221,75,146
80,714,1101,184,917,66,851,474,377
80,716,854,88,766,51,715,346,369
80,717,690,79,611,38,573,310,263
80,718,1171,205,966,58,908,547,361
80,719,59,5,54,2,52,21,31
80,721,1901,324,1577,92,1485,738,747
80,722,391,44,347,25,322,144,178
80,723,177,25,152,5,147,71,76
80,724,1919,308,1611,107,1504,855,649
80,725,2307,335,1972,100,1872,907,965
80,726,249,43,206,18,188,73,115
80,728,58,5,53,4,49,19,30
80,729,133,23,110,12,98,50,48
80,730,668,70,598,42,556,254,302
80,732,548,82,466,30,436,304,132
80,733,237,33,204,14,190,72,118
80,734,168,33,135,8,127,58,69
80,735,146,15,131,13,118,52,66
80,736,186,28,158,15,143,69,74
80,737,122,20,102,5,97,59,38
80,738,109,9,100,6,94,39,55
80,740,236,18,218,10,208,107,101
80,741,172,39,133,6,127,45,82
80,742,63,8,55,8,47,28,19
80,743,156,11,145,18,127,44,83
80,744,61,3,58,7,51,22,29
80,746,933,133,800,60,740,328,412
80,747,127,25,102,7,95,56,39
80,748,153,27,126,8,118,85,33
80,749,248,31,217,18,199,104,95
80,750,129,16,113,3,110,48,62
80,751,322,34,288,20,268,136,132
80,752,362,39,323,24,299,145,154
80,753,85,9,76,7,69,34,35
80,754,267,38,229,23,206,98,108
80,755,112,15,97,2,95,46,49
80,756,56,11,45,3,42,11,31
80,757,129,19,110,5,105,32,73
80,758,136,17,119,9,110,29,81
80,759,252,34,218,19,199,104,95
80,760,303,28,275,19,256,145,111
80,761,207,30,177,8,169,73,96
80,762,290,32,258,23,235,118,117
80,763,281,32,249,17,232,127,105
80,764,263,31,232,16,216,114,102
80,765,729,125,604,51,553,319,234
80,766,405,51,354,17,337,178,159
80,767,168,20,148,7,141,55,86
80,769,188,18,170,17,153,90,63
80,770,473,72,401,27,374,302,72
80,771,38,6,32,2,30,10,20
80,773,74,10,64,8,56,28,28
80,774,229,41,188,19,169,98,71
80,775,566,78,488,23,465,265,200
80,776,181,24,157,12,145,60,85
80,777,119,14,105,6,99,50,49
80,778,110,17,93,5,88,44,44
80,779,721,94,627,38,589,340,249
80,780,365,52,313,15,298,163,135
80,781,211,26,185,12,173,78,95
80,782,338,30,308,24,284,107,177
80,783,74,8,66,2,64,20,44
80,784,267,38,229,14,215,135,80
80,785,410,40,370,39,331,166,165
80,786,127,22,105,6,99,41,58
80,787,71,15,56,4,52,21,31
80,788,160,26,134,6,128,49,79
80,789,83,7,76,1,75,42,33
80,790,113,26,87,3,84,35,49
80,791,634,75,559,36,523,266,257
80,792,172,17,155,10,145,57,88
80,793,1919,343,1576,116,1460,742,718
80,794,58,9,49,3,46,18,28
80,795,363,57,306,15,291,200,91
80,796,180,19,161,8,153,79,74
80,797,103,14,89,5,84,42,42
80,798,1205,167,1038,70,968,467,501
80,799,3132,543,2589,209,2380,1400,980
80,800,114,14,100,14,86,23,63
80,801,249,41,208,11,197,91,106
80,802,534,132,402,31,371,207,164
80,803,195,32,163,12,151,75,76
80,804,156,21,135,11,124,70,54
80,805,124,18,106,6,100,29,71
80,806,298,30,268,13,255,114,141
80,807,226,32,194,15,179,106,73
80,808,363,41,322,20,302,140,162
80,809,343,33,310,19,291,122,169
80,810,103,9,94,5,89,51,38
80,811,482,79,403,31,372,196,176
80,812,133,35,98,7,91,41,50
80,813,70,10,60,3,57,33,24
80,814,325,53,272,26,246,134,112
80,815,626,99,527,29,498,259,239
80,819,74,9,65,8,57,37,20
80,820,594,87,507,59,448,236,212
80,821,182,30,152,12,140,83,57
80,822,113,20,93,8,85,51,34
80,823,85,13,72,8,64,17,47
80,824,209,21,188,10,178,98,80
80,825,97,22,75,4,71,35,36
80,826,684,75,609,65,544,277,267
80,827,1112,242,870,45,825,552,273
80,828,37,3,34,4,30,11,19
80,829,68,14,54,6,48,21,27
80,830,189,28,161,16,145,58,87
80,832,220,41,179,13,166,80,86
80,833,138,19,119,15,104,45,59
80,834,432,70,362,23,339,178,161
80,835,186,16,170,8,162,79,83
80,836,181,9,172,9,163,67,96
81,1,195,13,182,19,163,83,80
81,2,2153,265,1888,129,1759,981,778
81,3,731,112,619,43,576,278,298
81,4,31570,5159,26411,1558,24853,14797,10056
81,5,447,61,386,33,353,225,128
81,6,185,12,173,7,166,93,73
81,7,80,14,66,10,56,35,21
81,8,272,25,247,14,233,138,95
81,9,57,6,51,7,44,27,17
81,10,365,40,325,22,303,171,132
81,11,749,89,660,53,607,331,276
81,12,104,19,85,3,82,39,43
81,13,353,34,319,25,294,203,91
81,14,511,77,434,37,397,192,205
81,15,57,6,51,8,43,30,13
81,16,188,21,167,5,162,104,58
81,17,142,13,129,12,117,71,46
81,18,1936,222,1714,111,1603,1015,588
81,19,129,13,116,12,104,49,55
81,20,212,21,191,11,180,104,76
81,21,4781,874,3907,222,3685,2076,1609
81,22,141,14,127,9,118,62,56
81,23,200,26,174,12,162,58,104
81,24,222,28,194,17,177,92,85
81,25,166,19,147,12,135,61,74
81,26,327,35,292,26,266,145,121
81,27,142,14,128,8,120,64,56
81,28,111,12,99,12,87,61,26
81,29,137,13,124,7,117,52,65
81,30,81,7,74,4,70,37,33
81,31,686,79,607,55,552,211,341
81,32,758,78,680,55,625,318,307
81,33,2306,356,1950,139,1811,1384,427
81,34,309,48,261,28,233,133,100
81,35,160,12,148,9,139,83,56
81,36,930,96,834,59,775,363,412
81,37,1112,154,958,66,892,406,486
81,38,1593,244,1349,95,1254,644,610
81,39,1510,227,1283,85,1198,659,539
81,40,302,27,275,23,252,136,116
81,41,90,9,81,12,69,28,41
81,42,1539,173,1366,101,1265,589,676
81,43,575,59,516,55,461,246,215
81,44,196,11,185,14,171,93,78
81,45,320,55,265,25,240,123,117
81,46,1057,104,953,72,881,492,389
81,47,217,47,170,18,152,85,67
81,48,1802,236,1566,141,1425,923,502
81,49,161,33,128,11,117,59,58
81,50,207,36,171,7,164,79,85
81,51,824,75,749,46,703,362,341
81,52,1602,173,1429,127,1302,750,552
81,53,321,46,275,19,256,126,130
81,54,617,57,560,36,524,275,249
81,55,235,19,216,9,207,112,95
81,56,102,14,88,6,82,25,57
81,58,168,15,153,9,144,49,95
81,59,599,79,520,35,485,265,220
81,60,7394,1278,6116,389,5727,4055,1672
81,61,158,20,138,23,115,56,59
81,62,731,125,606,71,535,260,275
81,63,1151,146,1005,67,938,503,435
81,64,762,100,662,51,611,331,280
81,65,29662,5387,24275,1499,22776,11664,11112
81,66,244,31,213,9,204,139,65
81,67,417,57,360,22,338,174,164
81,68,129,15,114,10,104,68,36
81,69,630,67,563,21,542,305,237
81,70,1950,299,1651,93,1558,969,589
81,71,72,10,62,6,56,25,31
81,72,114,22,92,7,85,60,25
81,73,151,17,134,12,122,83,39
81,74,1231,113,1118,78,1040,664,376
81,75,379,51,328,33,295,140,155
81,76,508,57,451,42,409,214,195
81,77,440,72,368,30,338,160,178
81,78,825,127,698,53,645,388,257
81,79,589,78,511,47,464,237,227
81,80,67,6,61,4,57,28,29
81,81,956,104,852,53,799,429,370
81,82,108,13,95,10,85,45,40
81,83,193,23,170,7,163,97,66
81,84,508,74,434,40,394,201,193
81,85,64,10,54,2,52,24,28
81,86,137,23,114,4,110,76,34
81,87,265,29,236,21,215,136,79
81,88,400,46,354,27,327,180,147
81,89,142,11,131,10,121,57,64
81,90,194,30,164,9,155,97,58
81,91,152,16,136,11,125,87,38
81,92,655,88,567,37,530,307,223
81,93,506,57,449,40,409,238,171
81,94,81,6,75,6,69,48,21
81,95,76,5,71,4,67,32,35
81,96,343,35,308,21,287,141,146
81,97,1036,97,939,68,871,474,397
81,98,504,53,451,27,424,165,259
81,99,9709,1878,7831,490,7341,4033,3308
81,100,252,35,217,17,200,105,95
81,101,1081,165,916,84,832,543,289
81,102,228,32,196,14,182,104,78
81,103,122,12,110,14,96,58,38
81,104,1138,160,978,75,903,479,424
81,105,8870,1733,7137,435,6702,3814,2888
81,106,380,52,328,23,305,161,144
81,108,107,13,94,11,83,39,44
81,109,367,45,322,30,292,119,173
81,110,84,9,75,3,72,53,19
81,111,76,13,63,4,59,25,34
81,112,782,82,700,48,652,371,281
81,113,261,24,237,16,221,107,114
81,114,378,41,337,25,312,196,116
81,115,1160,212,948,85,863,571,292
81,116,1408,153,1255,93,1162,657,505
81,117,634,75,559,48,511,269,242
81,118,124,14,110,6,104,49,55
81,119,353,42,311,26,285,156,129
81,120,4740,718,4022,302,3720,2062,1658
81,121,240,25,215,15,200,97,103
81,122,62,13,49,2,47,27,20
81,123,100,13,87,10,77,37,40
81,124,1996,252,1744,131,1613,782,831
81,125,318,62,256,17,239,113,126
81,126,132,16,116,7,109,45,64
81,127,108,9,99,12,87,42,45
81,128,1475,192,1283,94,1189,337,852
81,129,187,23,164,9,155,90,65
81,130,1401,176,1225,76,1149,589,560
81,131,1419,212,1207,79,1128,599,529
81,132,639,65,574,45,529,284,245
81,133,348,41,307,24,283,140,143
81,134,82,5,77,9,68,39,29
81,135,88,9,79,2,77,38,39
81,136,137,26,111,6,105,64,41
81,137,72,5,67,3,64,23,41
81,138,338,45,293,26,267,176,91
81,139,1259,124,1135,84,1051,507,544
81,140,7574,1269,6305,382,5923,3294,2629
81,141,156,21,135,13,122,52,70
81,142,597,74,523,37,486,245,241
81,143,444,56,388,21,367,180,187
81,144,3370,417,2953,200,2753,1713,1040
81,145,3443,518,2925,235,2690,1506,1184
81,146,207,27,180,19,161,76,85
81,147,863,66,797,62,735,374,361
81,148,73,7,66,3,63,28,35
81,149,323,39,284,10,274,153,121
81,150,324,32,292,18,274,143,131
81,151,123,15,108,3,105,66,39
81,152,201,20,181,20,161,86,75
81,153,51,5,46,2,44,11,33
81,154,67,11,56,5,51,29,22
81,155,240,43,197,16,181,77,104
81,156,2197,238,1959,144,1815,1038,777
81,157,239,26,213,12,201,107,94
81,158,258,40,218,17,201,77,124
81,159,249,34,215,2,213,102,111
81,160,356,69,287,27,260,173,87
81,161,122,14,108,8,100,55,45
81,162,133,32,101,6,95,57,38
81,163,7455,1600,5855,392,5463,2616,2847
81,164,323,46,277,23,254,160,94
81,165,259,49,210,16,194,97,97
81,166,76,4,72,6,66,36,30
81,167,107,16,91,3,88,49,39
81,168,932,136,796,58,738,494,244
81,169,92,12,80,6,74,32,42
81,170,1087,108,979,69,910,641,269
81,171,1032,143,889,71,818,423,395
81,172,44,3,41,6,35,11,24
81,173,169,16,153,7,146,74,72
81,174,417,36,381,24,357,197,160
81,175,264,48,216,21,195,90,105
81,176,92,14,78,3,75,35,40
81,177,307,21,286,23,263,102,161
81,178,277,33,244,22,222,113,109
81,179,234,31,203,21,182,119,63
81,180,249,30,219,15,204,151,53
81,181,136,11,125,10,115,38,77
81,182,1614,163,1451,125,1326,715,611
81,183,175,18,157,8,149,92,57
81,184,34,2,32,1,31,20,11
81,185,173,23,150,14,136,78,58
81,186,279,29,250,30,220,141,79
81,187,155,20,135,12,123,48,75
81,188,307,32,275,30,245,83,162
81,189,94,3,91,2,89,53,36
81,190,315,18,297,25,272,164,108
81,191,229,31,198,11,187,132,55
81,192,784,114,670,48,622,301,321
81,193,327,39,288,31,257,106,151
81,195,632,69,563,39,524,311,213
81,196,712,99,613,56,557,279,278
81,197,173,26,147,8,139,72,67
81,198,265,29,236,25,211,111,100
81,199,181,21,160,16,144,79,65
81,200,357,41,316,15,301,170,131
81,201,612,71,541,40,501,360,141
81,202,691,104,587,38,549,293,256
81,203,475,60,415,16,399,159,240
81,204,1885,230,1655,124,1531,767,764
81,205,150,11,139,7,132,65,67
81,206,455,53,402,22,380,252,128
81,207,82,2,80,2,78,43,35
81,208,331,35,296,14,282,146,136
81,209,2254,249,2005,161,1844,831,1013
81,210,175,20,155,13,142,64,78
81,211,359,37,322,16,306,161,145
81,212,113,13,100,12,88,36,52
81,213,72,6,66,0,66,27,39
81,214,76,7,69,1,68,36,32
81,215,489,55,434,44,390,205,185
81,216,182,17,165,18,147,77,70
81,217,374,54,320,15,305,184,121
81,218,2547,290,2257,145,2112,1103,1009
81,219,2430,372,2058,154,1904,1045,859
81,220,3864,511,3353,198,3155,1847,1308
81,221,215,24,191,8,183,62,121
81,222,2441,277,2164,161,2003,1014,989
81,223,86,8,78,11,67,26,41
81,224,112,12,100,2,98,62,36
81,225,632,72,560,44,516,273,243
81,226,219,30,189,14,175,93,82
81,227,1775,204,1571,141,1430,755,675
81,228,302,37,265,12,253,127,126
81,229,108,17,91,14,77,48,29
81,230,652,72,580,47,533,374,159
81,231,314,56,258,34,224,116,108
81,232,520,36,484,34,450,252,198
81,233,186,18,168,9,159,85,74
81,234,73,10,63,3,60,42,18
81,235,600,74,526,45,481,244,237
81,236,184,31,153,12,141,73,68
81,237,135,6,129,4,125,81,44
81,238,1227,178,1049,90,959,482,477
81,239,828,133,695,71,624,296,328
81,240,95,7,88,6,82,49,33
81,241,204,21,183,15,168,83,85
81,242,188,20,168,18,150,78,72
81,243,101,12,89,10,79,46,33
81,244,1842,308,1534,136,1398,1087,311
81,245,103,16,87,6,81,51,30
81,246,94,13,81,5,76,46,30
81,247,189,24,165,9,156,96,60
81,248,626,71,555,36,519,254,265
81,249,706,125,581,60,521,349,172
81,250,208,13,195,18,177,85,92
81,251,659,92,567,43,524,287,237
81,252,121,10,111,8,103,44,59
81,253,377,35,342,23,319,163,156
81,254,298,29,269,27,242,159,83
81,255,319,44,275,7,268,152,116
81,256,72,2,70,6,64,25,39
81,257,5182,727,4455,320,4135,2730,1405
81,258,331,51,280,20,260,125,135
81,259,204,20,184,15,169,88,81
81,260,367,44,323,26,297,202,95
81,261,703,86,617,41,576,306,270
81,262,191,22,169,10,159,94,65
81,263,327,60,267,15,252,129,123
81,264,87,20,67,5,62,32,30
81,265,58,4,54,6,48,26,22
81,266,808,106,702,71,631,380,251
81,267,473,52,421,33,388,194,194
81,268,81,9,72,4,68,23,45
81,269,562,93,469,50,419,116,303
81,270,101,7,94,15,79,36,43
81,271,5451,769,4682,289,4393,2664,1729
81,272,171,34,137,5,132,81,51
81,273,2712,324,2388,182,2206,1090,1116
81,274,686,92,594,43,551,342,209
81,275,177,35,142,12,130,90,40
81,276,822,122,700,55,645,362,283
81,277,386,34,352,31,321,172,149
81,278,145,20,125,16,109,51,58
81,279,194,25,169,15,154,83,71
81,280,223,27,196,12,184,105,79
81,281,1637,240,1397,118,1279,670,609
81,282,54,8,46,8,38,24,14
81,283,871,106,765,58,707,374,333
81,284,1318,170,1148,91,1057,614,443
81,285,324,37,287,30,257,154,103
81,286,393,35,358,25,333,186,147
81,287,190,36,154,8,146,67,79
81,288,1897,244,1653,122,1531,762,769
81,289,1705,237,1468,110,1358,646,712
81,290,146,16,130,15,115,61,54
81,291,323,50,273,24,249,166,83
81,292,427,45,382,22,360,205,155
81,293,228,33,195,13,182,83,99
81,294,648,77,571,53,518,259,259
81,295,388,46,342,34,308,172,136
81,296,215,21,194,12,182,78,104
81,297,854,95,759,42,717,363,354
81,298,372,41,331,25,306,159,147
81,299,310,29,281,13,268,167,101
81,300,104,22,82,6,76,33,43
81,301,102,11,91,9,82,25,57
81,302,40,8,32,2,30,17,13
81,303,283,46,237,13,224,151,73
81,304,175,25,150,13,137,90,47
81,305,710,106,604,39,565,358,207
81,306,724,86,638,42,596,382,214
81,307,581,66,515,45,470,208,262
81,308,922,161,761,44,717,365,352
81,309,245,40,205,14,191,156,35
81,310,100,14,86,5,81,51,30
81,311,532,60,472,33,439,183,256
81,312,656,87,569,45,524,350,174
81,313,205,30,175,10,165,103,62
81,314,526,74,452,31,421,205,216
81,315,1082,117,965,74,891,496,395
81,316,159,19,140,13,127,62,65
81,317,871,74,797,55,742,420,322
81,318,134,23,111,4,107,62,45
81,319,389,47,342,22,320,163,157
81,320,147,20,127,9,118,62,56
81,321,81,12,69,2,67,34,33
81,322,187,24,163,6,157,85,72
81,323,271,21,250,19,231,111,120
81,324,171,31,140,9,131,71,60
81,325,1426,176,1250,121,1129,609,520
81,326,289,25,264,15,249,166,83
82,1,476,66,410,23,387,217,170
82,2,2180,345,1835,142,1693,760,933
82,3,164,25,139,13,126,67,59
82,4,111,17,94,8,86,33,53
82,5,790,86,704,50,654,305,349
82,6,58,9,49,3,46,23,23
82,7,102,6,96,5,91,56,35
82,8,670,59,611,30,581,292,289
82,9,27,9,18,5,13,4,9
82,10,185,17,168,19,149,91,58
82,11,590,75,515,31,484,224,260
82,12,349,46,303,19,284,129,155
82,13,2549,321,2228,125,2103,1065,1038
82,14,202,29,173,17,156,82,74
82,15,92,8,84,9,75,35,40
82,16,120,13,107,6,101,43,58
82,17,904,131,773,58,715,370,345
82,18,817,88,729,62,667,347,320
82,19,523,101,422,36,386,178,208
82,20,438,53,385,28,357,190,167
82,21,158,7,151,13,138,61,77
82,22,314,50,264,12,252,131,121
82,23,543,73,470,48,422,245,177
82,24,199,32,167,15,152,68,84
82,25,2571,285,2286,149,2137,1047,1090
82,26,596,70,526,28,498,302,196
82,27,856,109,747,46,701,373,328
82,28,533,75,458,26,432,193,239
82,29,202,35,167,9,158,85,73
82,30,314,36,278,23,255,130,125
82,31,748,114,634,63,571,277,294
82,32,387,61,326,23,303,138,165
82,33,9536,1981,7555,457,7098,3628,3470
82,34,115,17,98,6,92,33,59
82,35,273,50,223,13,210,100,110
82,36,138,14,124,6,118,74,44
82,37,4627,697,3930,253,3677,1945,1732
82,38,1142,185,957,49,908,461,447
82,39,381,30,351,23,328,162,166
82,40,219,28,191,18,173,85,88
82,41,188,26,162,6,156,103,53
82,42,929,113,816,56,760,310,450
82,43,201,24,177,9,168,102,66
82,44,1133,159,974,61,913,474,439
82,45,237,20,217,9,208,116,92
82,46,85,6,79,13,66,35,31
82,47,58,5,53,6,47,23,24
82,48,894,127,767,46,721,425,296
82,49,735,100,635,45,590,274,316
82,50,986,195,791,51,740,323,417
82,51,629,103,526,43,483,198,285
82,52,703,78,625,42,583,326,257
82,53,227,31,196,12,184,97,87
82,54,283,37,246,22,224,151,73
82,55,232,40,192,16,176,102,74
82,56,140,11,129,11,118,53,65
82,57,364,21,343,33,310,154,156
82,58,82,9,73,7,66,35,31
82,59,253,36,217,20,197,93,104
82,60,159,19,140,5,135,51,84
82,61,139,25,114,9,105,56,49
82,62,1021,166,855,47,808,391,417
82,63,499,80,419,37,382,201,181
82,64,88,12,76,4,72,30,42
82,65,358,44,314,20,294,141,153
82,66,468,60,408,31,377,153,224
82,67,95,6,89,4,85,46,39
82,68,152,24,128,5,123,63,60
82,69,172,35,137,16,121,73,48
82,70,45,3,42,3,39,19,20
82,71,33,0,33,6,27,13,14
82,72,638,76,562,44,518,280,238
82,73,679,76,603,44,559,299,260
82,74,113,9,104,8,96,49,47
82,75,2547,359,2188,138,2050,1114,936
82,76,1223,156,1067,69,998,477,521
82,77,290,35,255,12,243,124,119
82,78,126,13,113,4,109,42,67
82,79,2479,437,2042,130,1912,954,958
82,80,738,69,669,37,632,270,362
82,81,122,10,112,8,104,52,52
82,82,159,15,144,11,133,68,65
82,83,95,7,88,5,83,32,51
82,84,143,26,117,8,109,58,51
82,85,793,119,674,44,630,334,296
82,86,196,18,178,20,158,80,78
82,87,2261,275,1986,144,1842,921,921
82,88,545,93,452,28,424,230,194
82,89,759,110,649,59,590,300,290
82,90,793,90,703,58,645,311,334
82,91,87,5,82,4,78,33,45
82,92,175,10,165,16,149,70,79
82,93,419,55,364,16,348,187,161
82,94,1023,129,894,53,841,437,404
82,95,173,25,148,14,134,75,59
82,96,1675,257,1418,97,1321,665,656
82,97,916,117,799,51,748,433,315
82,98,946,129,817,62,755,380,375
82,99,333,53,280,16,264,111,153
82,100,104,11,93,7,86,52,34
82,101,819,116,703,46,657,360,297
82,102,224,49,175,18,157,86,71
82,103,78,5,73,5,68,24,44
82,104,127,18,109,10,99,56,43
82,105,877,119,758,51,707,357,350
82,106,132,14,118,13,105,59,46
82,107,43,5,38,0,38,25,13
82,108,912,110,802,34,768,378,390
82,109,158,22,136,13,123,52,71
82,110,820,93,727,60,667,316,351
82,111,256,43,213,20,193,88,105
82,112,8806,1535,7271,495,6776,3377,3399
82,113,924,115,809,49,760,347,413
82,114,411,39,372,31,341,152,189
82,115,1208,188,1020,83,937,444,493
82,116,164,27,137,14,123,46,77
82,117,1015,114,901,62,839,372,467
82,118,84,14,70,5,65,31,34
82,119,510,82,428,28,400,165,235
82,120,255,39,216,8,208,72,136
82,121,39012,6736,32276,1833,30443,16090,14353
82,122,131,13,118,10,108,54,54
82,123,834,137,697,46,651,317,334
82,124,2567,447,2120,126,1994,1043,951
82,125,4126,663,3463,256,3207,1651,1556
82,126,988,127,861,64,797,382,415
82,127,595,65,530,34,496,246,250
82,128,109,10,99,3,96,39,57
82,129,82,10,72,8,64,36,28
82,130,135,23,112,4,108,42,66
82,131,1192,183,1009,73,936,465,471
82,132,847,100,747,29,718,388,330
82,133,74,5,69,2,67,45,22
82,134,3520,531,2989,242,2747,1426,1321
82,135,858,107,751,58,693,366,327
82,136,1003,132,871,70,801,420,381
82,137,451,75,376,21,355,172,183
82,138,99,11,88,7,81,37,44
82,139,116,7,109,4,105,38,67
82,140,308,24,284,25,259,128,131
82,141,405,61,344,25,319,169,150
82,142,969,110,859,62,797,431,366
82,143,66,14,52,4,48,25,23
82,144,517,66,451,19,432,217,215
82,145,240,24,216,17,199,87,112
82,146,51,7,44,8,36,18,18
82,147,309,45,264,25,239,135,104
82,148,565,97,468,33,435,246,189
82,149,1348,163,1185,78,1107,602,505
82,150,688,81,607,44,563,288,275
82,151,287,53,234,13,221,126,95
82,152,352,49,303,22,281,143,138
82,153,142,15,127,3,124,65,59
82,154,177,23,154,2,152,65,87
82,155,1443,204,1239,73,1166,680,486
82,156,126,19,107,11,96,59,37
82,157,86,12,74,5,69,44,25
82,158,126,26,100,5,95,47,48
82,159,416,57,359,30,329,170,159
82,160,205,23,182,14,168,97,71
82,161,2560,296,2264,153,2111,989,1122
82,162,183,17,166,20,146,67,79
82,163,52,6,46,9,37,18,19
82,164,94,8,86,3,83,26,57
82,165,379,53,326,28,298,133,165
82,166,192,37,155,7,148,73,75
82,167,1271,128,1143,79,1064,501,563
82,168,274,34,240,17,223,87,136
82,169,1722,291,1431,102,1329,677,652
82,170,477,62,415,31,384,143,241
82,171,865,87,778,41,737,388,349
82,172,234,27,207,8,199,131,68
82,173,630,77,553,51,502,306,196
82,174,238,27,211,17,194,65,129
82,175,210,27,183,12,171,94,77
82,176,527,60,467,42,425,212,213
82,177,140,14,126,10,116,50,66
82,178,498,54,444,28,416,223,193
82,179,1658,318,1340,105,1235,647,588
82,180,410,41,369,27,342,177,165
82,181,163,22,141,9,132,80,52
82,182,257,39,218,17,201,83,118
82,183,189,19,170,4,166,82,84
82,184,594,59,535,31,504,243,261
82,185,168,12,156,8,148,82,66
82,186,3651,623,3028,191,2837,1575,1262
82,187,555,82,473,21,452,286,166
82,188,438,88,350,22,328,155,173
82,189,590,94,496,31,465,215,250
82,190,3080,550,2530,175,2355,1315,1040
82,191,312,45,267,22,245,154,91
82,192,379,32,347,31,316,168,148
82,193,106,11,95,9,86,38,48
82,194,918,117,801,55,746,414,332
82,195,598,50,548,43,505,265,240
83,1,2062,370,1692,79,1613,557,1056
83,2,225,39,186,15,171,62,109
83,3,751,108,643,32,611,283,328
83,4,5075,905,4170,245,3925,1535,2390
83,5,283,45,238,25,213,102,111
83,6,200,23,177,19,158,48,110
83,7,1629,268,1361,100,1261,595,666
83,8,1772,305,1467,70,1397,471,926
83,9,7966,1327,6639,281,6358,1927,4431
83,10,149,19,130,5,125,67,58
83,11,1018,178,840,48,792,329,463
83,12,2305,442,1863,131,1732,919,813
83,13,174,19,155,8,147,59,88
83,14,193,24,169,14,155,67,88
83,15,312,32,280,11,269,112,157
83,16,7342,1232,6110,363,5747,2132,3615
83,17,1838,377,1461,98,1363,528,835
83,18,2231,425,1806,136,1670,663,1007
83,19,6431,1188,5243,246,4997,1436,3561
83,20,39,5,34,1,33,16,17
83,21,1774,336,1438,106,1332,586,746
83,22,35,6,29,0,29,12,17
83,23,11000,2304,8696,514,8182,3428,4754
83,25,906,132,774,58,716,324,392
83,26,1363,214,1149,68,1081,506,575
83,27,3843,548,3295,154,3141,1141,2000
83,28,1362,248,1114,87,1027,394,633
83,29,2217,375,1842,104,1738,618,1120
83,30,1493,283,1210,63,1147,458,689
83,31,3088,563,2525,152,2373,865,1508
83,32,2503,419,2084,124,1960,787,1173
83,33,2498,524,1974,111,1863,891,972
83,34,8648,1607,7041,284,6757,2219,4538
83,35,3554,523,3031,189,2842,977,1865
83,36,5641,1003,4638,213,4425,1074,3351
83,37,929,121,808,53,755,259,496
83,38,344,46,298,20,278,122,156
83,39,134,29,105,7,98,44,54
83,40,82,8,74,6,68,24,44
83,41,446,64,382,22,360,170,190
83,42,7064,1321,5743,288,5455,1911,3544
83,43,1382,214,1168,54,1114,536,578
83,44,294,49,245,15,230,120,110
83,45,672,91,581,30,551,322,229
83,46,1792,350,1442,87,1355,481,874
83,47,12999,2215,10784,611,10173,3597,6576
83,48,2585,412,2173,90,2083,582,1501
83,49,7294,1350,5944,389,5555,2316,3239
83,50,26547,5529,21018,1093,19925,7557,12368
83,51,858,140,718,37,681,300,381
83,52,236,38,198,16,182,91,91
83,53,1720,237,1483,108,1375,554,821
83,54,6039,858,5181,290,4891,1726,3165
83,55,3793,661,3132,149,2983,919,2064
83,56,1903,258,1645,114,1531,524,1007
83,57,2268,412,1856,128,1728,649,1079
83,58,3710,641,3069,165,2904,1043,1861
83,59,1804,272,1532,94,1438,484,954
83,60,430,51,379,23,356,132,224
83,61,35282,6918,28364,1553,26811,8780,18031
83,62,19195,3697,15498,895,14603,6273,8330
83,63,1230,184,1046,62,984,367,617
83,64,4696,849,3847,243,3604,1280,2324
83,65,2012,271,1741,73,1668,370,1298
83,66,1166,191,975,69,906,413,493
83,67,3101,587,2514,190,2324,974,1350
83,68,3341,574,2767,110,2657,585,2072
83,69,39393,7307,32086,1631,30455,10941,19514
83,70,4950,764,4186,189,3997,1095,2902
83,71,8731,1440,7291,409,6882,2385,4497
83,72,6790,1019,5771,282,5489,2118,3371
83,73,6483,1369,5114,329,4785,1897,2888
83,74,137,11,126,8,118,54,64
83,75,521,83,438,19,419,189,230
83,76,600,91,509,32,477,256,221
83,77,1519,306,1213,96,1117,425,692
83,78,247,30,217,14,203,75,128
83,79,798,111,687,28,659,193,466
83,80,749,120,629,30,599,229,370
83,81,4023,795,3228,157,3071,1014,2057
83,82,536,107,429,34,395,183,212
83,83,857,110,747,43,704,324,380
83,84,529,89,440,33,407,138,269
83,85,2198,341,1857,123,1734,595,1139
83,86,5973,1023,4950,249,4701,1705,2996
83,87,2920,462,2458,168,2290,869,1421
83,88,1936,324,1612,92,1520,694,826
83,89,463,71,392,26,366,142,224
83,90,9577,1618,7959,404,7555,2964,4591
83,91,4101,649,3452,223,3229,1320,1909
83,92,2583,433,2150,130,2020,860,1160
83,93,1195,178,1017,80,937,385,552
83,94,2269,452,1817,72,1745,503,1242
83,95,550,76,474,27,447,209,238
83,96,815,121,694,52,642,297,345
83,97,3668,543,3125,206,2919,1253,1666
83,98,8735,1440,7295,401,6894,2672,4222
83,99,5482,1200,4282,214,4068,1301,2767
83,100,2755,434,2321,140,2181,935,1246
83,101,1803,263,1540,53,1487,439,1048
83,102,1758,303,1455,93,1362,563,799
83,103,3091,527,2564,167,2397,990,1407
83,104,3383,672,2711,179,2532,1178,1354
83,105,61,6,55,5,50,13,37
83,106,3200,620,2580,171,2409,904,1505
83,107,10934,1752,9182,483,8699,2600,6099
83,108,1811,364,1447,83,1364,580,784
83,109,213,32,181,10,171,65,106
83,110,1068,149,919,56,863,466,397
83,111,1506,279,1227,82,1145,481,664
83,112,10430,1902,8528,428,8100,2785,5315
83,113,1635,278,1357,83,1274,544,730
83,114,186,21,165,6,159,74,85
83,115,10511,1777,8734,360,8374,2024,6350
83,116,11919,2084,9835,632,9203,3966,5237
83,117,1099,142,957,38,919,313,606
83,118,29525,5072,24453,1105,23348,6287,17061
83,119,4709,768,3941,135,3806,796,3010
83,120,4033,632,3401,209,3192,1416,1776
83,121,3209,656,2553,158,2395,1096,1299
83,122,228,21,207,6,201,90,111
83,123,15201,2835,12366,577,11789,3458,8331
83,124,1742,335,1407,82,1325,500,825
83,125,1522,267,1255,79,1176,502,674
83,126,44356,9619,34737,1986,32751,15041,17710
83,127,2230,452,1778,110,1668,723,945
83,128,526,85,441,36,405,192,213
83,129,29350,5678,23672,1262,22410,7620,14790
83,130,8523,1482,7041,392,6649,2610,4039
83,131,4176,773,3403,219,3184,1425,1759
83,132,1935,348,1587,78,1509,507,1002
83,133,1205,224,981,33,948,275,673
83,134,1392,220,1172,78,1094,353,741
83,135,968,146,822,48,774,341,433
83,136,1673,249,1424,102,1322,531,791
83,137,106590,23080,83510,4549,78961,32886,46075
83,138,1864,358,1506,64,1442,455,987
83,139,531,83,448,28,420,148,272
83,140,3447,708,2739,165,2574,1187,1387
83,141,4332,689,3643,244,3399,1138,2261
83,142,174,22,152,10,142,106,36
83,143,3228,532,2696,159,2537,1020,1517
83,144,16966,3056,13910,899,13011,4940,8071
83,145,892,138,754,58,696,337,359
83,146,1220,241,979,76,903,415,488
83,147,28,1,27,0,27,3,24
83,148,7152,1395,5757,391,5366,1931,3435
83,149,1012,156,856,48,808,353,455
83,150,3084,579,2505,167,2338,1084,1254
83,151,653,89,564,40,524,242,282
83,152,774,152,622,29,593,157,436
83,153,4359,901,3458,215,3243,1156,2087
83,154,542,99,443,32,411,165,246
84,1,1960,244,1716,114,1602,638,964
84,2,856,123,733,41,692,292,400
84,3,7294,1401,5893,342,5551,2602,2949
84,4,3612,579,3033,188,2845,1115,1730
84,5,162,20,142,17,125,64,61
84,6,73,4,69,2,67,45,22
84,7,55098,11805,43293,2108,41185,22617,18568
84,8,525,53,472,29,443,144,299
84,9,1050,179,871,65,806,375,431
84,10,620,90,530,21,509,311,198
84,11,283,54,229,19,210,103,107
84,12,1705,201,1504,71,1433,538,895
84,13,182,23,159,12,147,48,99
84,14,805,149,656,41,615,308,307
84,15,251,17,234,12,222,93,129
84,16,3890,537,3353,317,3036,1069,1967
84,17,2525,307,2218,129,2089,917,1172
84,18,362,29,333,21,312,163,149
84,19,9956,2069,7887,563,7324,3260,4064
84,20,1219,158,1061,79,982,437,545
84,21,89,10,79,2,77,49,28
84,22,220,25,195,12,183,81,102
84,23,103,12,91,1,90,43,47
84,24,668,98,570,37,533,270,263
84,25,1343,186,1157,65,1092,407,685
84,26,3124,534,2590,145,2445,1181,1264
84,27,2104,332,1772,119,1653,582,1071
84,28,763,92,671,39,632,196,436
84,29,3577,569,3008,160,2848,1040,1808
84,30,2378,312,2066,157,1909,736,1173
84,31,18409,3738,14671,832,13839,5714,8125
84,32,372,42,330,21,309,129,180
84,33,111,5,106,8,98,50,48
84,34,3660,492,3168,189,2979,1226,1753
84,35,17052,3746,13306,842,12464,5181,7283
84,36,2712,370,2342,112,2230,917,1313
84,37,1559,202,1357,80,1277,435,842
84,38,3101,490,2611,155,2456,836,1620
84,39,3834,609,3225,230,2995,1195,1800
84,40,336,68,268,29,239,125,114
84,41,406,44,362,17,345,135,210
84,42,1531,250,1281,41,1240,582,658
84,43,6112,1183,4929,356,4573,1983,2590
84,44,845,102,743,51,692,358,334
84,45,314,41,273,16,257,119,138
84,46,306,29,277,21,256,129,127
84,47,2427,392,2035,148,1887,726,1161
84,48,64,11,53,5,48,23,25
84,49,484,95,389,25,364,127,237
84,50,1721,183,1538,73,1465,448,1017
84,51,973,114,859,41,818,355,463
84,52,930,135,795,61,734,302,432
84,53,1396,227,1169,84,1085,463,622
84,54,14600,2696,11904,740,11164,5003,6161
84,55,1164,128,1036,55,981,372,609
84,56,3405,555,2850,229,2621,955,1666
84,57,292,37,255,16,239,77,162
84,58,318,35,283,22,261,148,113
84,59,80,8,72,10,62,30,32
84,60,47,14,33,5,28,9,19
84,61,248,35,213,12,201,86,115
84,62,1288,173,1115,58,1057,499,558
84,63,288,52,236,10,226,61,165
84,64,2584,410,2174,190,1984,855,1129
84,65,2952,450,2502,179,2323,1009,1314
84,66,207,39,168,10,158,77,81
84,67,1751,221,1530,115,1415,497,918
84,68,1117,208,909,24,885,375,510
84,69,2158,300,1858,130,1728,812,916
84,70,1082,147,935,66,869,380,489
84,71,1450,190,1260,78,1182,516,666
84,72,4424,774,3650,223,3427,1291,2136
84,73,975,147,828,36,792,302,490
84,74,1590,250,1340,100,1240,541,699
84,75,323,26,297,20,277,149,128
84,76,896,116,780,57,723,359,364
84,77,352,53,299,30,269,87,182
84,78,2771,505,2266,136,2130,968,1162
84,79,282,48,234,7,227,133,94
84,80,8168,1424,6744,500,6244,2254,3990
84,81,6081,907,5174,366,4808,1992,2816
84,82,1287,151,1136,72,1064,549,515
84,83,1897,358,1539,110,1429,498,931
84,84,983,147,836,65,771,365,406
84,85,370,77,293,13,280,103,177
84,86,1081,126,955,64,891,373,518
84,87,18794,3732,15062,1003,14059,5187,8872
84,88,8482,1379,7103,461,6642,2554,4088
84,89,14534,3196,11338,605,10733,5306,5427
84,90,567,94,473,29,444,210,234
84,91,3882,711,3171,210,2961,1008,1953
84,92,11188,2118,9070,649,8421,3806,4615
84,93,559,80,479,24,455,192,263
84,94,536,82,454,38,416,191,225
84,95,561,101,460,25,435,141,294
84,96,558,74,484,42,442,206,236
84,97,440,59,381,36,345,137,208
84,98,427,57,370,19,351,158,193
84,99,3371,541,2830,188,2642,1001,1641
84,100,51,7,44,0,44,17,27
84,101,339,40,299,13,286,103,183
84,102,1060,133,927,64,863,345,518
84,103,557,107,450,15,435,214,221
84,104,948,146,802,29,773,256,517
84,105,828,141,687,36,651,282,369
84,106,1754,223,1531,101,1430,556,874
84,107,460,100,360,24,336,152,184
84,108,1628,229,1399,95,1304,486,818
84,109,162,23,139,11,128,37,91
84,110,35,3,32,0,32,16,16
84,111,245,37,208,13,195,83,112
84,112,625,115,510,25,485,244,241
84,113,637,93,544,23,521,268,253
84,114,146,12,134,5,129,69,60
84,115,409,47,362,26,336,120,216
84,116,628,66,562,41,521,199,322
84,117,263,50,213,18,195,56,139
84,118,2089,283,1806,104,1702,765,937
84,119,3824,556,3268,261,3007,1137,1870
84,120,95,12,83,4,79,46,33
84,121,133,18,115,9,106,34,72
84,122,4303,824,3479,234,3245,1108,2137
84,123,1062,140,922,62,860,426,434
84,124,683,84,599,33,566,243,323
84,125,76,8,68,3,65,35,30
84,126,643,91,552,25,527,274,253
84,127,2031,283,1748,87,1661,627,1034
84,128,37,3,34,6,28,20,8
84,129,12010,2271,9739,758,8981,3771,5210
84,130,125,12,113,7,106,50,56
84,131,1629,223,1406,85,1321,427,894
84,132,5821,780,5041,347,4694,2034,2660
84,133,3183,502,2681,162,2519,1214,1305
84,134,500,60,440,31,409,146,263
84,135,1203,158,1045,50,995,339,656
84,136,828,113,715,49,666,276,390
84,137,4727,766,3961,223,3738,1684,2054
84,138,6715,1288,5427,460,4967,2177,2790
84,139,554,98,456,26,430,185,245
84,140,454,55,399,28,371,200,171
84,141,7489,1279,6210,435,5775,2490,3285
84,142,2561,438,2123,145,1978,886,1092
84,143,927,122,805,33,772,233,539
84,144,463,68,395,25,370,198,172
84,145,629,86,543,32,511,240,271
84,146,416,47,369,21,348,145,203
84,147,2466,385,2081,129,1952,899,1053
84,148,919,109,810,61,749,405,344
84,149,1225,173,1052,65,987,417,570
84,150,1421,193,1228,91,1137,464,673
84,151,180,22,158,14,144,79,65
85,1,1996,331,1665,113,1552,634,918
85,2,1381,175,1206,88,1118,412,706
85,3,5968,814,5154,335,4819,2293,2526
85,4,2118,316,1802,113,1689,734,955
85,5,789,97,692,44,648,151,497
85,6,1141,172,969,47,922,404,518
85,8,2410,264,2146,95,2051,1141,910
85,9,478,63,415,24,391,180,211
85,10,1011,144,867,60,807,299,508
85,11,1530,272,1258,74,1184,472,712
85,12,1762,272,1490,78,1412,616,796
85,13,821,84,737,37,700,261,439
85,14,852,171,681,42,639,221,418
85,15,944,117,827,71,756,364,392
85,16,1528,209,1319,75,1244,541,703
85,17,1525,176,1349,104,1245,434,811
85,18,3154,499,2655,158,2497,1046,1451
85,19,2925,454,2471,132,2339,1268,1071
85,20,2908,392,2516,150,2366,1288,1078
85,21,1114,147,967,91,876,425,451
85,22,868,127,741,33,708,326,382
85,23,315,47,268,20,248,115,133
85,24,1274,193,1081,60,1021,365,656
85,25,1537,162,1375,76,1299,510,789
85,26,988,128,860,53,807,387,420
85,27,2048,232,1816,122,1694,765,929
85,28,367,48,319,24,295,177,118
85,29,1760,268,1492,73,1419,489,930
85,30,576,69,507,36,471,213,258
85,31,2285,311,1974,115,1859,537,1322
85,33,611,85,526,46,480,227,253
85,34,2277,334,1943,150,1793,848,945
85,35,3783,516,3267,157,3110,1095,2015
85,36,409,57,352,31,321,165,156
85,37,450,56,394,25,369,135,234
85,38,1997,252,1745,93,1652,597,1055
85,39,2694,408,2286,151,2135,967,1168
85,40,826,137,689,47,642,301,341
85,41,221,23,198,18,180,49,131
85,42,1379,227,1152,75,1077,595,482
85,43,946,128,818,41,777,379,398
85,44,345,36,309,25,284,130,154
85,45,689,87,602,37,565,228,337
85,46,2444,340,2104,121,1983,1027,956
85,47,15161,2815,12346,714,11632,4854,6778
85,48,1214,140,1074,63,1011,301,710
85,49,1291,208,1083,70,1013,562,451
85,50,1286,228,1058,54,1004,471,533
85,51,6113,939,5174,342,4832,2210,2622
85,52,1260,164,1096,75,1021,464,557
85,53,211,41,170,12,158,41,117
85,54,653,72,581,30,551,249,302
85,55,676,112,564,41,523,238,285
85,56,302,44,258,12,246,131,115
85,58,510,78,432,32,400,185,215
85,59,1932,376,1556,95,1461,620,841
85,60,11065,1567,9498,514,8984,3785,5199
85,61,1026,149,877,52,825,438,387
85,62,714,111,603,38,565,212,353
85,63,551,68,483,20,463,161,302
85,64,1782,251,1531,84,1447,407,1040
85,65,2647,343,2304,142,2162,671,1491
85,66,590,91,499,33,466,225,241
85,67,742,103,639,34,605,207,398
85,69,1961,254,1707,85,1622,832,790
85,70,2224,298,1926,103,1823,685,1138
85,71,2505,387,2118,131,1987,808,1179
85,72,618,66,552,19,533,174,359
85,73,648,70,578,53,525,224,301
85,74,151,16,135,10,125,49,76
85,76,2392,290,2102,112,1990,1018,972
85,77,320,52,268,12,256,118,138
85,78,662,117,545,40,505,271,234
85,80,656,108,548,30,518,218,300
85,81,3148,432,2716,157,2559,1405,1154
85,82,2055,272,1783,115,1668,619,1049
85,83,1616,331,1285,73,1212,473,739
85,84,3581,411,3170,184,2986,1123,1863
85,86,1060,170,890,53,837,300,537
85,87,199,55,144,6,138,54,84
85,88,3715,502,3213,197,3016,1118,1898
85,89,3632,452,3180,181,2999,1670,1329
85,90,1795,225,1570,116,1454,567,887
85,91,619,88,531,24,507,261,246
85,92,9398,1632,7766,431,7335,3772,3563
85,93,821,84,737,44,693,355,338
85,94,951,118,833,37,796,371,425
85,95,1131,196,935,68,867,336,531
85,96,3451,544,2907,192,2715,1047,1668
85,97,2284,291,1993,126,1867,653,1214
85,98,1281,161,1120,78,1042,510,532
85,99,660,93,567,38,529,241,288
85,100,1476,187,1289,82,1207,448,759
85,101,355,34,321,12,309,123,186
85,102,399,75,324,24,300,134,166
85,103,1435,208,1227,70,1157,501,656
85,104,692,90,602,29,573,228,345
85,105,388,66,322,14,308,164,144
85,106,1294,224,1070,65,1005,423,582
85,107,2006,232,1774,106,1668,753,915
85,108,1971,236,1735,116,1619,689,930
85,109,11177,1609,9568,744,8824,3598,5226
85,110,630,79,551,36,515,241,274
85,111,1066,180,886,46,840,494,346
85,112,2075,375,1700,102,1598,737,861
85,113,4162,846,3316,211,3105,1289,1816
85,114,2495,304,2191,120,2071,758,1313
85,115,457,60,397,25,372,167,205
85,116,333,52,281,17,264,118,146
85,117,459,60,399,25,374,194,180
85,118,1697,202,1495,91,1404,782,622
85,119,1750,252,1498,91,1407,508,899
85,120,961,100,861,71,790,242,548
85,121,828,136,692,53,639,335,304
85,123,202,32,170,7,163,78,85
85,125,297,46,251,24,227,64,163
85,126,883,85,798,56,742,386,356
85,127,1956,290,1666,86,1580,684,896
85,128,7559,1544,6015,340,5675,2766,2909
85,129,2378,324,2054,128,1926,753,1173
85,130,976,178,798,63,735,297,438
85,131,1228,181,1047,71,976,507,469
85,132,590,87,503,30,473,208,265
85,133,786,114,672,48,624,295,329
85,134,218,21,197,13,184,65,119
85,135,2029,297,1732,114,1618,793,825
85,136,82,11,71,6,65,34,31
85,137,390,53,337,23,314,114,200
85,138,665,95,570,36,534,234,300
85,139,371,30,341,20,321,182,139
85,140,1169,157,1012,71,941,389,552
85,141,431,43,388,20,368,85,283
85,142,621,67,554,22,532,227,305
85,143,816,132,684,32,652,344,308
85,144,908,87,821,74,747,274,473
85,145,663,74,589,49,540,228,312
85,146,3742,651,3091,179,2912,1342,1570
85,147,1369,274,1095,76,1019,438,581
85,148,578,76,502,34,468,234,234
85,149,266,50,216,15,201,94,107
85,150,810,109,701,46,655,208,447
85,151,4709,769,3940,209,3731,1815,1916
85,152,2023,369,1654,97,1557,689,868
85,153,2134,266,1868,114,1754,759,995
85,154,914,149,765,59,706,277,429
85,155,3725,563,3162,168,2994,1508,1486
85,156,1482,214,1268,93,1175,509,666
85,157,505,69,436,25,411,135,276
85,158,922,122,800,43,757,444,313
85,159,1688,267,1421,83,1338,779,559
85,160,1970,272,1698,104,1594,821,773
85,161,1763,255,1508,82,1426,558,868
85,162,897,105,792,58,734,323,411
85,163,4252,667,3585,174,3411,1314,2097
85,164,1679,255,1424,67,1357,492,865
85,165,786,83,703,44,659,224,435
85,166,10933,1706,9227,474,8753,3816,4937
85,167,658,64,594,30,564,300,264
85,168,583,77,506,40,466,251,215
85,169,690,110,580,41,539,230,309
85,171,445,78,367,13,354,202,152
85,172,1483,224,1259,67,1192,374,818
85,174,466,73,393,20,373,175,198
85,175,411,63,348,22,326,138,188
85,176,934,122,812,65,747,365,382
85,177,499,75,424,28,396,231,165
85,178,5583,654,4929,301,4628,2135,2493
85,179,678,92,586,32,554,239,315
85,180,834,123,711,39,672,247,425
85,181,471,69,402,23,379,204,175
85,182,4112,612,3500,173,3327,1636,1691
85,184,249,33,216,14,202,100,102
85,185,442,85,357,23,334,158,176
85,186,653,74,579,51,528,170,358
85,187,629,70,559,35,524,196,328
85,188,763,117,646,55,591,297,294
85,189,1474,218,1256,112,1144,429,715
85,190,2261,368,1893,129,1764,749,1015
85,191,36031,6563,29468,1399,28069,17038,11031
85,192,695,80,615,49,566,191,375
85,193,413,38,375,25,350,194,156
85,194,13136,2497,10639,443,10196,4043,6153
85,196,1270,137,1133,71,1062,425,637
85,197,989,97,892,81,811,345,466
85,198,992,151,841,41,800,352,448
85,199,337,45,292,15,277,138,139
85,200,714,84,630,32,598,280,318
85,201,329,33,296,19,277,118,159
85,202,1099,144,955,64,891,402,489
85,204,1716,297,1419,100,1319,538,781
85,205,385,48,337,19,318,117,201
85,206,277,41,236,22,214,83,131
85,207,343,58,285,12,273,172,101
85,208,1522,156,1366,83,1283,473,810
85,209,364,72,292,19,273,136,137
85,210,1337,201,1136,71,1065,421,644
85,211,1622,269,1353,67,1286,611,675
85,212,868,112,756,56,700,244,456
85,213,2141,309,1832,122,1710,827,883
85,214,1437,199,1238,80,1158,434,724
85,215,2550,274,2276,124,2152,852,1300
85,216,1452,237,1215,64,1151,567,584
85,217,2859,342,2517,154,2363,1022,1341
85,218,1154,138,1016,68,948,370,578
85,219,311,35,276,12,264,130,134
85,220,1101,132,969,68,901,328,573
85,221,1820,283,1537,98,1439,534,905
85,222,6238,1035,5203,220,4983,2144,2839
85,223,1922,294,1628,93,1535,816,719
85,224,3290,353,2937,171,2766,1258,1508
85,226,9748,1748,8000,405,7595,3243,4352
85,227,1368,183,1185,69,1116,630,486
85,229,473,73,400,14,386,110,276
85,231,608,84,524,31,493,191,302
85,232,642,81,561,35,526,288,238
85,233,391,67,324,28,296,159,137
85,234,7257,1236,6021,311,5710,1943,3767
85,235,363,64,299,5,294,121,173
85,236,1081,147,934,50,884,334,550
85,237,280,37,243,17,226,77,149
85,238,2682,447,2235,143,2092,792,1300
85,239,719,114,605,33,572,196,376
85,240,1058,105,953,61,892,318,574
85,242,683,67,616,27,589,249,340
85,243,2045,277,1768,111,1657,655,1002
85,244,649,91,558,37,521,277,244
85,245,136,22,114,5,109,52,57
85,246,1627,212,1415,98,1317,508,809
85,247,713,108,605,31,574,224,350
85,248,319,53,266,21,245,111,134
85,250,1389,144,1245,72,1173,462,711
85,251,489,45,444,20,424,124,300
85,252,454,67,387,19,368,113,255
85,254,1387,164,1223,82,1141,543,598
85,255,1917,265,1652,87,1565,669,896
85,256,959,88,871,58,813,414,399
85,257,1416,150,1266,82,1184,411,773
85,259,863,89,774,49,725,252,473
85,260,533,71,462,25,437,206,231
85,261,169,26,143,7,136,63,73
85,262,2133,248,1885,103,1782,824,958
85,264,953,138,815,55,760,277,483
85,265,738,117,621,47,574,330,244
85,266,1076,115,961,57,904,395,509
85,267,648,98,550,40,510,265,245
85,268,1026,141,885,55,830,310,520
85,269,298,44,254,18,236,140,96
85,271,312,32,280,15,265,112,153
85,272,686,83,603,42,561,214,347
85,273,1109,160,949,66,883,307,576
85,274,403,54,349,18,331,175,156
85,276,510,80,430,23,407,176,231
85,277,1006,119,887,54,833,306,527
85,278,1119,145,974,45,929,352,577
85,279,1230,140,1090,85,1005,518,487
85,280,2187,317,1870,113,1757,653,1104
85,281,750,88,662,43,619,297,322
85,282,636,64,572,45,527,244,283
85,284,3297,525,2772,167,2605,1000,1605
85,285,497,64,433,32,401,217,184
85,286,399,51,348,12,336,190,146
85,287,363,46,317,21,296,104,192
85,288,5624,774,4850,277,4573,1734,2839
85,289,1026,166,860,51,809,282,527
85,290,382,47,335,20,315,182,133
85,291,803,114,689,44,645,270,375
85,292,474,67,407,19,388,206,182
85,293,1150,38,1112,189,923,443,480
85,294,2830,448,2382,110,2272,837,1435
85,295,2172,265,1907,139,1768,714,1054
85,296,868,137,731,35,696,268,428
85,297,793,115,678,42,636,304,332
85,298,1068,129,939,60,879,343,536
85,299,446,69,377,16,361,191,170
85,300,3283,386,2897,162,2735,1411,1324
85,301,1132,165,967,84,883,386,497
85,302,2966,396,2570,156,2414,855,1559
85,303,1230,184,1046,57,989,510,479
85,304,492,69,423,36,387,220,167
85,305,629,79,550,27,523,195,328
85,306,528,55,473,18,455,264,191
85,307,891,166,725,34,691,274,417
86,1,565,67,498,33,465,274,191
86,2,383,54,329,20,309,157,152
86,3,275,35,240,13,227,122,105
86,4,335,44,291,19,272,147,125
86,5,486,79,407,37,370,197,173
86,6,448,70,378,27,351,195,156
86,7,892,110,782,55,727,373,354
86,8,343,83,260,27,233,116,117
86,9,845,137,708,41,667,306,361
86,10,795,94,701,53,648,394,254
86,11,122,19,103,9,94,51,43
86,12,119,13,106,7,99,59,40
86,13,92,9,83,0,83,27,56
86,14,1259,181,1078,80,998,538,460
86,15,997,131,866,55,811,490,321
86,16,1301,138,1163,96,1067,623,444
86,17,807,145,662,44,618,321,297
86,18,294,60,234,14,220,94,126
86,19,1401,198,1203,90,1113,647,466
86,20,208,38,170,4,166,66,100
86,21,656,115,541,41,500,251,249
86,22,211,39,172,11,161,51,110
86,23,222,26,196,13,183,100,83
86,24,1003,109,894,51,843,562,281
86,25,356,44,312,22,290,102,188
86,26,400,49,351,20,331,138,193
86,27,1177,179,998,47,951,589,362
86,28,887,120,767,41,726,475,251
86,29,641,103,538,42,496,225,271
86,30,408,63,345,23,322,170,152
86,31,1390,181,1209,72,1137,664,473
86,32,1532,210,1322,79,1243,640,603
86,34,473,85,388,15,373,183,190
86,35,164,35,129,16,113,56,57
86,36,535,91,444,43,401,174,227
86,37,367,72,295,19,276,121,155
86,38,188,27,161,11,150,79,71
86,39,555,101,454,31,423,191,232
86,40,306,54,252,13,239,120,119
86,41,7255,1152,6103,296,5807,3515,2292
86,42,771,117,654,29,625,352,273
86,43,396,58,338,19,319,183,136
86,44,483,61,422,21,401,136,265
86,45,954,142,812,51,761,442,319
86,46,1439,213,1226,81,1145,666,479
86,47,352,46,306,26,280,176,104
86,48,686,114,572,28,544,317,227
86,49,458,91,367,15,352,158,194
86,50,559,92,467,38,429,206,223
86,51,158,21,137,10,127,45,82
86,52,707,123,584,39,545,309,236
86,53,750,74,676,31,645,366,279
86,54,307,47,260,16,244,106,138
86,55,285,51,234,9,225,116,109
86,56,495,68,427,24,403,212,191
86,58,496,45,451,36,415,248,167
86,59,357,64,293,18,275,156,119
86,60,664,96,568,41,527,296,231
86,61,868,141,727,41,686,373,313
86,62,2772,483,2289,140,2149,1183,966
86,63,225,49,176,6,170,88,82
86,64,472,72,400,25,375,177,198
86,65,767,124,643,44,599,320,279
86,66,23893,6220,17673,1012,16661,9520,7141
86,67,173,18,155,4,151,75,76
86,68,789,162,627,29,598,306,292
86,69,148,24,124,14,110,50,60
86,70,5509,1007,4502,257,4245,2482,1763
86,71,245,28,217,16,201,130,71
86,72,357,65,292,25,267,151,116
86,73,407,53,354,27,327,165,162
86,74,648,101,547,43,504,326,178
86,75,556,102,454,26,428,230,198
86,76,1943,250,1693,82,1611,916,695
86,77,698,96,602,45,557,318,239
86,78,1925,346,1579,73,1506,888,618
86,79,451,88,363,26,337,159,178
86,80,358,44,314,19,295,159,136
86,81,1150,197,953,59,894,481,413
86,82,1382,286,1096,42,1054,601,453
86,83,810,112,698,46,652,369,283
86,84,209,36,173,12,161,88,73
86,85,227,28,199,20,179,107,72
86,86,742,118,624,48,576,307,269
86,87,149,18,131,8,123,49,74
86,88,581,75,506,29,477,260,217
86,89,294,61,233,20,213,110,103
86,90,166,38,128,10,118,42,76
86,91,353,44,309,22,287,173,114
86,92,2372,398,1974,134,1840,1029,811
86,93,126,22,104,7,97,41,56
86,94,372,41,331,25,306,137,169
86,95,2277,336,1941,153,1788,1041,747
86,96,474,80,394,26,368,178,190
86,97,253,37,216,25,191,84,107
86,98,124,19,105,13,92,47,45
86,99,682,96,586,40,546,305,241
86,100,2904,378,2526,103,2423,1466,957
86,102,371,33,338,22,316,136,180
86,103,1323,235,1088,55,1033,584,449
86,104,376,57,319,16,303,190,113
86,105,300,39,261,20,241,153,88
86,106,105,18,87,7,80,45,35
86,107,373,45,328,23,305,193,112
86,108,340,65,275,13,262,98,164
86,109,198,25,173,8,165,100,65
86,110,170,22,148,13,135,49,86
86,111,1369,207,1162,94,1068,613,455
86,112,895,147,748,35,713,397,316
86,113,2214,324,1890,94,1796,1127,669
86,114,852,86,766,43,723,416,307
86,115,4233,753,3480,211,3269,1755,1514
86,116,636,82,554,46,508,301,207
86,117,376,54,322,26,296,191,105
86,118,280,37,243,10,233,120,113
86,119,271,37,234,22,212,112,100
86,120,960,160,800,57,743,414,329
86,121,1073,156,917,45,872,487,385
86,122,60,12,48,4,44,19,25
86,123,562,92,470,43,427,231,196
86,124,868,108,760,40,720,432,288
86,125,443,67,376,19,357,194,163
86,126,426,52,374,32,342,176,166
86,127,365,60,305,22,283,137,146
86,128,1841,366,1475,99,1376,639,737
86,129,413,61,352,19,333,143,190
86,130,327,49,278,19,259,136,123
86,131,553,74,479,15,464,268,196
86,132,242,44,198,15,183,104,79
86,133,2402,289,2113,94,2019,1201,818
86,134,157,33,124,6,118,68,50
86,135,411,48,363,21,342,238,104
86,136,302,22,280,15,265,195,70
86,137,5387,1148,4239,290,3949,1946,2003
86,138,175,33,142,14,128,74,54
86,139,1893,287,1606,101,1505,924,581
86,140,1824,298,1526,95,1431,834,597
86,141,534,64,470,28,442,243,199
86,142,418,94,324,23,301,164,137
86,143,156,19,137,5,132,62,70
86,144,253,34,219,21,198,101,97
86,145,709,90,619,37,582,370,212
86,146,871,125,746,47,699,355,344
86,147,395,47,348,29,319,183,136
86,148,549,69,480,34,446,278,168
86,149,337,49,288,25,263,111,152
86,150,218,33,185,17,168,87,81
86,151,157,22,135,13,122,48,74
86,152,528,83,445,23,422,223,199
86,153,638,77,561,20,541,319,222
86,154,202,32,170,14,156,81,75
86,156,181,31,150,7,143,53,90
86,157,2960,373,2587,125,2462,1464,998
86,158,4592,697,3895,221,3674,2230,1444
86,159,429,79,350,25,325,217,108
86,160,1487,278,1209,74,1135,598,537
86,161,726,92,634,39,595,289,306
86,162,103,11,92,5,87,36,51
86,163,2530,304,2226,118,2108,1305,803
86,164,556,104,452,40,412,223,189
86,165,4719,783,3936,221,3715,2104,1611
86,166,517,55,462,36,426,245,181
86,167,434,77,357,24,333,175,158
86,169,236,48,188,16,172,82,90
86,170,322,62,260,13,247,133,114
86,171,414,69,345,24,321,199,122
86,172,118,20,98,6,92,46,46
86,173,539,104,435,35,400,213,187
86,174,4327,665,3662,294,3368,2017,1351
86,175,251,34,217,16,201,125,76
86,176,106,10,96,3,93,71,22
86,177,3542,557,2985,193,2792,1472,1320
86,178,1682,188,1494,107,1387,797,590
86,180,2224,287,1937,98,1839,1187,652
86,181,191,22,169,12,157,70,87
86,182,331,57,274,25,249,136,113
86,183,1210,191,1019,87,932,510,422
86,184,564,68,496,40,456,262,194
86,186,796,123,673,52,621,317,304
86,187,331,37,294,19,275,142,133
86,188,728,94,634,52,582,327,255
86,189,300,42,258,12,246,130,116
86,190,658,93,565,33,532,315,217
86,191,219,27,192,14,178,109,69
86,192,143,18,125,5,120,74,46
86,193,919,124,795,35,760,411,349
86,194,47747,10781,36966,1726,35240,22959,12281
86,195,369,58,311,17,294,178,116
86,196,200,31,169,14,155,91,64
86,197,353,56,297,14,283,101,182
86,198,463,57,406,26,380,206,174
86,200,449,81,368,16,352,151,201
86,201,179,34,145,11,134,61,73
86,202,416,74,342,20,322,162,160
86,203,447,83,364,11,353,217,136
86,204,1581,204,1377,86,1291,807,484
86,205,150,28,122,12,110,61,49
86,206,100,13,87,4,83,34,49
86,207,1298,245,1053,62,991,452,539
86,208,544,99,445,26,419,210,209
86,209,1292,42,1250,68,1182,717,465
86,210,486,79,407,28,379,177,202
86,211,676,138,538,38,500,269,231
86,213,1785,229,1556,92,1464,822,642
86,214,5482,937,4545,224,4321,2436,1885
86,217,252,41,211,13,198,100,98
86,218,162,22,140,14,126,65,61
86,219,744,136,608,50,558,334,224
86,220,245,32,213,12,201,110,91
86,221,907,151,756,64,692,385,307
86,222,2980,432,2548,163,2385,1349,1036
86,223,791,112,679,47,632,351,281
86,224,932,152,780,63,717,340,377
86,225,1023,181,842,61,781,406,375
86,226,1824,226,1598,115,1483,871,612
86,227,113,17,96,6,90,36,54
86,228,139,27,112,7,105,44,61
86,229,297,45,252,21,231,97,134
86,230,161,20,141,5,136,66,70
86,231,372,70,302,17,285,192,93
86,233,1941,267,1674,115,1559,908,651
86,234,321,58,263,12,251,116,135
86,235,930,142,788,55,733,450,283
86,236,746,109,637,39,598,255,343
86,237,658,111,547,49,498,298,200
86,239,132,21,111,9,102,54,48
86,241,352,50,302,302,0,0,0
86,242,276,42,234,15,219,112,107
86,244,1126,237,889,59,830,445,385
86,245,802,93,709,53,656,334,322
86,246,693,101,592,33,559,301,258
86,247,386,51,335,19,316,189,127
86,248,462,111,351,15,336,190,146
86,249,109,21,88,4,84,37,47
86,250,177,27,150,13,137,43,94
86,252,424,52,372,15,357,147,210
86,253,470,73,397,17,380,187,193
86,254,815,129,686,44,642,384,258
86,255,1018,165,853,49,804,471,333
86,256,823,95,728,36,692,429,263
86,257,240,42,198,12,186,75,111
86,258,1891,325,1566,133,1433,807,626
86,259,531,76,455,38,417,231,186
86,260,274,41,233,14,219,88,131
86,261,1499,187,1312,65,1247,697,550
86,262,528,92,436,43,393,201,192
86,263,1995,230,1765,103,1662,1114,548
86,264,605,100,505,39,466,251,215
86,265,376,57,319,16,303,143,160
86,266,96,18,78,3,75,35,40
86,268,835,102,733,54,679,478,201
86,269,156,23,133,15,118,60,58
86,270,158,17,141,12,129,63,66
86,271,594,88,506,37,469,221,248
86,272,2170,329,1841,130,1711,998,713
86,273,727,108,619,44,575,245,330
86,274,745,125,620,42,578,228,350
86,275,482,72,410,34,376,201,175
86,276,1021,192,829,53,776,315,461
86,277,271,40,231,10,221,106,115
86,278,609,95,514,27,487,262,225
86,279,487,79,408,38,370,215,155
86,280,320,46,274,24,250,113,137
86,281,2371,399,1972,145,1827,979,848
86,284,489,68,421,23,398,227,171
86,285,751,104,647,45,602,325,277
86,286,339,49,290,21,269,139,130
86,287,284,40,244,22,222,108,114
86,288,588,90,498,34,464,234,230
86,289,509,57,452,31,421,215,206
86,290,1206,206,1000,62,938,561,377
86,291,93,10,83,7,76,44,32
86,292,581,74,507,32,475,266,209
86,293,2398,360,2038,141,1897,1060,837
86,294,2539,373,2166,144,2022,1070,952
86,295,289,42,247,23,224,120,104
86,296,303,40,263,20,243,139,104
86,297,3881,502,3379,199,3180,1791,1389
86,298,1523,223,1300,90,1210,657,553
86,299,425,73,352,19,333,180,153
86,300,237,27,210,17,193,112,81
87,1,4489,680,3809,252,3557,2154,1403
87,2,4277,698,3579,284,3295,2117,1178
87,3,740,117,623,38,585,388,197
87,4,90,15,75,5,70,42,28
87,5,769,87,682,34,648,428,220
87,6,196,18,178,8,170,91,79
87,7,163,29,134,7,127,76,51
87,8,120,35,85,5,80,40,40
87,9,145,27,118,8,110,71,39
87,11,2939,468,2471,172,2299,1389,910
87,12,315,51,264,19,245,129,116
87,13,566,88,478,25,453,257,196
87,14,2261,359,1902,153,1749,1055,694
87,15,509,53,456,30,426,265,161
87,16,264,38,226,19,207,148,59
87,17,370,35,335,30,305,172,133
87,18,596,106,490,30,460,308,152
87,19,2192,241,1951,124,1827,1094,733
87,20,1191,137,1054,97,957,618,339
87,21,1911,193,1718,124,1594,1079,515
87,22,115,10,105,7,98,76,22
87,23,146,12,134,10,124,90,34
87,24,710,91,619,31,588,404,184
87,25,602,51,551,37,514,324,190
87,26,256,54,202,18,184,104,80
87,27,1138,208,930,53,877,529,348
87,28,711,140,571,55,516,302,214
87,29,398,43,355,22,333,228,105
87,30,930,104,826,67,759,520,239
87,31,235,22,213,8,205,122,83
87,32,1348,234,1114,78,1036,648,388
87,33,573,57,516,40,476,325,151
87,34,436,77,359,34,325,225,100
87,35,454,63,391,40,351,206,145
87,36,498,70,428,58,370,237,133
87,37,198,23,175,12,163,111,52
87,38,1567,216,1351,105,1246,783,463
87,39,668,82,586,36,550,353,197
87,40,1180,182,998,53,945,605,340
87,41,1744,301,1443,118,1325,815,510
87,42,326,49,277,23,254,152,102
87,43,164,20,144,10,134,99,35
87,44,239,38,201,12,189,123,66
87,45,809,131,678,41,637,389,248
87,46,868,112,756,61,695,473,222
87,47,1352,228,1124,89,1035,673,362
87,48,3994,518,3476,230,3246,2091,1155
87,49,1076,167,909,67,842,505,337
87,50,6774,944,5830,397,5433,3255,2178
87,51,513,73,440,26,414,262,152
87,52,154,18,136,13,123,66,57
87,53,217,33,184,16,168,97,71
87,54,924,163,761,71,690,406,284
87,55,312,51,261,31,230,85,145
87,56,222,28,194,20,174,112,62
87,57,297,53,244,19,225,115,110
87,58,126,12,114,10,104,66,38
87,59,1440,272,1168,89,1079,537,542
87,60,558,86,472,38,434,272,162
87,61,322,62,260,19,241,145,96
87,62,295,32,263,24,239,165,74
87,63,863,79,784,45,739,455,284
87,64,1544,214,1330,83,1247,868,379
87,65,4762,655,4107,246,3861,2358,1503
87,66,867,129,738,55,683,447,236
87,67,455,83,372,39,333,215,118
87,68,403,68,335,28,307,171,136
87,69,131,29,102,5,97,52,45
87,70,701,80,621,35,586,377,209
87,71,624,68,556,35,521,368,153
87,72,405,53,352,25,327,216,111
87,73,318,45,273,27,246,161,85
87,74,232,29,203,10,193,140,53
87,75,6325,870,5455,335,5120,3302,1818
87,76,225,24,201,9,192,127,65
87,77,390,47,343,38,305,189,116
87,78,518,65,453,30,423,268,155
87,79,609,86,523,35,488,351,137
87,80,156,33,123,13,110,57,53
87,81,788,66,722,51,671,459,212
87,82,864,101,763,47,716,423,293
87,83,461,75,386,30,356,234,122
87,84,145,22,123,7,116,71,45
87,85,78149,14643,63506,3986,59520,38633,20887
87,86,894,141,753,71,682,441,241
87,87,428,106,322,20,302,176,126
87,88,836,109,727,62,665,402,263
87,89,1294,246,1048,59,989,552,437
87,90,257,47,210,15,195,109,86
87,91,343,53,290,26,264,166,98
87,92,382,63,319,25,294,202,92
87,93,252,42,210,10,200,149,51
87,94,370,44,326,30,296,194,102
87,95,659,108,551,29,522,331,191
87,96,717,133,584,43,541,342,199
87,97,662,97,565,36,529,288,241
87,99,268,28,240,27,213,135,78
87,100,219,26,193,19,174,93,81
87,101,88,9,79,5,74,33,41
87,103,1197,169,1028,79,949,627,322
87,104,459,37,422,29,393,286,107
87,105,749,115,634,35,599,447,152
87,106,1900,284,1616,133,1483,950,533
87,107,1212,167,1045,82,963,589,374
87,108,406,56,350,20,330,192,138
87,109,288,52,236,11,225,108,117
87,110,1780,220,1560,110,1450,900,550
87,111,1210,192,1018,72,946,642,304
87,112,485,73,412,26,386,252,134
87,113,4661,637,4024,301,3723,2610,1113
87,114,7760,889,6871,427,6444,3938,2506
87,115,145,16,129,4,125,68,57
87,116,897,112,785,59,726,447,279
87,117,809,117,692,42,650,429,221
87,118,975,160,815,65,750,494,256
87,119,899,120,779,43,736,473,263
87,120,448,58,390,30,360,227,133
87,121,409,77,332,30,302,175,127
87,122,887,121,766,46,720,479,241
87,123,120,14,106,3,103,70,33
87,124,320,30,290,14,276,194,82
87,125,3401,405,2996,213,2783,1854,929
87,126,2862,411,2451,180,2271,1490,781
87,127,506,77,429,38,391,296,95
87,128,371,54,317,31,286,175,111
87,129,686,56,630,51,579,347,232
87,130,146,24,122,9,113,82,31
87,131,696,105,591,42,549,399,150
87,132,92,18,74,4,70,57,13
87,133,432,57,375,36,339,205,134
87,134,121,21,100,4,96,79,17
87,135,693,82,611,58,553,320,233
87,136,241,53,188,12,176,95,81
87,137,112,20,92,8,84,62,22
87,138,435,90,345,16,329,222,107
87,139,349,54,295,19,276,148,128
87,140,1254,158,1096,83,1013,721,292
87,141,608,94,514,48,466,256,210
87,142,429,58,371,22,349,243,106
87,143,1543,188,1355,133,1222,838,384
87,144,356,32,324,27,297,207,90
87,145,187,24,163,11,152,102,50
87,146,894,125,769,53,716,432,284
87,147,54,8,46,1,45,29,16
87,148,713,65,648,53,595,360,235
87,149,294,46,248,17,231,154,77
87,150,684,68,616,49,567,359,208
87,151,387,60,327,23,304,204,100
87,152,1253,183,1070,104,966,629,337
87,153,301,46,255,19,236,167,69
87,154,8351,1350,7001,439,6562,4424,2138
87,155,160,14,146,10,136,80,56
87,156,1835,186,1649,116,1533,921,612
87,157,676,96,580,44,536,391,145
87,158,1073,183,890,60,830,508,322
87,159,299,58,241,14,227,154,73
87,160,372,70,302,26,276,154,122
87,161,3531,507,3024,216,2808,1902,906
87,162,155,19,136,8,128,100,28
87,163,86,17,69,3,66,40,26
87,164,436,41,395,36,359,238,121
87,165,95,7,88,9,79,42,37
87,166,702,76,626,45,581,388,193
87,167,445,52,393,30,363,250,113
87,168,856,126,730,49,681,405,276
87,169,654,56,598,49,549,371,178
87,170,313,61,252,18,234,165,69
87,172,177,19,158,10,148,82,66
87,173,434,63,371,42,329,211,118
87,174,1039,119,920,60,860,535,325
87,176,514,62,452,38,414,251,163
87,177,1299,163,1136,88,1048,670,378
87,178,2271,331,1940,153,1787,1163,624
87,179,208,37,171,10,161,74,87
87,180,476,82,394,50,344,213,131
87,181,708,122,586,46,540,376,164
87,182,1028,164,864,69,795,466,329
87,183,654,75,579,33,546,366,180
87,184,226,26,200,10,190,104,86
87,185,1322,157,1165,76,1089,712,377
87,186,257,38,219,14,205,134,71
87,187,5606,849,4757,341,4416,2734,1682
87,188,315,43,272,17,255,202,53
87,189,107,21,86,2,84,31,53
87,190,791,147,644,59,585,376,209
87,191,1411,206,1205,115,1090,652,438
87,192,1259,185,1074,68,1006,599,407
87,193,28,6,22,6,16,12,4
87,194,289,40,249,19,230,170,60
87,195,122,20,102,8,94,45,49
87,196,132,14,118,5,113,65,48
87,197,422,66,356,36,320,217,103
87,198,333,47,286,24,262,180,82
87,199,626,94,532,57,475,313,162
87,200,107,13,94,4,90,29,61
87,201,3304,311,2993,193,2800,1838,962
87,202,1515,160,1355,96,1259,843,416
87,203,1094,157,937,63,874,541,333
87,204,176,21,155,13,142,90,52
87,205,1712,222,1490,78,1412,881,531
87,206,146,25,121,11,110,59,51
88,1,55,5,50,6,44,21,23
88,2,54,5,49,7,42,19,23
88,3,68,15,53,7,46,20,26
88,4,128,17,111,7,104,22,82
88,5,190,31,159,21,138,48,90
88,6,245,30,215,19,196,74,122
88,7,63,22,41,2,39,7,32
88,8,100,16,84,9,75,30,45
88,9,2698,534,2164,253,1911,993,918
88,10,168,24,144,12,132,49,83
88,11,1219,163,1056,82,974,537,437
88,12,854,127,727,77,650,329,321
88,13,73,15,58,7,51,16,35
88,14,165,20,145,17,128,68,60
88,15,191,18,173,13,160,63,97
88,16,237,30,207,8,199,103,96
88,17,126,17,109,7,102,42,60
88,18,400,80,320,43,277,169,108
88,19,155,17,138,4,134,72,62
88,20,137,27,110,10,100,34,66
88,21,204,22,182,14,168,66,102
88,22,185,18,167,17,150,68,82
88,23,73,2,71,7,64,26,38
88,24,83,10,73,8,65,30,35
88,25,61,3,58,2,56,21,35
88,26,882,92,790,54,736,354,382
88,27,106,9,97,15,82,32,50
88,28,532,58,474,32,442,206,236
88,29,945,190,755,63,692,327,365
88,30,120,11,109,15,94,31,63
88,31,96,4,92,11,81,44,37
88,32,1012,178,834,71,763,350,413
88,33,294,54,240,22,218,94,124
88,35,127,27,100,24,76,30,46
88,36,74,13,61,7,54,26,28
88,37,731,116,615,29,586,263,323
88,38,28,5,23,4,19,7,12
88,39,252,27,225,20,205,122,83
88,40,234,28,206,22,184,73,111
88,41,86,6,80,9,71,25,46
88,42,68,8,60,2,58,19,39
88,43,106,15,91,3,88,38,50
88,44,479,71,408,51,357,152,205
88,45,77,5,72,8,64,20,44
88,46,114,25,89,17,72,38,34
88,47,135,22,113,9,104,56,48
88,48,825,137,688,56,632,240,392
88,49,97,9,88,13,75,36,39
88,50,221,30,191,13,178,110,68
88,51,103,9,94,8,86,62,24
88,52,95,23,72,3,69,33,36
88,53,135,24,111,4,107,46,61
88,54,307,56,251,25,226,92,134
88,55,102,13,89,11,78,32,46
88,56,88,15,73,4,69,30,39
88,57,93,9,84,13,71,45,26
88,58,82,12,70,4,66,32,34
88,59,337,69,268,25,243,133,110
88,60,24,2,22,2,20,14,6
88,61,282,46,236,24,212,93,119
88,62,103,22,81,4,77,42,35
88,63,113,5,108,9,99,40,59
88,64,95,19,76,7,69,25,44
88,65,321,58,263,31,232,103,129
88,66,43,4,39,2,37,8,29
88,68,675,93,582,70,512,256,256
88,69,111,12,99,3,96,44,52
88,70,133,23,110,12,98,53,45
88,71,53,10,43,9,34,14,20
88,73,150,13,137,11,126,65,61
88,74,47,9,38,1,37,18,19
88,75,3875,546,3329,292,3037,1264,1773
88,76,368,65,303,24,279,152,127
88,77,414,42,372,39,333,142,191
88,78,2053,387,1666,132,1534,804,730
88,79,1135,150,985,66,919,485,434
88,80,232,31,201,25,176,69,107
88,81,1124,199,925,75,850,396,454
88,82,626,113,513,54,459,216,243
88,83,192,25,167,12,155,74,81
88,84,329,36,293,26,267,153,114
88,85,167,38,129,13,116,58,58
88,86,480,88,392,36,356,182,174
88,87,2658,550,2108,137,1971,1018,953
88,88,537,72,465,35,430,161,269
88,89,503,106,397,40,357,193,164
88,90,2928,636,2292,183,2109,1148,961
88,91,351,49,302,37,265,133,132
88,92,515,116,399,39,360,165,195
88,93,56,13,43,5,38,18,20
88,94,1074,180,894,70,824,476,348
88,95,1165,182,983,55,928,501,427
88,96,129,30,99,12,87,55,32
88,97,32,6,26,3,23,11,12
88,98,708,99,609,40,569,266,303
88,99,1273,230,1043,66,977,514,463
88,100,40,2,38,3,35,22,13
88,101,905,163,742,56,686,384,302
88,102,84,14,70,4,66,13,53
88,103,69,6,63,11,52,16,36
88,104,175,29,146,10,136,73,63
88,105,215,44,171,12,159,86,73
88,106,827,148,679,54,625,283,342
88,107,46,9,37,3,34,8,26
88,108,440,77,363,44,319,125,194
88,109,564,64,500,46,454,199,255
88,110,148,11,137,8,129,32,97
88,111,292,40,252,23,229,103,126
88,112,400,63,337,33,304,157,147
88,113,123,15,108,9,99,52,47
88,114,2392,469,1923,125,1798,1067,731
88,115,1103,226,877,83,794,365,429
88,116,2762,556,2206,225,1981,1082,899
88,117,57,9,48,7,41,15,26
88,118,591,105,486,44,442,179,263
88,119,158,46,112,15,97,49,48
88,120,456,107,349,56,293,140,153
88,121,216,31,185,9,176,65,111
88,122,283,19,264,20,244,81,163
88,123,236,44,192,17,175,70,105
88,124,771,182,589,45,544,286,258
88,125,42,6,36,4,32,13,19
88,126,1181,198,983,83,900,502,398
88,127,51,5,46,1,45,17,28
88,128,208,26,182,14,168,89,79
88,129,100,15,85,2,83,33,50
88,130,166,24,142,6,136,41,95
88,131,230,44,186,22,164,70,94
88,132,1140,149,991,57,934,426,508
88,133,167,15,152,21,131,39,92
88,134,404,57,347,20,327,152,175
88,135,672,107,565,50,515,280,235
88,136,1208,150,1058,78,980,490,490
88,137,76,4,72,5,67,37,30
88,138,84,7,77,5,72,27,45
88,139,104,17,87,7,80,46,34
88,140,322,70,252,25,227,110,117
88,141,201,25,176,15,161,75,86
88,142,335,36,299,19,280,151,129
88,143,245,28,217,12,205,79,126
88,144,57,4,53,1,52,17,35
88,145,196,25,171,19,152,78,74
88,146,158,27,131,17,114,29,85
88,147,297,35,262,19,243,91,152
88,148,1583,254,1329,117,1212,534,678
88,149,38,6,32,1,31,14,17
88,150,211,45,166,15,151,63,88
88,151,809,145,664,55,609,255,354
88,152,219,34,185,9,176,67,109
88,153,241,30,211,20,191,81,110
88,154,121,27,94,8,86,32,54
88,155,104,7,97,9,88,48,40
88,156,108,11,97,13,84,47,37
88,157,699,99,600,30,570,233,337
88,158,2248,355,1893,171,1722,843,879
88,159,387,49,338,35,303,146,157
88,160,21227,4644,16583,961,15622,8464,7158
88,161,343,49,294,20,274,135,139
88,162,160,21,139,6,133,61,72
88,163,545,87,458,35,423,226,197
88,164,92,12,80,6,74,37,37
88,165,2022,355,1667,148,1519,662,857
88,166,207,24,183,14,169,87,82
88,167,200,24,176,11,165,74,91
88,168,96,12,84,6,78,22,56
88,169,217,29,188,24,164,90,74
88,170,653,119,534,53,481,241,240
88,171,51,2,49,7,42,12,30
88,172,201,25,176,13,163,91,72
88,173,359,49,310,12,298,155,143
88,174,118,12,106,13,93,43,50
88,175,369,44,325,20,305,134,171
88,176,437,89,348,24,324,166,158
88,177,448,55,393,42,351,168,183
88,178,1583,176,1407,110,1297,615,682
88,179,51,5,46,2,44,30,14
88,180,130,19,111,10,101,35,66
88,181,2254,512,1742,179,1563,805,758
88,182,176,28,148,15,133,78,55
88,183,263,46,217,17,200,94,106
88,184,369,60,309,33,276,115,161
88,185,118,13,105,10,95,43,52
88,186,44,5,39,3,36,14,22
88,187,45,9,36,4,32,8,24
88,188,1519,281,1238,122,1116,573,543
88,189,124,19,105,10,95,21,74
88,190,350,59,291,34,257,115,142
88,192,86,8,78,6,72,34,38
88,193,122,29,93,9,84,40,44
88,194,130,12,118,5,113,51,62
88,195,105,22,83,1,82,28,54
88,196,6662,1050,5612,362,5250,2767,2483
88,197,302,40,262,17,245,72,173
88,198,421,57,364,19,345,165,180
88,199,61,7,54,5,49,20,29
88,200,51,12,39,1,38,10,28
88,201,648,60,588,38,550,295,255
88,202,157,19,138,18,120,57,63
88,203,271,44,227,24,203,82,121
88,204,775,103,672,47,625,265,360
88,205,217,23,194,12,182,55,127
88,206,667,97,570,42,528,302,226
88,208,114,19,95,11,84,32,52
88,209,5912,1344,4568,361,4207,2296,1911
88,210,130,19,111,7,104,50,54
88,212,353,54,299,21,278,126,152
88,213,112,12,100,8,92,52,40
88,214,58,8,50,6,44,14,30
88,215,69,11,58,3,55,15,40
88,216,569,100,469,37,432,205,227
88,218,1778,375,1403,138,1265,678,587
88,219,117,12,105,9,96,32,64
88,220,39,4,35,3,32,14,18
88,221,202,47,155,11,144,74,70
88,222,148,17,131,5,126,50,76
88,223,129,28,101,10,91,40,51
88,224,300,50,250,37,213,104,109
88,225,1865,262,1603,145,1458,593,865
88,226,95,7,88,15,73,38,35
88,227,83,11,72,7,65,14,51
88,228,132,17,115,9,106,35,71
88,229,67,8,59,8,51,16,35
88,230,28,0,28,1,27,5,22
88,231,389,66,323,32,291,127,164
88,232,162,30,132,11,121,42,79
88,233,456,58,398,47,351,117,234
88,234,321,66,255,32,223,112,111
88,235,126,13,113,6,107,52,55
88,236,119,24,95,7,88,32,56
88,237,287,26,261,12,249,116,133
88,238,312,56,256,19,237,130,107
88,239,115,18,97,3,94,44,50
88,240,209,43,166,22,144,86,58
88,241,317,48,269,20,249,146,103
88,242,34,2,32,3,29,9,20
88,243,415,70,345,21,324,144,180
88,244,418,95,323,25,298,135,163
88,245,234,49,185,18,167,79,88
88,246,372,49,323,24,299,194,105
88,247,936,164,772,85,687,336,351
88,248,167,32,135,17,118,54,64
88,249,80,13,67,6,61,30,31
88,250,299,38,261,28,233,119,114
88,251,851,127,724,52,672,284,388
88,252,118,14,104,2,102,49,53
88,253,554,57,497,30,467,189,278
88,254,79,14,65,5,60,34,26
88,255,72,5,67,2,65,15,50
88,256,222,33,189,15,174,76,98
88,257,133,12,121,11,110,49,61
88,258,756,153,603,52,551,300,251
88,259,271,33,238,23,215,81,134
88,260,150,17,133,7,126,61,65
88,261,497,74,423,35,388,212,176
88,262,468,88,380,36,344,182,162
88,263,194,23,171,22,149,72,77
88,264,50,4,46,10,36,11,25
88,265,27,4,23,1,22,4,18
88,266,657,123,534,34,500,242,258
88,267,392,52,340,28,312,146,166
88,268,124,21,103,7,96,54,42
88,269,257,33,224,18,206,139,67
88,270,1675,262,1413,90,1323,610,713
88,271,249,62,187,23,164,85,79
88,272,74,8,66,3,63,33,30
88,273,369,38,331,25,306,141,165
88,274,75,14,61,1,60,25,35
88,275,184,40,144,15,129,51,78
88,276,358,56,302,27,275,135,140
88,277,97,20,77,3,74,22,52
88,278,80,13,67,7,60,22,38
88,279,62,4,58,6,52,26,26
88,280,85,12,73,8,65,38,27
88,281,295,52,243,17,226,100,126
88,282,28,7,21,3,18,4,14
88,283,77,15,62,13,49,21,28
88,284,518,89,429,35,394,196,198
88,285,256,17,239,19,220,110,110
88,286,66,15,51,0,51,19,32
88,287,84,20,64,8,56,26,30
88,288,14,0,14,0,14,6,8
88,289,672,133,539,69,470,234,236
88,290,104,33,71,7,64,23,41
88,291,115,18,97,3,94,26,68
88,292,528,83,445,32,413,253,160
88,293,200,27,173,8,165,79,86
88,294,211,30,181,16,165,78,87
88,295,188,20,168,12,156,87,69
88,296,91,18,73,5,68,22,46
88,297,116,10,106,8,98,44,54
88,298,49,7,42,7,35,12,23
88,299,132,17,115,7,108,35,73
88,300,119,9,110,8,102,43,59
88,301,239,37,202,7,195,80,115
88,302,944,158,786,69,717,323,394
88,303,178,26,152,9,143,83,60
88,304,3752,888,2864,192,2672,1550,1122
88,305,178,17,161,15,146,70,76
88,306,60,10,50,6,44,14,30
88,307,99,18,81,9,72,33,39
88,308,198,24,174,16,158,55,103
88,309,133,13,120,10,110,44,66
88,310,640,80,560,33,527,224,303
88,311,44,3,41,3,38,14,24
88,312,165,28,137,16,121,76,45
88,313,361,94,267,23,244,97,147
88,314,130,25,105,14,91,44,47
88,315,136,22,114,10,104,29,75
88,316,33,2,31,3,28,6,22
88,317,537,106,431,50,381,207,174
88,318,171,32,139,16,123,71,52
88,319,2496,612,1884,196,1688,868,820
88,320,714,85,629,44,585,275,310
88,321,4755,971,3784,248,3536,1809,1727
88,322,362,50,312,32,280,114,166
88,324,264,28,236,28,208,136,72
88,325,134,16,118,15,103,46,57
88,326,256,34,222,13,209,70,139
88,327,1631,336,1295,111,1184,697,487
88,328,468,78,390,31,359,152,207
88,330,139,23,116,6,110,46,64
88,331,41,5,36,3,33,11,22
88,332,205,33,172,10,162,78,84
88,333,89,10,79,9,70,26,44
88,334,231,26,205,19,186,69,117
88,335,119,12,107,8,99,47,52
88,336,73,16,57,3,54,12,42
88,337,166,23,143,12,131,62,69
88,338,75,13,62,11,51,26,25
88,340,394,66,328,22,306,121,185
88,341,395,55,340,33,307,156,151
88,342,127,16,111,7,104,43,61
88,343,116,19,97,10,87,39,48
88,344,158,25,133,14,119,49,70
88,345,68,5,63,7,56,37,19
88,346,619,131,488,39,449,272,177
88,347,86,10,76,5,71,27,44
88,348,116,18,98,7,91,38,53
88,349,1392,317,1075,130,945,543,402
88,350,69,15,54,4,50,14,36
88,351,1290,184,1106,72,1034,466,568
88,352,211,32,179,9,170,56,114
88,353,71,7,64,3,61,29,32
88,354,103,14,89,12,77,35,42
88,355,876,195,681,42,639,299,340
88,356,193,35,158,26,132,62,70
88,357,617,83,534,37,497,266,231
88,358,1388,231,1157,154,1003,478,525
88,359,72,3,69,3,66,35,31
88,360,145,21,124,11,113,64,49
88,361,647,95,552,55,497,243,254
88,362,110,24,86,8,78,25,53
88,363,142,27,115,10,105,41,64
88,364,131,16,115,9,106,30,76
88,365,121,11,110,5,105,52,53
88,366,234,33,201,14,187,84,103
88,367,3887,932,2955,236,2719,1359,1360
88,368,149,29,120,11,109,51,58
88,369,1475,247,1228,141,1087,473,614
88,370,57,1,56,2,54,18,36
88,371,993,150,843,71,772,360,412
88,372,4865,1278,3587,271,3316,1744,1572
88,373,147,15,132,12,120,78,42
88,374,19,2,17,1,16,2,14
88,375,366,52,314,29,285,110,175
88,376,233,22,211,24,187,88,99
88,377,122,20,102,11,91,35,56
88,378,70,7,63,5,58,31,27
88,379,279,47,232,13,219,101,118
88,380,173,24,149,17,132,76,56
88,381,178,22,156,14,142,85,57
88,382,47,5,42,6,36,13,23
88,383,5853,1539,4314,277,4037,1955,2082
88,385,410,62,348,24,324,175,149
88,386,375,51,324,30,294,116,178
88,387,160,15,145,17,128,57,71
88,388,103,15,88,7,81,36,45
88,389,61,2,59,6,53,11,42
88,390,111,29,82,4,78,35,43
88,391,542,76,466,34,432,225,207
88,392,27,2,25,1,24,9,15
88,393,248,31,217,18,199,94,105
88,394,44,8,36,4,32,8,24
88,395,270,35,235,10,225,112,113
88,398,78,17,61,2,59,25,34
88,399,150,17,133,12,121,49,72
88,400,265,36,229,21,208,111,97
88,401,392,67,325,19,306,138,168
88,402,181,33,148,10,138,62,76
88,403,154,17,137,9,128,60,68
88,404,69,10,59,3,56,35,21
88,406,84,3,81,12,69,31,38
88,407,140,21,119,11,108,53,55
88,408,2682,480,2202,254,1948,979,969
88,409,1713,279,1434,120,1314,644,670
88,410,239,39,200,30,170,68,102
88,411,76,15,61,8,53,28,25
88,412,372,53,319,21,298,129,169
88,413,13980,2907,11073,778,10295,5436,4859
88,415,2685,471,2214,169,2045,1027,1018
88,416,77,14,63,5,58,13,45
88,417,284,36,248,20,228,116,112
88,418,372,82,290,24,266,130,136
88,419,123,22,101,9,92,37,55
88,421,112,21,91,10,81,19,62
88,423,992,178,814,81,733,346,387
88,424,1897,273,1624,156,1468,664,804
88,425,124,16,108,11,97,43,54
88,426,1122,187,935,100,835,397,438
88,427,105,10,95,13,82,35,47
88,428,1698,349,1349,89,1260,538,722
88,429,3146,410,2736,201,2535,1087,1448
88,430,407,71,336,23,313,142,171
88,431,97,15,82,10,72,31,41
88,432,143,26,117,15,102,29,73
88,433,65,6,59,3,56,23,33
88,434,182,28,154,12,142,69,73
88,435,402,60,342,38,304,148,156
88,436,78,8,70,7,63,45,18
88,437,81,9,72,3,69,27,42
88,438,306,41,265,34,231,112,119
88,439,686,71,615,47,568,288,280
88,440,168,14,154,12,142,55,87
88,441,88,20,68,10,58,23,35
88,442,506,75,431,35,396,197,199
88,443,90,12,78,10,68,16,52
88,444,276,49,227,19,208,97,111
88,445,1731,262,1469,156,1313,644,669
88,446,190,32,158,16,142,86,56
88,447,2226,448,1778,146,1632,854,778
88,448,146,17,129,11,118,46,72
88,449,175,34,141,8,133,68,65
88,450,188,41,147,14,133,58,75
88,451,1754,345,1409,111,1298,720,578
88,452,114,24,90,6,84,49,35
88,453,33,1,32,5,27,10,17
88,454,215,30,185,7,178,76,102
88,455,108,21,87,8,79,23,56
88,456,96,17,79,9,70,40,30
88,457,119,20,99,10,89,50,39
88,458,194,26,168,7,161,83,78
88,459,55,5,50,4,46,14,32
88,460,471,78,393,39,354,137,217
88,461,171,40,131,11,120,46,74
88,462,1562,232,1330,148,1182,569,613
88,463,1384,340,1044,108,936,456,480
88,464,410,51,359,33,326,144,182
88,465,5836,1313,4523,365,4158,2247,1911
88,466,144,26,118,12,106,51,55
88,467,512,111,401,42,359,184,175
88,468,2501,565,1936,172,1764,834,930
88,469,80,9,71,5,66,40,26
88,470,1253,206,1047,90,957,476,481
88,471,125,28,97,6,91,43,48
88,472,122,14,108,6,102,53,49
88,473,106,14,92,17,75,38,37
88,474,50,5,45,2,43,9,34
88,475,94,14,80,5,75,22,53
88,476,96,11,85,6,79,63,16
88,477,99,13,86,3,83,21,62
88,478,56,5,51,1,50,21,29
88,479,186,33,153,10,143,62,81
88,480,173,36,137,9,128,60,68
88,481,1069,162,907,89,818,402,416
88,482,53,10,43,7,36,12,24
88,483,1769,256,1513,134,1379,687,692
88,484,929,166,763,68,695,324,371
88,485,109,12,97,8,89,49,40
88,486,3186,505,2681,218,2463,1170,1293
88,487,3465,622,2843,252,2591,1047,1544
88,488,203,24,179,15,164,76,88
88,489,224,27,197,15,182,110,72
88,490,144,29,115,17,98,52,46
88,491,79,10,69,7,62,26,36
88,492,106,21,85,10,75,20,55
88,493,22,0,22,0,22,6,16
88,494,101,20,81,8,73,41,32
88,495,149,20,129,11,118,57,61
88,496,115,7,108,4,104,41,63
88,497,385,64,321,13,308,127,181
88,498,821,127,694,76,618,272,346
88,499,130,16,114,12,102,61,41
88,500,764,116,648,63,585,264,321
88,501,77,17,60,4,56,13,43
88,502,123,9,114,12,102,67,35
88,503,141,15,126,8,118,55,63
88,504,150,27,123,16,107,35,72
88,505,105,8,97,11,86,41,45
88,506,277,26,251,21,230,96,134
88,507,195,19,176,21,155,74,81
88,508,364,55,309,41,268,118,150
88,509,98,9,89,11,78,30,48
88,510,166,28,138,10,128,71,57
88,511,82,17,65,12,53,37,16
88,512,175,25,150,10,140,52,88
88,513,1670,293,1377,93,1284,753,531
88,514,127,19,108,6,102,38,64
88,515,148,25,123,12,111,55,56
88,516,4418,889,3529,211,3318,1559,1759
88,517,140,16,124,7,117,59,58
88,518,25,2,23,2,21,4,17
88,519,523,71,452,33,419,176,243
88,520,233,46,187,28,159,78,81
88,521,247,36,211,15,196,89,107
88,522,52,4,48,8,40,17,23
88,523,134,17,117,7,110,60,50
88,524,263,44,219,28,191,84,107
88,525,106,13,93,2,91,46,45
88,526,325,64,261,28,233,100,133
88,527,125,32,93,6,87,36,51
88,528,137,29,108,6,102,37,65
88,529,75,14,61,4,57,23,34
88,530,2080,391,1689,153,1536,693,843
88,531,1376,250,1126,84,1042,472,570
88,532,83,8,75,5,70,24,46
89,1,338,46,292,17,275,162,113
89,2,67,7,60,3,57,18,39
89,3,1100,229,871,44,827,328,499
89,4,210,30,180,15,165,100,65
89,5,721,141,580,49,531,276,255
89,6,169,37,132,15,117,55,62
89,7,393,72,321,21,300,181,119
89,8,141,32,109,4,105,48,57
89,9,266,31,235,16,219,106,113
89,10,230,41,189,18,171,50,121
89,11,109,8,101,4,97,22,75
89,12,103,16,87,6,81,35,46
89,13,2405,396,2009,115,1894,851,1043
89,14,452,64,388,38,350,151,199
89,15,389,71,318,28,290,167,123
89,16,85,23,62,3,59,28,31
89,17,211,44,167,7,160,64,96
89,18,530,103,427,33,394,166,228
89,19,159,29,130,10,120,55,65
89,20,139,19,120,19,101,59,42
89,21,276,28,248,12,236,139,97
89,22,116,11,105,9,96,38,58
89,23,822,135,687,38,649,324,325
89,24,22080,5104,16976,977,15999,8689,7310
89,25,4957,1215,3742,256,3486,1960,1526
89,27,169,16,153,12,141,59,82
89,28,63,12,51,7,44,19,25
89,29,559,96,463,40,423,189,234
89,30,330,71,259,20,239,117,122
89,31,455,84,371,29,342,165,177
89,32,85,16,69,5,64,18,46
89,33,273,35,238,21,217,98,119
89,34,347,46,301,17,284,90,194
89,35,338,68,270,27,243,114,129
89,36,207,26,181,17,164,85,79
89,37,415,74,341,27,314,117,197
89,38,89,8,81,4,77,26,51
89,39,72,11,61,7,54,21,33
89,40,168,18,150,7,143,60,83
89,41,259,47,212,25,187,74,113
89,42,192,35,157,7,150,70,80
89,43,95,7,88,9,79,45,34
89,44,114,32,82,10,72,26,46
89,45,239,36,203,20,183,77,106
89,46,1119,202,917,71,846,369,477
89,48,243,51,192,12,180,65,115
89,49,30,1,29,0,29,25,4
89,50,659,109,550,44,506,266,240
89,51,407,64,343,29,314,129,185
89,53,347,67,280,25,255,122,133
89,54,567,107,460,34,426,167,259
89,55,1968,508,1460,137,1323,678,645
89,56,465,44,421,32,389,161,228
89,57,249,26,223,14,209,96,113
89,58,126,16,110,3,107,64,43
89,59,607,107,500,49,451,197,254
89,60,281,51,230,10,220,71,149
89,61,226,38,188,15,173,54,119
89,62,248,37,211,13,198,109,89
89,63,561,110,451,29,422,168,254
89,64,37,3,34,6,28,11,17
89,65,44,7,37,4,33,15,18
89,66,723,128,595,38,557,201,356
89,67,892,190,702,68,634,254,380
89,68,1575,281,1294,90,1204,479,725
89,69,415,73,342,17,325,126,199
89,70,52,9,43,3,40,12,28
89,71,96,11,85,13,72,32,40
89,72,230,42,188,16,172,57,115
89,73,851,135,716,52,664,261,403
89,74,1602,333,1269,91,1178,584,594
89,75,531,61,470,42,428,188,240
89,76,597,92,505,47,458,166,292
89,77,1144,184,960,74,886,375,511
89,78,494,74,420,23,397,158,239
89,79,566,90,476,40,436,168,268
89,80,441,54,387,28,359,140,219
89,81,90,10,80,4,76,27,49
89,83,1352,169,1183,72,1111,536,575
89,84,226,28,198,14,184,88,96
89,85,892,169,723,69,654,356,298
89,86,1270,252,1018,73,945,313,632
89,87,241,43,198,10,188,91,97
89,88,351,56,295,19,276,108,168
89,89,141,23,118,12,106,49,57
89,91,484,71,413,25,388,170,218
89,92,211,40,171,7,164,64,100
89,93,426,62,364,35,329,152,177
89,94,456,95,361,30,331,108,223
89,95,131,19,112,8,104,20,84
89,96,659,95,564,39,525,257,268
89,97,119,17,102,7,95,32,63
89,98,152,18,134,8,126,73,53
89,99,1720,456,1264,102,1162,651,511
89,100,1120,215,905,70,835,329,506
89,101,347,57,290,24,266,120,146
89,102,1642,209,1433,95,1338,691,647
89,103,259,49,210,19,191,83,108
89,104,267,38,229,18,211,68,143
89,105,325,41,284,16,268,140,128
89,107,223,25,198,13,185,80,105
89,108,259,40,219,9,210,79,131
89,109,48,5,43,5,38,7,31
89,111,226,34,192,20,172,69,103
89,112,150,25,125,6,119,49,70
89,113,447,79,368,19,349,133,216
89,115,124,28,96,15,81,30,51
89,116,266,33,233,23,210,101,109
89,117,124,13,111,4,107,39,68
89,118,544,76,468,33,435,234,201
89,119,367,64,303,32,271,117,154
89,120,139,27,112,3,109,22,87
89,122,412,75,337,24,313,138,175
89,123,194,32,162,9,153,45,108
89,124,879,153,726,67,659,265,394
89,125,579,90,489,41,448,235,213
89,126,45,0,45,6,39,6,33
89,127,482,58,424,28,396,151,245
89,128,91,20,71,6,65,31,34
89,129,341,44,297,20,277,155,122
89,130,559,89,470,31,439,252,187
89,131,215,27,188,13,175,52,123
89,132,146,18,128,5,123,53,70
89,133,261,59,202,13,189,64,125
89,134,263,39,224,14,210,78,132
89,136,543,91,452,25,427,171,256
89,137,335,43,292,15,277,163,114
89,138,263,41,222,8,214,75,139
89,139,867,167,700,51,649,278,371
89,141,105,15,90,4,86,48,38
89,142,728,134,594,32,562,220,342
89,143,247,35,212,22,190,83,107
89,144,589,87,502,32,470,163,307
89,145,361,48,313,28,285,143,142
89,146,78,7,71,7,64,35,29
89,147,213,24,189,18,171,67,104
89,148,265,42,223,13,210,86,124
89,149,162,28,134,9,125,52,73
89,150,301,67,234,22,212,107,105
89,151,905,161,744,47,697,283,414
89,152,502,113,389,41,348,175,173
89,153,515,86,429,33,396,210,186
89,154,672,105,567,51,516,261,255
89,155,578,99,479,30,449,232,217
89,156,280,36,244,22,222,96,126
89,158,507,99,408,29,379,182,197
89,159,358,42,316,9,307,137,170
89,160,515,74,441,35,406,179,227
89,161,185,24,161,11,150,87,63
89,162,277,42,235,23,212,84,128
89,163,456,80,376,26,350,134,216
89,164,89,17,72,1,71,28,43
89,165,89,16,73,11,62,20,42
89,167,832,114,718,51,667,342,325
89,168,128,17,111,9,102,37,65
89,169,811,192,619,52,567,285,282
89,170,132,28,104,7,97,48,49
89,171,211,48,163,12,151,68,83
89,172,386,47,339,19,320,130,190
89,173,398,88,310,16,294,137,157
89,174,79,18,61,4,57,21,36
89,175,117,14,103,4,99,23,76
89,176,126,22,104,16,88,55,33
89,177,66,14,52,5,47,22,25
89,178,198,42,156,10,146,47,99
89,179,279,46,233,15,218,92,126
89,180,355,48,307,24,283,124,159
89,181,117,20,97,5,92,34,58
89,182,123,22,101,5,96,46,50
89,183,65,7,58,2,56,11,45
89,184,110,20,90,5,85,55,30
89,186,461,67,394,37,357,147,210
89,187,94,10,84,6,78,30,48
89,188,156,26,130,8,122,76,46
89,189,455,99,356,16,340,143,197
89,190,146,13,133,11,122,46,76
89,191,55,9,46,4,42,18,24
89,192,353,82,271,18,253,97,156
89,194,107,12,95,7,88,34,54
89,195,894,144,750,57,693,365,328
89,196,467,85,382,36,346,160,186
89,197,345,69,276,16,260,122,138
89,198,1298,230,1068,66,1002,508,494
89,199,355,64,291,23,268,147,121
89,200,310,35,275,19,256,112,144
89,201,1458,257,1201,102,1099,556,543
89,202,249,39,210,23,187,111,76
89,203,154,11,143,7,136,69,67
89,204,481,102,379,24,355,156,199
89,205,328,69,259,17,242,108,134
89,206,6200,1686,4514,254,4260,2057,2203
89,207,31,7,24,3,21,9,12
89,208,482,69,413,21,392,154,238
89,209,343,52,291,17,274,95,179
89,210,119,14,105,9,96,36,60
89,211,92,13,79,4,75,52,23
89,212,360,57,303,17,286,148,138
89,213,236,20,216,19,197,78,119
89,214,154,26,128,3,125,45,80
89,215,153,12,141,13,128,58,70
89,216,247,51,196,14,182,76,106
89,217,95,9,86,3,83,20,63
89,218,941,144,797,64,733,386,347
89,219,116,17,99,11,88,26,62
89,220,321,44,277,12,265,109,156
89,221,296,54,242,14,228,81,147
89,222,209,36,173,15,158,64,94
89,223,571,69,502,33,469,220,249
89,224,134,18,116,5,111,60,51
89,225,64,6,58,3,55,25,30
89,226,155,25,130,5,125,46,79
89,227,885,176,709,44,665,296,369
89,228,931,118,813,54,759,363,396
89,229,323,44,279,15,264,110,154
89,230,346,54,292,23,269,110,159
89,232,272,44,228,27,201,93,108
89,233,176,12,164,3,161,96,65
89,234,110,21,89,4,85,42,43
89,235,698,98,600,33,567,249,318
89,236,850,116,734,50,684,284,400
89,237,411,92,319,31,288,155,133
89,238,405,75,330,23,307,193,114
89,239,1246,227,1019,71,948,381,567
89,240,263,41,222,20,202,80,122
89,241,157,30,127,8,119,37,82
89,242,529,91,438,28,410,166,244
89,243,117,12,105,6,99,46,53
89,244,80,12,68,6,62,39,23
89,245,540,87,453,32,421,188,233
89,246,321,56,265,25,240,118,122
89,247,254,60,194,3,191,73,118
89,248,55,6,49,6,43,20,23
89,249,73,14,59,9,50,15,35
89,250,146,35,111,11,100,50,50
89,251,365,74,291,19,272,168,104
89,252,146,19,127,11,116,41,75
89,253,178,27,151,8,143,76,67
89,254,445,61,384,19,365,143,222
89,255,822,145,677,45,632,271,361
89,256,320,29,291,20,271,115,156
89,257,4554,1111,3443,226,3217,1942,1275
89,259,102,17,85,7,78,37,41
89,260,144,14,130,11,119,68,51
89,261,200,37,163,19,144,37,107
89,262,173,39,134,11,123,59,64
89,263,2936,468,2468,161,2307,1078,1229
89,264,551,80,471,21,450,154,296
89,265,457,86,371,27,344,162,182
89,266,271,43,228,10,218,111,107
89,267,147,29,118,10,108,68,40
89,268,673,132,541,39,502,199,303
89,270,89,11,78,6,72,30,42
89,271,99,20,79,6,73,27,46
89,272,241,37,204,25,179,84,95
89,273,267,43,224,15,209,94,115
89,274,979,178,801,41,760,349,411
89,275,318,57,261,30,231,104,127
89,276,693,139,554,50,504,205,299
89,277,265,54,211,9,202,77,125
89,278,337,64,273,23,250,115,135
89,279,480,68,412,23,389,169,220
89,280,314,59,255,26,229,151,78
89,281,239,46,193,8,185,71,114
89,282,540,76,464,32,432,200,232
89,283,520,100,420,15,405,158,247
89,284,180,31,149,14,135,60,75
89,285,176,24,152,12,140,48,92
89,286,607,100,507,27,480,238,242
89,287,3293,755,2538,166,2372,1167,1205
89,288,150,11,139,17,122,46,76
89,289,222,42,180,19,161,79,82
89,290,43,8,35,7,28,14,14
89,291,250,35,215,5,210,102,108
89,292,183,41,142,9,133,45,88
89,294,267,49,218,16,202,95,107
89,295,958,108,850,46,804,351,453
89,296,111,21,90,2,88,63,25
89,297,95,10,85,8,77,34,43
89,298,446,91,355,21,334,98,236
89,299,48,2,46,3,43,22,21
89,300,74,21,53,6,47,20,27
89,302,179,25,154,13,141,63,78
89,303,245,25,220,13,207,71,136
89,304,502,68,434,26,408,205,203
89,306,290,25,265,6,259,132,127
89,307,576,112,464,38,426,236,190
89,308,157,28,129,9,120,48,72
89,309,2230,456,1774,160,1614,806,808
89,310,124,9,115,10,105,43,62
89,311,1057,159,898,65,833,421,412
89,312,185,28,157,16,141,65,76
89,313,408,72,336,19,317,115,202
89,314,150,11,139,13,126,66,60
89,315,131,26,105,4,101,38,63
89,316,194,35,159,16,143,72,71
89,317,228,42,186,11,175,75,100
89,318,610,115,495,32,463,217,246
89,319,388,67,321,27,294,161,133
89,320,65,10,55,5,50,19,31
89,321,594,110,484,23,461,243,218
89,323,133,39,94,3,91,37,54
89,324,595,85,510,28,482,186,296
89,325,75,5,70,4,66,20,46
89,326,740,112,628,40,588,228,360
89,327,285,43,242,19,223,90,133
89,328,330,47,283,23,260,116,144
89,329,90,8,82,14,68,21,47
89,330,157,27,130,14,116,65,51
89,331,302,67,235,18,217,96,121
89,332,618,97,521,47,474,241,233
89,333,156,30,126,7,119,47,72
89,334,396,73,323,24,299,133,166
89,335,290,42,248,11,237,108,129
89,336,265,39,226,16,210,107,103
89,337,854,162,692,36,656,239,417
89,338,2011,406,1605,106,1499,692,807
89,339,133,22,111,6,105,59,46
89,340,175,21,154,17,137,69,68
89,341,300,58,242,15,227,76,151
89,342,455,85,370,22,348,144,204
89,343,132,25,107,8,99,41,58
89,344,1178,159,1019,47,972,435,537
89,345,2863,671,2192,126,2066,1128,938
89,346,2564,297,2267,106,2161,937,1224
89,347,326,51,275,20,255,90,165
89,348,1614,315,1299,84,1215,571,644
89,349,333,42,291,26,265,120,145
89,350,218,39,179,7,172,82,90
89,351,340,50,290,12,278,142,136
89,352,242,25,217,23,194,82,112
89,353,297,46,251,20,231,74,157
89,354,1141,202,939,81,858,428,430
89,355,118,20,98,13,85,44,41
89,356,43,3,40,2,38,24,14
89,358,334,53,281,23,258,103,155
89,359,330,49,281,16,265,117,148
89,360,253,41,212,11,201,98,103
89,361,184,31,153,9,144,65,79
89,362,147,35,112,10,102,38,64
89,363,98,17,81,1,80,34,46
89,364,315,54,261,10,251,177,74
89,365,418,68,350,28,322,124,198
89,366,156,26,130,11,119,45,74
89,367,485,80,405,24,381,225,156
89,368,710,139,571,45,526,274,252
89,369,365,55,310,18,292,118,174
89,370,1023,177,846,53,793,369,424
89,371,88,14,74,8,66,26,40
89,373,505,72,433,37,396,140,256
89,374,72,12,60,8,52,20,32
89,375,86,10,76,4,72,39,33
89,376,141,22,119,10,109,40,69
89,377,63,10,53,7,46,17,29
89,378,561,79,482,29,453,235,218
89,379,129,20,109,3,106,42,64
89,380,360,42,318,10,308,82,226
89,381,115,16,99,8,91,39,52
89,382,1165,211,954,60,894,432,462
89,383,107,12,95,4,91,52,39
89,384,595,116,479,41,438,167,271
89,385,96,18,78,4,74,45,29
89,386,77,12,65,6,59,22,37
89,387,16045,4658,11387,654,10733,5319,5414
89,388,322,57,265,14,251,104,147
89,390,368,48,320,13,307,133,174
89,391,892,139,753,60,693,299,394
89,392,214,25,189,17,172,77,95
89,393,101,22,79,1,78,26,52
89,394,89,19,70,7,63,38,25
89,395,348,97,251,12,239,89,150
89,397,291,65,226,17,209,95,114
89,398,335,64,271,19,252,81,171
89,399,1251,217,1034,82,952,404,548
89,400,303,46,257,19,238,121,117
89,402,173,31,142,17,125,40,85
89,403,100,10,90,10,80,45,35
89,404,371,68,303,21,282,129,153
89,405,255,31,224,8,216,109,107
89,406,67,8,59,3,56,31,25
89,407,894,133,761,61,700,328,372
89,408,258,53,205,20,185,74,111
89,409,68,6,62,3,59,28,31
89,410,90,10,80,2,78,30,48
89,411,415,92,323,29,294,129,165
89,412,100,15,85,6,79,45,34
89,413,47,8,39,3,36,10,26
89,414,1121,195,926,68,858,359,499
89,415,147,15,132,14,118,49,69
89,416,428,94,334,19,315,149,166
89,417,102,22,80,4,76,25,51
89,418,3070,731,2339,142,2197,1238,959
89,419,1984,400,1584,120,1464,751,713
89,420,789,147,642,52,590,280,310
89,421,66,9,57,3,54,22,32
89,422,40,10,30,1,29,14,15
89,423,152,29,123,5,118,51,67
89,424,108,16,92,3,89,56,33
89,425,541,82,459,30,429,174,255
89,426,266,33,233,26,207,114,93
89,427,503,75,428,29,399,184,215
89,428,418,63,355,18,337,140,197
89,429,200,29,171,7,164,76,88
89,430,213,41,172,11,161,64,97
89,431,69,5,64,10,54,31,23
89,432,411,69,342,21,321,160,161
89,433,272,20,252,29,223,84,139
89,434,238,42,196,24,172,70,102
89,436,595,95,500,47,453,206,247
89,437,261,45,216,17,199,92,107
89,438,1352,209,1143,80,1063,506,557
89,439,980,176,804,70,734,335,399
89,440,333,60,273,11,262,114,148
89,441,891,153,738,49,689,325,364
89,442,165,19,146,10,136,74,62
89,443,1491,327,1164,99,1065,448,617
89,445,47,6,41,2,39,17,22
89,446,345,62,283,15,268,139,129
89,447,146,22,124,9,115,69,46
89,448,90,12,78,13,65,15,50
89,449,1198,194,1004,76,928,416,512
89,450,509,93,416,27,389,155,234
89,451,187,16,171,12,159,51,108
89,452,314,61,253,24,229,98,131
89,453,717,85,632,40,592,279,313
89,454,471,82,389,26,363,139,224
89,456,446,74,372,24,348,169,179
89,457,215,30,185,11,174,106,68
89,458,177,29,148,9,139,66,73
89,459,213,41,172,18,154,52,102
89,460,1941,272,1669,113,1556,786,770
89,461,856,188,668,40,628,283,345
89,462,236,39,197,15,182,83,99
89,463,203,25,178,19,159,73,86
89,464,3618,827,2791,227,2564,1108,1456
89,465,237,45,192,14,178,90,88
89,466,249,28,221,12,209,109,100
89,467,552,99,453,31,422,175,247
89,468,337,73,264,20,244,100,144
89,469,748,131,617,29,588,228,360
89,470,120,15,105,6,99,43,56
89,471,343,47,296,24,272,113,159
89,472,362,59,303,29,274,122,152
89,473,413,65,348,21,327,132,195
89,474,234,63,171,15,156,55,101
89,475,91,18,73,9,64,15,49
89,477,71,13,58,3,55,27,28
89,478,739,144,595,49,546,286,260
89,479,278,57,221,17,204,102,102
89,480,978,173,805,61,744,322,422
89,481,106,34,72,8,64,38,26
89,482,128,22,106,9,97,26,71
89,483,347,49,298,35,263,102,161
89,484,245,24,221,10,211,89,122
89,485,163,15,148,9,139,67,72
89,486,154,25,129,13,116,41,75
90,1,1001,185,816,70,746,362,384
90,2,259,31,228,10,218,111,107
90,3,497,64,433,36,397,184,213
90,4,314,36,278,29,249,94,155
90,5,376,55,321,28,293,145,148
90,6,260,47,213,19,194,134,60
90,7,234,19,215,14,201,98,103
90,8,2932,448,2484,164,2320,1290,1030
90,9,3764,803,2961,212,2749,1456,1293
90,10,26669,6539,20130,1293,18837,10687,8150
90,11,271,33,238,12,226,100,126
90,12,811,84,727,50,677,306,371
90,13,177,24,153,13,140,52,88
90,14,285,42,243,26,217,93,124
90,15,226,31,195,13,182,91,91
90,16,109,13,96,7,89,42,47
90,17,1093,226,867,84,783,387,396
90,18,261,39,222,12,210,90,120
90,19,187,28,159,16,143,58,85
90,20,272,32,240,30,210,84,126
90,21,240,29,211,16,195,77,118
90,22,2065,295,1770,129,1641,791,850
90,23,794,137,657,55,602,311,291
90,24,135,15,120,14,106,52,54
90,25,272,51,221,23,198,89,109
90,26,1121,142,979,76,903,372,531
90,27,108,17,91,12,79,36,43
90,28,294,35,259,20,239,113,126
90,29,1467,278,1189,78,1111,560,551
90,30,156,30,126,10,116,36,80
90,31,237,24,213,25,188,93,95
90,32,2312,433,1879,135,1744,843,901
90,33,3942,841,3101,209,2892,1641,1251
90,34,586,76,510,32,478,216,262
90,35,475,72,403,29,374,176,198
90,36,241,28,213,18,195,71,124
90,37,773,122,651,59,592,302,290
90,39,2603,558,2045,133,1912,950,962
90,41,1172,198,974,81,893,480,413
90,42,1838,268,1570,97,1473,752,721
90,43,414,65,349,44,305,105,200
90,44,187,27,160,13,147,74,73
90,45,557,95,462,42,420,207,213
90,46,311,51,260,21,239,89,150
90,47,453,83,370,35,335,168,167
90,48,107,13,94,9,85,50,35
90,49,664,112,552,54,498,234,264
90,50,171,19,152,13,139,70,69
90,51,357,69,288,28,260,103,157
90,52,2316,571,1745,192,1553,810,743
90,53,1946,323,1623,134,1489,657,832
90,54,408,46,362,31,331,181,150
90,55,255,37,218,30,188,83,105
90,56,954,152,802,60,742,280,462
90,57,604,82,522,46,476,226,250
90,58,339,57,282,36,246,117,129
90,59,212,30,182,7,175,83,92
90,60,101,12,89,6,83,35,48
90,61,45,5,40,2,38,21,17
90,62,218,32,186,16,170,82,88
90,63,364,59,305,22,283,126,157
90,64,208,41,167,15,152,63,89
90,65,926,128,798,89,709,330,379
90,66,191,33,158,12,146,56,90
90,67,341,56,285,27,258,98,160
90,68,641,99,542,32,510,257,253
90,69,1008,210,798,90,708,343,365
90,70,313,38,275,21,254,118,136
90,71,745,101,644,44,600,274,326
90,72,759,150,609,46,563,249,314
90,73,263,35,228,32,196,97,99
90,74,192,29,163,22,141,55,86
90,75,2654,653,2001,142,1859,1041,818
90,76,807,96,711,45,666,295,371
90,77,234,22,212,13,199,85,114
90,78,137,14,123,23,100,47,53
90,79,234,33,201,14,187,94,93
90,80,297,37,260,16,244,97,147
90,81,603,108,495,47,448,140,308
90,82,229,29,200,19,181,81,100
90,83,75,4,71,7,64,17,47
90,84,283,39,244,24,220,91,129
90,85,82,11,71,11,60,25,35
90,86,171,18,153,10,143,45,98
90,87,637,87,550,26,524,181,343
90,88,805,112,693,73,620,316,304
90,89,935,134,801,58,743,345,398
90,90,298,32,266,31,235,102,133
90,91,443,45,398,29,369,159,210
90,93,682,99,583,48,535,236,299
90,94,380,39,341,20,321,136,185
90,95,340,58,282,39,243,95,148
90,96,217,33,184,11,173,68,105
90,97,917,138,779,79,700,316,384
90,98,190,18,172,16,156,77,79
90,99,3538,553,2985,227,2758,1436,1322
90,100,185,25,160,17,143,63,80
90,101,172,29,143,11,132,61,71
90,102,575,61,514,69,445,212,233
90,103,480,72,408,36,372,161,211
90,104,741,85,656,50,606,242,364
90,105,118,23,95,3,92,36,56
91,1,230,30,200,12,188,67,121
91,16,2401,435,1966,134,1832,829,1003
91,17,1029,165,864,51,813,412,401
91,21,5931,1330,4601,261,4340,2163,2177
91,22,99,10,89,4,85,33,52
91,27,16820,3288,13532,708,12824,7570,5254
91,35,271,44,227,14,213,116,97
91,37,239,39,200,20,180,56,124
91,38,915,140,775,49,726,356,370
91,41,569,71,498,28,470,204,266
91,44,2354,270,2084,84,2000,790,1210
91,45,5001,976,4025,249,3776,1806,1970
91,47,886,153,733,43,690,292,398
91,64,3066,406,2660,131,2529,1080,1449
91,67,91,5,86,7,79,22,57
91,69,353,59,294,22,272,101,171
91,75,54,5,49,6,43,13,30
91,79,420,72,348,20,328,123,205
91,80,817,139,678,53,625,277,348
91,81,523,88,435,31,404,170,234
91,85,2818,534,2284,148,2136,1016,1120
91,86,6685,1069,5616,314,5302,2528,2774
91,93,485,64,421,21,400,188,212
91,95,1402,207,1195,67,1128,577,551
91,97,4387,801,3586,206,3380,1872,1508
91,98,281,45,236,12,224,87,137
91,99,2370,396,1974,127,1847,843,1004
91,100,492,90,402,35,367,151,216
91,103,14643,3067,11576,639,10937,6208,4729
91,105,5440,806,4634,254,4380,2098,2282
91,106,906,167,739,48,691,294,397
91,109,719,98,621,46,575,225,350
91,111,2292,305,1987,75,1912,988,924
91,112,108,10,98,6,92,34,58
91,114,17165,3425,13740,721,13019,6594,6425
91,115,2168,297,1871,119,1752,789,963
91,121,382,51,331,31,300,120,180
91,122,6660,960,5700,216,5484,3109,2375
91,129,2471,413,2058,133,1925,886,1039
91,130,915,152,763,40,723,330,393
91,131,304,32,272,15,257,122,135
91,132,808,146,662,36,626,338,288
91,135,1749,301,1448,92,1356,704,652
91,136,1602,288,1314,66,1248,598,650
91,137,236,28,208,10,198,87,111
91,145,67,7,60,3,57,22,35
91,148,101,12,89,11,78,38,40
91,156,1244,162,1082,69,1013,485,528
91,159,1122,162,960,75,885,462,423
91,161,10925,2060,8865,473,8392,4307,4085
91,174,22068,5744,16324,828,15496,9793,5703
91,175,1111,119,992,62,930,470,460
91,179,2936,563,2373,138,2235,997,1238
91,180,291,26,265,14,251,93,158
91,182,7623,1586,6037,255,5782,3758,2024
91,184,223,29,194,10,184,56,128
91,186,472,60,412,30,382,180,202
91,191,5928,1041,4887,276,4611,2546,2065
91,195,607,60,547,32,515,197,318
91,198,1050,133,917,41,876,407,469
91,200,6579,1233,5346,276,5070,2705,2365
91,201,18547,3298,15249,907,14342,7626,6716
91,204,616,108,508,31,477,223,254
91,207,3037,491,2546,144,2402,1315,1087
91,215,6680,1644,5036,272,4764,3174,1590
91,216,6799,1116,5683,320,5363,2642,2721
91,222,154,33,121,8,113,62,51
91,223,12787,2612,10175,583,9592,5481,4111
91,225,2315,369,1946,84,1862,716,1146
91,226,4765,801,3964,233,3731,1707,2024
91,228,25451,6266,19185,898,18287,13066,5221
91,232,2562,482,2080,121,1959,969,990
91,235,2904,635,2269,170,2099,1315,784
91,240,167,30,137,9,128,40,88
91,243,1284,200,1084,61,1023,485,538
91,244,816,88,728,30,698,328,370
91,247,366,53,313,29,284,133,151
91,248,115,15,100,10,90,42,48
91,249,2499,356,2143,113,2030,962,1068
91,272,15712,2253,13459,486,12973,6571,6402
91,273,531,68,463,34,429,217,212
91,274,865,99,766,30,736,319,417
91,275,1608,210,1398,48,1350,743,607
91,284,794,83,711,33,678,328,350
91,286,10809,3041,7768,334,7434,5508,1926
91,292,513,77,436,21,415,172,243
91,293,669,113,556,35,521,222,299
91,294,607,142,465,32,433,178,255
91,312,7208,1167,6041,273,5768,2856,2912
91,315,4376,693,3683,238,3445,1741,1704
91,318,1359,192,1167,46,1121,578,543
91,319,446,43,403,15,388,144,244
91,326,8709,1632,7077,373,6704,3948,2756
91,330,4014,708,3306,192,3114,1700,1414
91,332,978,149,829,47,782,357,425
91,333,2748,420,2328,149,2179,1079,1100
91,338,4834,694,4140,175,3965,2105,1860
91,339,4022,754,3268,163,3105,1393,1712
91,340,5273,847,4426,240,4186,2303,1883
91,345,13076,2434,10642,488,10154,5634,4520
91,347,4324,716,3608,180,3428,1503,1925
91,359,1951,427,1524,107,1417,550,867
91,363,5591,895,4696,226,4470,2156,2314
91,374,160,19,141,11,130,51,79
91,376,3660,550,3110,167,2943,1497,1446
91,377,25381,4659,20722,972,19750,12771,6979
91,378,205,27,178,15,163,63,100
91,386,9987,1859,8128,396,7732,3261,4471
91,390,2344,440,1904,131,1773,758,1015
91,393,423,55,368,34,334,109,225
91,399,152,22,130,6,124,38,86
91,405,3434,515,2919,159,2760,1091,1669
91,408,1008,137,871,53,818,343,475
91,411,1349,140,1209,40,1169,604,565
91,412,537,109,428,18,410,204,206
91,414,274,56,218,13,205,99,106
91,421,15269,2842,12427,723,11704,6195,5509
91,425,4379,842,3537,186,3351,1356,1995
91,432,7833,1307,6526,332,6194,2798,3396
91,433,3461,658,2803,177,2626,1125,1501
91,434,13663,2717,10946,602,10344,5587,4757
91,435,457,41,416,20,396,107,289
91,441,351,54,297,13,284,126,158
91,457,3158,466,2692,172,2520,1370,1150
91,458,3014,415,2599,124,2475,1172,1303
91,461,2889,413,2476,119,2357,1047,1310
91,463,716,84,632,42,590,231,359
91,468,1129,180,949,57,892,375,517
91,469,729,127,602,33,569,241,328
91,471,10840,1597,9243,422,8821,5056,3765
91,473,178,25,153,11,142,51,91
91,477,19968,3582,16386,750,15636,9359,6277
91,479,5077,1088,3989,247,3742,1642,2100
91,482,409,28,381,22,359,159,200
91,494,2711,403,2308,104,2204,1026,1178
91,495,240,30,210,12,198,70,128
91,507,258,40,218,7,211,70,141
91,508,221,22,199,10,189,70,119
91,511,1418,274,1144,71,1073,507,566
91,514,4992,889,4103,215,3888,2172,1716
91,519,322,35,287,19,268,102,166
91,521,15209,3264,11945,605,11340,6664,4676
91,525,851,105,746,44,702,305,397
91,526,73,9,64,5,59,19,40
91,533,1155,164,991,60,931,421,510
91,534,2406,304,2102,96,2006,930,1076
91,538,598,65,533,11,522,269,253
91,540,3406,531,2875,150,2725,1268,1457
91,544,372,44,328,23,305,102,203
91,546,825,146,679,37,642,264,378
91,547,322,46,276,17,259,128,131
91,549,20585,3779,16806,940,15866,8802,7064
91,552,5155,860,4295,272,4023,2068,1955
91,553,5291,741,4550,184,4366,1744,2622
91,556,294,33,261,10,251,120,131
91,560,203,32,171,3,168,75,93
91,568,1257,203,1054,51,1003,406,597
91,570,12633,2366,10267,576,9691,5466,4225
91,573,5400,793,4607,244,4363,2273,2090
91,577,3826,612,3214,160,3054,1527,1527
91,578,297,32,265,15,250,94,156
91,579,2170,434,1736,78,1658,757,901
91,581,683,96,587,35,552,255,297
91,587,3549,463,3086,154,2932,1431,1501
91,589,22532,4156,18376,878,17498,9111,8387
91,593,1332,237,1095,71,1024,481,543
91,599,929,143,786,35,751,313,438
91,600,5374,901,4473,220,4253,1773,2480
91,602,221,20,201,13,188,102,86
91,613,169,20,149,8,141,64,77
91,617,1873,270,1603,77,1526,718,808
91,619,190,19,171,11,160,67,93
91,629,481,58,423,18,405,171,234
91,630,1087,158,929,31,898,416,482
91,631,1607,212,1395,65,1330,499,831
91,634,845,107,738,41,697,347,350
91,635,1520,186,1334,55,1279,583,696
91,639,638,114,524,21,503,236,267
91,645,12070,1749,10321,402,9919,4460,5459
91,648,1569,244,1325,78,1247,532,715
91,649,1902,306,1596,104,1492,746,746
91,654,508,72,436,35,401,145,256
91,657,16558,3570,12988,754,12234,7704,4530
91,659,3221,484,2737,153,2584,1444,1140
91,661,7029,1073,5956,302,5654,3070,2584
91,662,576,88,488,29,459,208,251
91,665,4435,809,3626,202,3424,1533,1891
91,666,1360,175,1185,54,1131,501,630
91,667,5025,776,4249,237,4012,2072,1940
91,671,477,67,410,27,383,171,212
91,679,850,69,781,29,752,423,329
91,685,2825,463,2362,149,2213,1104,1109
91,687,18492,3816,14676,817,13859,7330,6529
91,689,4763,840,3923,209,3714,1690,2024
91,691,20321,3627,16694,1050,15644,7930,7714
91,692,12848,2490,10358,495,9863,7055,2808
92,2,40240,6143,34097,1586,32511,16989,15522
92,4,45078,7965,37113,1429,35684,18655,17029
92,7,20577,4195,16382,728,15654,11158,4496
92,9,16756,3008,13748,607,13141,6265,6876
92,12,67629,11051,56578,2025,54553,20089,34464
92,14,13304,1969,11335,433,10902,5689,5213
92,19,17895,2822,15073,757,14316,8308,6008
92,20,21672,3615,18057,732,17325,9603,7722
92,22,12785,2053,10732,455,10277,5085,5192
92,23,34151,5501,28650,1270,27380,14520,12860
92,24,29241,6073,23168,958,22210,14867,7343
92,25,44746,8475,36271,1433,34838,20382,14456
92,26,50575,9527,41048,1678,39370,17476,21894
92,32,15234,2790,12444,510,11934,6985,4949
92,33,12388,1986,10402,405,9997,3423,6574
92,35,17302,2975,14327,653,13674,5729,7945
92,36,20990,4770,16220,758,15462,11850,3612
92,40,41994,8151,33843,1548,32295,16686,15609
92,44,39523,6219,33304,1154,32150,11791,20359
92,46,18865,3800,15065,590,14475,10234,4241
92,47,1084,104,980,29,951,208,743
92,48,30598,5278,25320,925,24395,12273,12122
92,49,27879,4753,23126,868,22258,12961,9297
92,50,44340,9083,35257,1617,33640,23282,10358
92,51,37057,4383,32674,657,32017,5058,26959
92,60,18774,3079,15695,745,14950,7203,7747
92,62,28241,4967,23274,1020,22254,10474,11780
92,63,52387,8351,44036,1727,42309,18298,24011
92,64,19006,2699,16307,527,15780,4748,11032
92,71,14378,2262,12116,403,11713,5572,6141
92,72,14855,2358,12497,522,11975,5769,6206
92,73,26469,4257,22212,935,21277,10048,11229
92,75,17516,2584,14932,567,14365,8107,6258
92,76,6099,962,5137,161,4976,1313,3663
92,77,7161,809,6352,228,6124,2116,4008
92,78,12332,3034,9298,486,8812,5914,2898
93,1,26195,7212,18983,806,18177,13238,4939
93,5,43172,10199,32973,1420,31553,19784,11769
93,6,17309,4243,13066,567,12499,9045,3454
93,7,24512,6176,18336,860,17476,11589,5887
93,8,21085,5837,15248,624,14624,11223,3401
93,10,24585,5700,18885,854,18031,12267,5764
93,13,6411,1421,4990,231,4759,2743,2016
93,14,10178,2739,7439,282,7157,5158,1999
93,15,3446,564,2882,178,2704,1126,1578
93,27,14433,3468,10965,466,10499,7906,2593
93,29,34690,9181,25509,1327,24182,14961,9221
93,30,5294,1481,3813,222,3591,2504,1087
93,31,23901,6150,17751,760,16991,11718,5273
93,32,22185,4477,17708,887,16821,8859,7962
93,33,4461,616,3845,170,3675,1543,2132
93,39,3450,775,2675,100,2575,2004,571
93,45,13349,2271,11078,428,10650,6497,4153
93,46,23530,4807,18723,1006,17717,9112,8605
93,47,13100,3035,10065,460,9605,5310,4295
93,48,53950,13071,40879,1511,39368,29856,9512
93,49,13026,2734,10292,487,9805,5208,4597
93,50,18295,3649,14646,771,13875,8992,4883
93,51,34865,7007,27858,1235,26623,15566,11057
93,53,19563,4760,14803,668,14135,9402,4733
93,55,23693,5228,18465,710,17755,12673,5082
93,57,11405,2281,9124,434,8690,4375,4315
93,59,11500,2962,8538,311,8227,6081,2146
93,61,8344,1545,6799,264,6535,4573,1962
93,62,10174,1869,8305,337,7968,3016,4952
93,63,13019,3130,9889,438,9451,6360,3091
93,64,22648,5054,17594,932,16662,9326,7336
93,66,40849,11080,29769,1207,28562,22216,6346
93,70,21562,5611,15951,677,15274,11246,4028
93,71,22472,5098,17374,829,16545,11405,5140
93,72,15849,4447,11402,626,10776,7920,2856
93,73,20554,4740,15814,894,14920,9408,5512
93,74,3927,837,3090,195,2895,1437,1458
93,77,15255,2461,12794,611,12183,5915,6268
93,78,19112,5144,13968,620,13348,8617,4731
93,79,5577,1481,4096,157,3939,3081,858
94,1,3041,537,2504,140,2364,1151,1213
94,2,23501,4535,18966,855,18111,11220,6891
94,3,11784,2887,8897,495,8402,5853,2549
94,4,8479,1677,6802,359,6443,3923,2520
94,11,8981,2131,6850,377,6473,4284,2189
94,15,10932,1798,9134,467,8667,3774,4893
94,16,16178,3024,13154,617,12537,8100,4437
94,17,41191,8911,32280,1468,30812,19440,11372
94,18,19278,3409,15869,624,15245,7439,7806
94,19,10302,1874,8428,384,8044,3911,4133
94,21,9947,1689,8258,421,7837,4810,3027
94,22,19467,3492,15975,770,15205,9922,5283
94,28,48431,9667,38764,1614,37150,22894,14256
94,33,31688,6154,25534,1076,24458,15155,9303
94,34,15006,3523,11483,480,11003,6917,4086
94,37,9652,2077,7575,348,7227,5255,1972
94,38,18830,3544,15286,686,14600,8731,5869
94,41,27904,5899,22005,908,21097,15534,5563
94,42,11999,2322,9677,433,9244,4821,4423
94,43,14269,3222,11047,466,10581,6798,3783
94,44,11181,2164,9017,484,8533,4933,3600
94,46,33938,5985,27953,1449,26504,13482,13022
94,47,3104,517,2587,114,2473,1096,1377
94,48,3867,606,3261,140,3121,1236,1885
94,52,22189,4545,17644,633,17011,7291,9720
94,53,3164,460,2704,139,2565,1246,1319
94,54,11016,2363,8653,402,8251,5629,2622
94,55,6362,1037,5325,273,5052,1807,3245
94,56,1763,278,1485,80,1405,623,782
94,58,22020,4260,17760,650,17110,7563,9547
94,59,11345,1929,9416,459,8957,4150,4807
94,60,7303,1411,5892,296,5596,2953,2643
94,65,3956,502,3454,174,3280,1586,1694
94,67,14677,2685,11992,414,11578,4495,7083
94,68,49327,7354,41973,1726,40247,16194,24053
94,69,8537,1692,6845,280,6565,3131,3434
94,70,2508,340,2168,70,2098,694,1404
94,71,16997,2806,14191,690,13501,6333,7168
94,73,16004,2872,13132,621,12511,6517,5994
94,74,5936,1428,4508,228,4280,3113,1167
94,75,6431,990,5441,294,5147,2229,2918
94,76,28268,6565,21703,964,20739,14165,6574
94,77,10259,2167,8092,471,7621,4528,3093
94,78,14139,3765,10374,527,9847,6507,3340
94,79,16282,3359,12923,618,12305,6842,5463
94,80,31573,4979,26594,1016,25578,12856,12722
94,81,44959,10598,34361,1489,32872,22216,10656
95,2,675,75,600,40,560,244,316
95,8,567,78,489,23,466,212,254
95,11,305,42,263,13,250,101,149
95,12,157,15,142,9,133,44,89
95,14,1508,222,1286,50,1236,484,752
95,18,53835,12875,40960,1856,39104,25276,13828
95,19,7625,1443,6182,274,5908,2929,2979
95,23,495,81,414,14,400,145,255
95,24,214,32,182,8,174,73,101
95,26,1957,340,1617,105,1512,645,867
95,28,1217,217,1000,57,943,454,489
95,39,5126,702,4424,195,4229,2169,2060
95,40,631,89,542,28,514,185,329
95,42,1511,233,1278,83,1195,521,674
95,46,97,8,89,3,86,26,60
95,51,6436,1260,5176,263,4913,2051,2862
95,52,5261,945,4316,276,4040,2192,1848
95,54,162,22,140,9,131,59,72
95,55,298,47,251,16,235,90,145
95,56,1282,207,1075,77,998,381,617
95,58,1422,241,1181,86,1095,607,488
95,59,253,42,211,15,196,84,112
95,60,4568,860,3708,216,3492,1791,1701
95,61,325,40,285,14,271,116,155
95,63,14165,3116,11049,563,10486,6851,3635
95,74,554,71,483,17,466,175,291
95,78,1178,167,1011,60,951,441,510
95,88,423,97,326,18,308,123,185
95,91,4047,744,3303,151,3152,1799,1353
95,94,179,22,157,13,144,50,94
95,101,608,111,497,42,455,226,229
95,102,289,46,243,15,228,67,161
95,110,167,19,148,9,139,60,79
95,116,2309,403,1906,127,1779,994,785
95,119,227,31,196,15,181,74,107
95,120,1467,216,1251,57,1194,585,609
95,127,29744,6560,23184,980,22204,15067,7137
95,134,3421,744,2677,146,2531,1172,1359
95,139,224,37,187,13,174,77,97
95,141,15,2,13,1,12,6,6
95,142,1186,168,1018,63,955,506,449
95,144,56,5,51,3,48,12,36
95,149,2679,473,2206,137,2069,868,1201
95,150,435,52,383,31,352,145,207
95,151,229,41,188,12,176,76,100
95,154,189,22,167,10,157,61,96
95,157,156,12,144,6,138,50,88
95,166,302,44,258,15,243,107,136
95,169,301,28,273,12,261,118,143
95,170,378,50,328,14,314,124,190
95,176,14784,2717,12067,598,11469,5478,5991
95,177,746,118,628,32,596,210,386
95,181,217,20,197,11,186,65,121
95,183,4196,605,3591,178,3413,1843,1570
95,197,14433,3136,11297,523,10774,5642,5132
95,199,9688,1759,7929,411,7518,3533,3985
95,203,16164,3133,13031,663,12368,6172,6196
95,205,4765,874,3891,182,3709,2027,1682
95,210,7735,1437,6298,231,6067,2230,3837
95,211,1515,188,1327,74,1253,504,749
95,212,68,13,55,3,52,19,33
95,213,524,49,475,25,450,171,279
95,214,47,7,40,1,39,12,27
95,218,10784,2089,8695,493,8202,4414,3788
95,219,17941,3763,14178,685,13493,7614,5879
95,229,6077,1092,4985,233,4752,2484,2268
95,241,1157,183,974,49,925,453,472
95,250,6169,1266,4903,314,4589,2697,1892
95,252,20798,4137,16661,882,15779,8174,7605
95,253,358,40,318,14,304,131,173
95,254,398,60,338,20,318,123,195
95,256,1985,333,1652,84,1568,702,866
95,257,3208,498,2710,125,2585,1240,1345
95,258,305,22,283,16,267,117,150
95,259,70,4,66,4,62,23,39
95,268,15770,3661,12109,535,11574,8405,3169
95,270,444,73,371,20,351,132,219
95,271,390,49,341,17,324,122,202
95,277,14132,3638,10494,515,9979,5843,4136
95,280,15371,3559,11812,582,11230,7434,3796
95,282,130,17,113,7,106,40,66
95,287,453,34,419,28,391,150,241
95,288,5084,864,4220,198,4022,1964,2058
95,295,157,17,140,7,133,46,87
95,298,401,49,352,13,339,116,223
95,301,223,39,184,15,169,64,105
95,303,152,21,131,4,127,42,85
95,304,231,18,213,11,202,74,128
95,306,17612,3331,14281,732,13549,6836,6713
95,308,423,37,386,18,368,151,217
95,309,175,26,149,5,144,61,83
95,313,7620,982,6638,309,6329,2512,3817
95,316,212,33,179,10,169,74,95
95,323,11075,2192,8883,445,8438,5094,3344
95,328,448,71,377,8,369,134,235
95,331,131,22,109,11,98,49,49
95,341,296,37,259,23,236,92,144
95,348,413,52,361,16,345,143,202
95,351,6205,1496,4709,271,4438,2450,1988
95,352,2956,453,2503,135,2368,1034,1334
95,353,1098,180,918,55,863,376,487
95,355,3704,699,3005,171,2834,1392,1442
95,365,435,53,382,23,359,130,229
95,369,2012,246,1766,80,1686,666,1020
95,370,2148,336,1812,103,1709,728,981
95,371,4071,743,3328,209,3119,1670,1449
95,379,161,12,149,5,144,46,98
95,387,59,12,47,9,38,11,27
95,388,3753,677,3076,196,2880,1585,1295
95,392,3396,617,2779,158,2621,1249,1372
95,394,6102,1083,5019,249,4770,2447,2323
95,395,631,105,526,30,496,197,299
95,409,730,102,628,46,582,235,347
95,422,325,39,286,10,276,136,140
95,424,10865,2372,8493,384,8109,4913,3196
95,426,1904,270,1634,71,1563,536,1027
95,427,7510,1596,5914,246,5668,3410,2258
95,428,12919,1959,10960,356,10604,4451,6153
95,429,334,37,297,16,281,117,164
95,430,2497,347,2150,81,2069,1030,1039
95,436,966,128,838,47,791,363,428
95,438,89,8,81,2,79,34,45
95,445,453,61,392,15,377,176,201
95,446,1461,210,1251,56,1195,518,677
95,447,157,16,141,10,131,57,74
95,450,1167,138,1029,55,974,420,554
95,452,684,123,561,30,531,235,296
95,456,456,51,405,22,383,151,232
95,459,547,58,489,26,463,199,264
95,462,237,24,213,10,203,80,123
95,476,10045,1794,8251,431,7820,3828,3992
95,480,4020,660,3360,156,3204,1436,1768
95,483,389,46,343,19,324,143,181
95,487,5476,1235,4241,251,3990,2511,1479
95,488,4674,933,3741,200,3541,1872,1669
95,489,492,63,429,25,404,137,267
95,491,5301,783,4518,248,4270,1808,2462
95,492,40,3,37,2,35,4,31
95,493,117,9,108,5,103,42,61
95,500,16708,3894,12814,583,12231,6874,5357
95,504,2658,344,2314,124,2190,1002,1188
95,509,2431,494,1937,127,1810,892,918
95,510,330,50,280,12,268,133,135
95,523,309,50,259,16,243,110,133
95,527,1708,376,1332,79,1253,561,692
95,529,607,73,534,24,510,214,296
95,535,912,158,754,44,710,309,401
95,539,8759,1815,6944,323,6621,2970,3651
95,541,550,150,400,21,379,170,209
95,543,165,23,142,12,130,44,86
95,554,754,113,641,41,600,269,331
95,555,13192,2738,10454,476,9978,5175,4803
95,563,10397,1610,8787,414,8373,4101,4272
95,566,1696,305,1391,69,1322,701,621
95,572,12233,2540,9693,469,9224,5692,3532
95,574,5343,896,4447,192,4255,1718,2537
95,580,1890,262,1628,48,1580,453,1127
95,582,16429,3257,13172,609,12563,6906,5657
95,584,486,45,441,24,417,217,200
95,585,28115,6625,21490,670,20820,12688,8132
95,592,941,119,822,59,763,309,454
95,594,739,98,641,31,610,273,337
95,598,11751,2418,9333,433,8900,4173,4727
95,604,2460,445,2015,143,1872,897,975
95,607,17918,3874,14044,716,13328,7013,6315
95,610,210,19,191,8,183,73,110
95,611,22,3,19,2,17,2,15
95,612,2369,430,1939,106,1833,912,921
95,625,936,133,803,40,763,357,406
95,627,491,64,427,12,415,170,245
95,628,1001,138,863,50,813,380,433
95,633,48,7,41,6,35,18,17
95,637,10824,2154,8670,512,8158,5082,3076
95,641,1613,384,1229,74,1155,609,546
95,651,622,90,532,30,502,207,295
95,652,3664,571,3093,194,2899,1282,1617
95,656,349,37,312,10,302,96,206
95,658,823,100,723,42,681,238,443
95,660,470,45,425,18,407,152,255
95,675,486,57,429,24,405,189,216
95,676,382,48,334,15,319,109,210
95,678,595,65,530,26,504,211,293
95,680,13274,3706,9568,394,9174,6246,2928
95,682,95,8,87,4,83,41,42
95,690,279,30,249,9,240,90,150
ZA,101,34513,12067,22446,1928,20518,15581,4937
ZA,102,4732,2140,2592,172,2420,1714,706
ZA,103,19602,6672,12930,943,11987,8296,3691
ZA,104,4734,1564,3170,267,2903,1829,1074
ZA,105,9142,3394,5748,472,5276,3399,1877
ZA,106,6258,2647,3611,259,3352,2668,684
ZA,107,14881,5397,9484,684,8800,6212,2588
ZA,108,3363,1694,1669,148,1521,1075,446
ZA,109,5400,1979,3421,330,3091,1968,1123
ZA,110,1585,701,884,33,851,564,287
ZA,111,3745,1341,2404,111,2293,1814,479
ZA,112,5109,2572,2537,146,2391,1765,626
ZA,113,19107,7426,11681,850,10831,7143,3688
ZA,114,4715,1904,2811,217,2594,1925,669
ZA,115,11632,4375,7257,475,6782,5310,1472
ZA,116,13263,5389,7874,514,7360,5966,1394
ZA,117,16746,6294,10452,803,9649,7389,2260
ZA,118,16043,6200,9843,650,9193,6456,2737
ZA,119,5937,2346,3591,251,3340,2528,812
ZA,120,13807,5152,8655,620,8035,5553,2482
ZA,121,6951,2981,3970,232,3738,2920,818
ZA,122,4938,2169,2769,156,2613,2211,402
ZA,124,7959,2750,5209,318,4891,3090,1801
ZA,125,10336,3096,7240,443,6797,4388,2409
ZA,126,3044,1629,1415,86,1329,1065,264
ZA,128,17897,7256,10641,731,9910,6817,3093
ZA,129,14133,5390,8743,576,8167,6324,1843
ZA,130,1352,609,743,26,717,583,134
ZA,131,1696,608,1088,26,1062,482,580
ZA,132,7156,2358,4798,389,4409,2940,1469
ZA,133,1512,530,982,51,931,750,181
ZA,134,6881,2237,4644,387,4257,3012,1245
ZB,201,1513,591,922,75,847,597,250
ZB,202,3499,1444,2055,65,1990,1481,509
ZB,203,3561,1334,2227,170,2057,1408,649
ZB,204,3083,1158,1925,97,1828,1217,611
ZB,205,3164,975,2189,164,2025,1232,793
ZB,206,4684,1851,2833,148,2685,1813,872
ZB,207,11772,4142,7630,590,7040,5031,2009
ZB,208,813,312,501,15,486,288,198
ZB,209,65769,29062,36707,3023,33684,23161,10523
ZB,210,15899,5986,9913,719,9194,6262,2932
ZB,211,839,311,528,13,515,407,108
ZB,212,8269,3415,4854,405,4449,3055,1394
ZB,213,24908,9581,15327,1217,14110,9493,4617
ZB,214,6719,2258,4461,343,4118,2929,1189
ZB,215,1174,479,695,18,677,298,379
ZB,216,3228,1240,1988,144,1844,1320,524
ZB,217,6584,2764,3820,246,3574,2646,928
ZB,218,4579,1791,2788,187,2601,1360,1241
ZB,219,1501,658,843,24,819,582,237
ZB,220,10827,5407,5420,525,4895,3819,1076
ZB,221,9342,3483,5859,496,5363,3680,1683
ZB,222,17408,6697,10711,913,9798,6507,3291
ZB,223,7454,3187,4267,260,4007,2734,1273
ZB,224,11689,4797,6892,540,6352,4036,2316
ZB,225,4019,1892,2127,147,1980,1309,671
ZB,226,4021,1793,2228,155,2073,1560,513
ZB,227,7124,2559,4565,311,4254,3009,1245
ZB,228,16910,6614,10296,799,9497,6877,2620
ZB,229,15721,5715,10006,719,9287,5774,3513
ZB,230,9868,3667,6201,459,5742,4172,1570
ZB,231,5501,1983,3518,183,3335,2147,1188
ZB,232,8126,3572,4554,296,4258,3027,1231
ZB,233,1639,566,1073,59,1014,569,445
ZB,234,1505,480,1025,67,958,727,231
ZC,301,627,374,253,9,244,138,106
ZC,302,22220,9823,12397,789,11608,7333,4275
ZC,303,958,458,500,17,483,251,232
ZC,304,8237,2931,5306,307,4999,2984,2015
ZC,305,4508,1809,2699,196,2503,1644,859
ZC,306,1661,750,911,33,878,606,272
ZC,307,9655,3747,5908,361,5547,3570,1977
ZC,308,1181,448,733,24,709,497,212
ZC,309,10051,3759,6292,350,5942,3630,2312
ZC,310,1714,634,1080,48,1032,566,466
ZC,311,7696,3510,4186,141,4045,2318,1727
ZC,312,1844,993,851,55,796,558,238
ZC,313,1039,490,549,31,518,309,209
ZC,314,59,29,30,0,30,26,4
ZC,352,128,75,53,1,52,38,14
ZC,353,1500,866,634,11,623,449,174
ZC,356,790,299,491,4,487,184,303
ZC,357,584,388,196,1,195,152,43
ZC,358,38,24,14,0,14,10,4
ZC,360,1108,669,439,7,432,345,87
ZC,361,528,192,336,5,331,195,136
ZC,362,963,720,243,1,242,77,165
ZD,401,7804,1667,6137,286,5851,4133,1718
ZD,402,8840,2429,6411,296,6115,4477,1638
ZD,403,5014,1110,3904,192,3712,2729,983
ZD,404,10506,2008,8498,458,8040,5503,2537
ZD,405,9552,2378,7174,404,6770,4890,1880
ZD,406,3877,957,2920,182,2738,1757,981
ZD,407,23512,6897,16615,817,15798,12875,2923
ZD,408,19112,4870,14242,640,13602,9735,3867
ZD,409,32267,9936,22331,1111,21220,15653,5567
ZD,410,25517,7969,17548,846,16702,12806,3896
ZD,411,92997,26804,66193,3134,63059,41796,21263
ZD,412,27381,5349,22032,1039,20993,16365,4628
ZD,413,22994,5611,17383,745,16638,12805,3833
ZD,414,37913,10778,27135,1601,25534,18661,6873
ZD,415,73206,19268,53938,2896,51042,36067,14975
ZD,416,57827,15861,41966,2188,39778,26796,12982
ZD,417,4480,1289,3191,122,3069,2397,672
ZD,418,21318,6142,15176,631,14545,10157,4388
ZD,419,5846,1733,4113,198,3915,3013,902
ZD,420,16301,4792,11509,490,11019,8469,2550
ZD,421,5653,1511,4142,138,4004,3052,952
ZD,422,55983,14436,41547,2457,39090,26794,12296
ZD,423,5593,1576,4017,174,3843,2904,939
ZD,424,4862,1590,3272,120,3152,2275,877
ZM,501,2406,836,1570,128,1442,709,733
ZM,502,3914,1850,2064,63,2001,1134,867
ZM,503,3628,1479,2149,41,2108,725,1383
ZM,504,3749,1780,1969,82,1887,618,1269
ZM,505,4081,1647,2434,152,2282,730,1552
ZM,506,3903,1564,2339,77,2262,1091,1171
ZM,507,2801,1160,1641,67,1574,903,671
ZM,508,5953,3417,2536,136,2400,1569,831
ZM,509,3691,1762,1929,73,1856,555,1301
ZM,510,5073,2601,2472,93,2379,1315,1064
ZM,511,13591,7285,6306,291,6015,3433,2582
ZM,512,5093,2663,2430,73,2357,971,1386
ZM,513,4175,2166,2009,102,1907,1089,818
ZM,514,3366,1708,1658,61,1597,781,816
ZM,515,3753,1708,2045,93,1952,1067,885
ZM,516,4976,2081,2895,89,2806,1370,1436
ZM,517,3391,1555,1836,39,1797,886,911
ZN,801,826,451,375,2,373,348,25
ZN,802,2347,699,1648,54,1594,400,1194
ZN,803,3753,1219,2534,97,2437,622,1815
ZN,804,3025,1612,1413,32,1381,1188,193
ZN,805,13337,4134,9203,305,8898,1803,7095
ZN,806,497,81,416,26,390,64,326
ZN,807,2051,755,1296,12,1284,1183,101
ZN,808,3189,1655,1534,46,1488,1168,320
ZN,809,1499,677,822,22,800,478,322
ZN,810,1373,739,634,1,633,427,206
ZN,811,3481,1215,2266,37,2229,1453,776
ZN,812,2454,737,1717,51,1666,517,1149
ZN,813,2800,751,2049,99,1950,631,1319
ZN,814,10232,6992,3240,17,3223,2651,572
ZN,815,6246,4700,1546,9,1537,1187,350
ZN,816,629,190,439,17,422,182,240
ZN,817,16557,5140,11417,438,10979,2711,8268
ZN,818,53964,15334,38630,1391,37239,8416,28823
ZN,819,1881,834,1047,38,1009,656,353
ZN,820,4297,3354,943,14,929,771,158
ZN,821,9613,2898,6715,234,6481,1548,4933
ZN,822,3811,1676,2135,41,2094,1614,480
ZN,823,2294,1113,1181,16,1165,951,214
ZN,824,2056,1221,835,7,828,761,67
ZN,825,1127,350,777,21,756,375,381
ZN,826,1201,556,645,5,640,460,180
ZN,827,2050,749,1301,28,1273,678,595
ZN,828,457,195,262,9,253,176,77
ZN,829,1968,1123,845,21,824,527,297
ZN,830,1790,852,938,19,919,721,198
ZN,831,1990,891,1099,26,1073,687,386
ZN,832,1546,848,698,6,692,528,164
ZN,833,997,427,570,18,552,357,195
ZP,11,562,239,323,4,319,211,108
ZP,12,7222,3112,4110,116,3994,1549,2445
ZP,13,1404,684,720,22,698,355,343
ZP,14,6560,2937,3623,73,3550,1597,1953
ZP,15,17271,7359,9912,316,9596,5705,3891
ZP,16,1237,482,755,16,739,360,379
ZP,17,264,91,173,1,172,86,86
ZP,18,513,171,342,4,338,195,143
ZP,19,698,266,432,8,424,130,294
ZP,20,1150,454,696,13,683,400,283
ZP,21,195,61,134,5,129,36,93
ZP,22,6934,3003,3931,96,3835,1893,1942
ZP,23,1721,557,1164,26,1138,664,474
ZP,24,4847,1996,2851,52,2799,1303,1496
ZP,25,11186,5321,5865,167,5698,2519,3179
ZP,26,1066,471,595,14,581,274,307
ZP,27,878,305,573,5,568,320,248
ZP,28,999,278,721,19,702,265,437
ZP,29,11721,5108,6613,188,6425,3239,3186
ZP,30,266,116,150,5,145,69,76
ZP,31,2541,1126,1415,28,1387,786,601
ZP,32,264,96,168,0,168,84,84
ZP,33,8161,2929,5232,159,5073,2417,2656
ZP,34,7382,3345,4037,128,3909,1925,1984
ZP,35,17950,7141,10809,7930,2879,1155,1724
ZP,36,10456,3979,6477,228,6249,1987,4262
ZP,37,118,46,72,3,69,29,40
ZP,38,16774,6154,10620,315,10305,4087,6218
ZP,39,870,349,521,13,508,363,145
ZP,40,2486,1014,1472,38,1434,719,715
ZP,41,385,64,321,1,320,82,238
ZP,42,437,137,300,8,292,129,163
ZP,43,708,169,539,13,526,266,260
ZP,44,1786,450,1336,18,1318,568,750
ZP,45,4173,1421,2752,58,2694,1370,1324
ZP,46,584,182,402,5,397,145,252
ZP,47,8914,4487,4427,138,4289,2131,2158
ZP,48,5228,2607,2621,65,2556,1280,1276
ZP,49,1253,448,805,20,785,402,383
ZP,50,3374,1150,2224,64,2160,1068,1092
ZP,51,173,39,134,1,133,32,101
ZP,52,6369,2857,3512,104,3408,1552,1856
ZP,53,1478,552,926,20,906,466,440
ZP,54,3008,1175,1833,58,1775,864,911
ZP,55,236,107,129,0,129,51,78
ZP,56,479,151,328,3,325,168,157
ZP,57,1559,551,1008,11,997,466,531
ZP,58,3098,1019,2079,45,2034,971,1063
ZS,501,485,132,353,32,321,184,137
ZS,502,4437,1399,3038,174,2864,1896,968
ZW,1,8942,2104,6838,69,6769,3795,2974
ZX,701,4871,1744,3127,93,3034,525,2509
ZX,801,17815,11035,6780,322,6458,3326,3132
ZZ,1,157958,97109,60849,1377,59472,27577,31895
ZZ,2,73812,50074,23738,439,23299,11095,12204
ZZ,3,89534,57361,32173,601,31572,16764,14808
ZZ,4,97710,46947,50763,1116,49647,23273,26374
ZZ,5,80802,49162,31640,715,30925,14411,16514
ZZ,6,107077,52767,54310,1337,52973,19978,32995
ZZ,7,89769,52319,37450,817,36633,20024,16609
ZZ,8,109896,78347,31549,411,31138,11550,19588
ZZ,9,98811,55036,43775,677,43098,26584,16514
ZZ,10,93085,44133,48952,1122,47830,21370,26460
ZZ,11,80125,40414,39711,1136,38575,16376,22199
