Code du département,Code du canton,Inscrits,Abstentions,Votants,Blancs et nuls,Exprimés,HOLLANDE,SARKOZY
1,1,14831,2794,12037,894,11143,5411,5732
1,2,11211,1602,9609,629,8980,3631,5349
1,3,10972,2247,8725,559,8166,4234,3932
1,4,12773,2026,10747,723,10024,4814,5210
1,5,8730,2104,6626,310,6316,3440,2876
1,6,2855,449,2406,178,2228,903,1325
1,7,6855,996,5859,386,5473,2534,2939
1,8,4756,709,4047,247,3800,1400,2400
1,9,3846,625,3221,225,2996,1419,1577
1,10,12912,2114,10798,629,10169,3739,6430
1,11,5120,766,4354,314,4040,1733,2307
1,12,6484,1240,5244,315,4929,2007,2922
1,13,17732,3346,14386,627,13759,5953,7806
1,14,17660,3353,14307,703,13604,4779,8825
1,15,3618,712,2906,224,2682,1242,1440
1,16,4049,641,3408,204,3204,1207,1997
1,17,14202,2450,11752,800,10952,4882,6070
1,18,4229,679,3550,270,3280,1419,1861
1,19,14799,2418,12381,724,11657,4563,7094
1,20,14622,2276,12346,699,11647,4862,6785
1,21,11824,1772,10052,735,9317,3614,5703
1,22,7812,1380,6432,383,6049,2504,3545
1,23,10066,2092,7974,453,7521,3358,4163
1,24,5039,835,4204,282,3922,1722,2200
1,25,9590,1348,8242,561,7681,3266,4415
1,26,6934,1230,5704,459,5245,2278,2967
1,27,9261,1405,7856,547,7309,2969,4340
1,28,3714,716,2998,204,2794,1359,1435
1,29,4472,785,3687,234,3453,1422,2031
1,30,10488,1665,8823,505,8318,2763,5555
1,31,4237,778,3459,218,3241,1657,1584
1,32,10727,1916,8811,555,8256,2802,5454
1,33,6079,895,5184,315,4869,2226,2643
1,34,12401,1929,10472,525,9947,4244,5703
1,35,7041,1083,5958,343,5615,2128,3487
1,36,3311,488,2823,197,2626,1380,1246
1,37,6809,1595,5214,239,4975,2626,2349
1,38,7790,1625,6165,293,5872,3195,2677
1,39,10315,1489,8826,505,8321,3635,4686
1,40,14588,2616,11972,590,11382,4890,6492
1,41,10268,2290,7978,384,7594,3575,4019
1,42,16233,2086,14147,737,13410,5176,8234
1,43,12611,1714,10897,589,10308,4372,5936
2,1,7648,1323,6325,427,5898,3307,2591
2,2,2489,400,2089,142,1947,797,1150
2,3,9778,1968,7810,551,7259,4113,3146
2,4,8274,1482,6792,508,6284,3010,3274
2,5,6065,1005,5060,413,4647,2059,2588
2,6,6168,1022,5146,399,4747,2340,2407
2,7,9850,1846,8004,615,7389,3231,4158
2,8,20333,4199,16134,1162,14972,7893,7079
2,9,17278,3649,13629,1041,12588,6719,5869
2,10,6413,1138,5275,414,4861,2107,2754
2,11,8577,1497,7080,518,6562,3445,3117
2,12,4241,605,3636,246,3390,1844,1546
2,13,5618,877,4741,289,4452,2725,1727
2,14,8534,1863,6671,446,6225,3467,2758
2,15,6578,1109,5469,509,4960,2385,2575
2,16,7576,1324,6252,389,5863,3294,2569
2,17,13849,3552,10297,718,9579,5432,4147
2,18,10475,2278,8197,538,7659,4348,3311
2,19,5281,835,4446,278,4168,2368,1800
2,20,6077,877,5200,367,4833,2342,2491
2,21,7243,1256,5987,433,5554,2647,2907
2,22,7363,1482,5881,442,5439,2496,2943
2,23,4789,848,3941,282,3659,1715,1944
2,24,4200,701,3499,261,3238,1523,1715
2,25,6420,1206,5214,375,4839,2643,2196
2,26,5676,1048,4628,267,4361,2249,2112
2,27,3352,481,2871,249,2622,1305,1317
2,28,11844,2573,9271,564,8707,4340,4367
2,29,8562,1449,7113,538,6575,3580,2995
2,30,7367,1361,6006,456,5550,2956,2594
2,31,15217,3485,11732,790,10942,5512,5430
2,32,7517,1212,6305,491,5814,2947,2867
2,33,7477,973,6504,417,6087,2926,3161
2,34,5968,988,4980,328,4652,2315,2337
2,35,7890,1275,6615,443,6172,2963,3209
2,36,10451,2142,8309,575,7734,3726,4008
2,37,4767,980,3787,323,3464,1936,1528
2,38,15825,3448,12377,791,11586,6458,5128
2,39,15585,3167,12418,765,11653,6023,5630
2,40,17490,3741,13749,914,12835,7594,5241
2,41,17109,4095,13014,735,12279,6200,6079
2,42,12859,3237,9622,647,8975,5980,2995
3,1,4824,676,4148,268,3880,2471,1409
3,2,4862,729,4133,319,3814,2044,1770
3,3,4188,615,3573,255,3318,1691,1627
3,4,5616,872,4744,348,4396,2515,1881
3,5,5996,1118,4878,332,4546,3173,1373
3,6,9470,1513,7957,578,7379,3998,3381
3,7,6744,1192,5552,439,5113,2984,2129
3,8,3895,598,3297,225,3072,1742,1330
3,9,3619,595,3024,222,2802,1578,1224
3,10,15557,2147,13410,957,12453,6023,6430
3,11,7472,1350,6122,445,5677,3073,2604
3,12,6860,943,5917,413,5504,3318,2186
3,13,6061,984,5077,426,4651,2945,1706
3,14,3453,540,2913,232,2681,1473,1208
3,15,7007,1163,5844,461,5383,2925,2458
3,16,3643,590,3053,222,2831,1563,1268
3,17,4768,692,4076,292,3784,2076,1708
3,18,3761,633,3128,273,2855,1449,1406
3,19,3807,532,3275,241,3034,1789,1245
3,20,10923,2281,8642,609,8033,4755,3278
3,21,9182,2116,7066,449,6617,4178,2439
3,22,5955,932,5023,357,4666,2754,1912
3,23,9748,2270,7478,411,7067,4024,3043
3,24,11045,2179,8866,549,8317,4780,3537
3,25,3961,582,3379,247,3132,1784,1348
3,26,8445,1455,6990,477,6513,3492,3021
3,27,5038,727,4311,268,4043,2397,1646
3,28,10640,1718,8922,733,8189,4801,3388
3,29,9040,2055,6985,394,6591,2752,3839
3,30,8567,2023,6544,400,6144,2952,3192
3,31,7436,1710,5726,380,5346,3406,1940
3,32,12189,2348,9841,688,9153,5362,3791
3,33,12669,1947,10722,671,10051,6264,3787
3,34,8922,1654,7268,564,6704,4401,2303
3,35,10848,1600,9248,779,8469,4683,3786
4,2,1888,260,1628,116,1512,716,796
4,3,2464,326,2138,124,2014,1083,931
4,4,5441,942,4499,272,4227,1769,2458
4,5,1228,182,1046,82,964,510,454
4,6,2040,281,1759,94,1665,828,837
4,7,2023,309,1714,84,1630,709,921
4,8,6903,1432,5471,365,5106,2733,2373
4,9,1228,182,1046,77,969,440,529
4,10,10744,1750,8994,513,8481,4498,3983
4,11,1624,208,1416,96,1320,758,562
4,12,1218,175,1043,66,977,503,474
4,13,8896,1678,7218,439,6779,3440,3339
4,14,8317,1398,6919,516,6403,3178,3225
4,15,1783,211,1572,96,1476,858,618
4,16,2139,261,1878,143,1735,855,880
4,17,1029,165,864,57,807,425,382
4,18,1181,164,1017,64,953,490,463
4,19,3067,477,2590,190,2400,1237,1163
4,20,2937,458,2479,116,2363,1242,1121
4,21,4294,684,3610,249,3361,1647,1714
4,22,1435,191,1244,111,1133,549,584
4,23,2548,337,2211,134,2077,1093,984
4,26,2544,389,2155,132,2023,1031,992
4,27,6764,1094,5670,383,5287,2705,2582
4,28,995,123,872,64,808,432,376
4,29,5224,835,4389,298,4091,1913,2178
4,30,8807,1324,7483,492,6991,3907,3084
4,31,9697,1532,8165,554,7611,4198,3413
4,32,6207,1150,5057,298,4759,2475,2284
4,33,9230,1796,7434,414,7020,3276,3744
5,1,1858,233,1625,87,1538,733,805
5,2,5359,912,4447,259,4188,2531,1657
5,3,1826,279,1547,140,1407,790,617
5,4,328,30,298,25,273,169,104
5,5,3777,454,3323,271,3052,1461,1591
5,6,3736,711,3025,184,2841,1590,1251
5,7,3839,529,3310,223,3087,1506,1581
5,8,8448,1433,7015,416,6599,3282,3317
5,9,4048,550,3498,233,3265,1582,1683
5,10,719,112,607,232,375,134,241
5,11,4966,785,4181,204,3977,1733,2244
5,12,4641,643,3998,296,3702,1888,1814
5,13,3165,509,2656,151,2505,1064,1441
5,14,1574,246,1328,74,1254,517,737
5,15,1001,119,882,68,814,492,322
5,16,1404,196,1208,239,969,571,398
5,17,1029,107,922,56,866,444,422
5,18,6245,824,5421,332,5089,2374,2715
5,19,892,171,721,28,693,297,396
5,20,1635,222,1413,100,1313,648,665
5,21,1642,218,1424,96,1328,677,651
5,22,2174,304,1870,135,1735,952,783
5,23,4780,659,4121,279,3842,1729,2113
5,24,3456,466,2990,204,2786,1755,1031
5,25,7593,1508,6085,409,5676,3184,2492
5,26,5772,1179,4593,249,4344,2133,2211
5,27,4653,872,3781,272,3509,1947,1562
5,28,2839,498,2341,146,2195,1124,1071
5,29,6229,1332,4897,286,4611,2343,2268
5,30,7247,1369,5878,331,5547,2785,2762
6,1,26029,4866,21163,977,20186,6827,13359
6,2,25190,4018,21172,981,20191,7333,12858
6,3,7996,2487,5509,225,5284,1636,3648
6,4,2831,541,2290,151,2139,1160,979
6,5,28034,5307,22727,1307,21420,6751,14669
6,6,18798,3915,14883,473,14410,3540,10870
6,7,12844,2308,10536,673,9863,4116,5747
6,8,2155,321,1834,115,1719,653,1066
6,9,7410,1305,6105,394,5711,2227,3484
6,10,22702,4175,18527,914,17613,6520,11093
6,11,2978,515,2463,150,2313,928,1385
6,12,16199,2476,13723,831,12892,4521,8371
6,13,17607,3361,14246,789,13457,4630,8827
6,14,11303,2451,8852,398,8454,3696,4758
6,15,12549,2669,9880,409,9471,3745,5726
6,16,21711,4599,17112,1055,16057,6767,9290
6,17,11182,2684,8498,298,8200,2932,5268
6,18,2606,409,2197,162,2035,959,1076
6,19,2892,469,2423,172,2251,994,1257
6,20,3596,627,2969,195,2774,1192,1582
6,21,2680,463,2217,158,2059,840,1219
6,22,2388,424,1964,109,1855,584,1271
6,23,1700,219,1481,88,1393,460,933
6,24,2811,455,2356,137,2219,916,1303
6,25,16428,2572,13856,786,13070,4500,8570
6,26,3447,661,2786,182,2604,1099,1505
6,27,2247,371,1876,149,1727,729,998
6,28,21167,3566,17601,873,16728,5892,10836
6,29,2713,447,2266,149,2117,863,1254
6,30,16099,3035,13064,590,12474,3260,9214
6,31,2301,436,1865,102,1763,721,1042
6,32,18535,3958,14577,714,13863,5802,8061
6,33,17187,3675,13512,684,12828,5136,7692
6,34,20773,4439,16334,677,15657,4785,10872
6,35,30293,6260,24033,1101,22932,8020,14912
6,36,29467,5495,23972,1283,22689,7636,15053
6,37,14917,2825,12092,577,11515,3946,7569
6,38,12858,2874,9984,463,9521,3519,6002
6,39,21887,4068,17819,849,16970,6082,10888
6,40,21301,4030,17271,710,16561,5351,11210
6,41,19474,3748,15726,841,14885,5863,9022
6,42,12678,2744,9934,444,9490,4124,5366
6,43,17232,3800,13432,723,12709,5654,7055
6,44,13884,3436,10448,556,9892,4742,5150
6,45,29329,5710,23619,1199,22420,6882,15538
6,46,33723,6296,27427,1262,26165,8634,17531
6,47,20023,3896,16127,756,15371,5018,10353
6,48,18717,3837,14880,681,14199,4403,9796
6,49,20371,4133,16238,719,15519,4785,10734
6,50,12335,2455,9880,561,9319,3842,5477
6,51,15633,3730,11903,653,11250,4707,6543
6,52,14283,2693,11590,622,10968,3195,7773
7,1,13755,2798,10957,756,10201,5241,4960
7,2,2510,400,2110,158,1952,1224,728
7,3,14754,2766,11988,747,11241,6176,5065
7,4,12216,2101,10115,717,9398,4396,5002
7,5,1244,221,1023,63,960,422,538
7,6,5270,812,4458,341,4117,2085,2032
7,7,7630,1203,6427,477,5950,3326,2624
7,8,1939,267,1672,139,1533,630,903
7,9,8090,1292,6798,445,6353,3603,2750
7,10,5250,685,4565,258,4307,2226,2081
7,11,6079,952,5127,327,4800,2711,2089
7,12,1811,250,1561,127,1434,662,772
7,13,14420,2696,11724,816,10908,6472,4436
7,14,6025,1069,4956,384,4572,2730,1842
7,15,3353,569,2784,182,2602,1420,1182
7,16,866,119,747,49,698,297,401
7,17,3152,433,2719,192,2527,1124,1403
7,18,2877,388,2489,154,2335,1274,1061
7,19,20450,2696,17754,1074,16680,7879,8801
7,20,2690,378,2312,171,2141,1267,874
7,21,6337,892,5445,512,4933,2456,2477
7,22,8844,1331,7513,530,6983,3360,3623
7,23,6282,1009,5273,353,4920,2928,1992
7,24,18005,2755,15250,966,14284,7233,7051
7,25,928,125,803,34,769,531,238
7,26,7045,1124,5921,418,5503,3031,2472
7,27,7263,1061,6202,360,5842,3559,2283
7,28,3315,428,2887,154,2733,1598,1135
7,29,7897,1004,6893,492,6401,3685,2716
7,30,10801,2017,8784,624,8160,4557,3603
7,31,11361,1973,9388,695,8693,4883,3810
7,32,11607,2113,9494,749,8745,4606,4139
7,33,9285,1494,7791,511,7280,3934,3346
8,1,4138,705,3433,240,3193,1298,1895
8,2,2379,387,1992,127,1865,809,1056
8,3,1624,265,1359,101,1258,445,813
8,4,6973,1492,5481,346,5135,2553,2582
8,5,8519,1764,6755,383,6372,3176,3196
8,6,2966,495,2471,137,2334,976,1358
8,7,2061,370,1691,105,1586,650,936
8,8,2077,380,1697,135,1562,656,906
8,9,8044,1339,6705,497,6208,3202,3006
8,10,4820,1128,3692,220,3472,2059,1413
8,11,9795,2134,7661,370,7291,4346,2945
8,12,1735,274,1461,105,1356,546,810
8,13,3777,544,3233,201,3032,1156,1876
8,14,1711,244,1467,96,1371,398,973
8,15,9017,2106,6911,424,6487,3449,3038
8,16,8767,1996,6771,497,6274,3857,2417
8,17,2084,304,1780,132,1648,610,1038
8,18,4452,789,3663,237,3426,1773,1653
8,19,3735,647,3088,261,2827,1195,1632
8,20,2009,313,1696,136,1560,652,908
8,21,2944,490,2454,164,2290,1132,1158
8,22,6010,902,5108,405,4703,2079,2624
8,23,9593,2021,7572,522,7050,3397,3653
8,24,5709,1234,4475,301,4174,2049,2125
8,25,3186,522,2664,208,2456,982,1474
8,26,7271,1540,5731,335,5396,2827,2569
8,27,9031,2104,6927,396,6531,3647,2884
8,28,3137,539,2598,204,2394,1118,1276
8,29,2790,568,2222,163,2059,1029,1030
8,30,1096,169,927,86,841,358,483
8,31,4527,818,3709,278,3431,1704,1727
8,32,8861,2030,6831,382,6449,3534,2915
8,33,9291,2747,6544,402,6142,3870,2272
8,34,6649,1487,5162,356,4806,3098,1708
8,35,5288,1523,3765,225,3540,2322,1218
8,36,10650,2227,8423,564,7859,4605,3254
8,37,9887,1945,7942,567,7375,4074,3301
9,1,2488,361,2127,126,2001,1273,728
9,2,1853,251,1602,103,1499,1072,427
9,3,2446,339,2107,140,1967,1371,596
9,4,2985,499,2486,157,2329,1634,695
9,5,6619,1106,5513,281,5232,3547,1685
9,6,4799,647,4152,253,3899,2444,1455
9,7,10244,1864,8380,666,7714,4783,2931
9,8,3444,549,2895,179,2716,1893,823
9,9,1924,367,1557,76,1481,1031,450
9,10,10247,1518,8729,570,8159,5115,3044
9,11,2743,439,2304,128,2176,1485,691
9,12,7637,1436,6201,419,5782,3470,2312
9,13,492,55,437,24,413,287,126
9,14,1821,233,1588,126,1462,945,517
9,15,7750,1301,6449,381,6068,4046,2022
9,16,5901,872,5029,338,4691,2995,1696
9,17,8106,1256,6850,510,6340,3689,2651
9,18,6728,913,5815,346,5469,3768,1701
9,19,7810,1188,6622,406,6216,4099,2117
9,20,1423,176,1247,66,1181,895,286
9,21,8871,1179,7692,501,7191,4966,2225
9,22,10026,1475,8551,619,7932,4658,3274
10,1,3979,655,3324,223,3101,1395,1706
10,2,7095,1222,5873,462,5411,1995,3416
10,3,8335,1756,6579,485,6094,2452,3642
10,4,7299,1316,5983,435,5548,2084,3464
10,5,8087,1108,6979,473,6506,2651,3855
10,6,5703,946,4757,401,4356,1722,2634
10,7,3709,596,3113,257,2856,1036,1820
10,8,1766,331,1435,101,1334,449,885
10,9,4290,678,3612,294,3318,1438,1880
10,10,3487,572,2915,184,2731,822,1909
10,11,4535,732,3803,282,3521,1540,1981
10,12,7304,1063,6241,432,5809,2255,3554
10,13,5220,897,4323,349,3974,1416,2558
10,14,7242,1162,6080,531,5549,2159,3390
10,15,2538,378,2160,120,2040,641,1399
10,16,7858,1564,6294,468,5826,2363,3463
10,17,3781,611,3170,230,2940,1066,1874
10,18,2901,505,2396,163,2233,592,1641
10,19,1858,274,1584,101,1483,329,1154
10,20,6755,1303,5452,389,5063,2294,2769
10,21,2220,341,1879,137,1742,510,1232
10,22,8035,1760,6275,386,5889,2898,2991
10,23,10130,1826,8304,563,7741,3481,4260
10,24,7717,1704,6013,308,5705,2644,3061
10,25,3937,657,3280,250,3030,1200,1830
10,26,2893,521,2372,185,2187,853,1334
10,27,6907,1761,5146,405,4741,2846,1895
10,28,11673,2389,9284,603,8681,3988,4693
10,29,11148,2091,9057,633,8424,3813,4611
10,30,5072,1111,3961,210,3751,1782,1969
10,31,13305,2929,10376,588,9788,4436,5352
10,32,10882,2244,8638,528,8110,3709,4401
10,33,5924,1407,4517,237,4280,2690,1590
11,1,3947,501,3446,250,3196,1937,1259
11,2,6574,851,5723,394,5329,2915,2414
11,3,1554,277,1277,75,1202,803,399
11,4,1788,278,1510,127,1383,786,597
11,5,1733,282,1451,108,1343,737,606
11,6,10039,1462,8577,566,8011,4737,3274
11,7,14213,2235,11978,760,11218,6317,4901
11,8,10138,1794,8344,550,7794,4468,3326
11,9,7304,1088,6216,466,5750,3158,2592
11,10,11294,1787,9507,652,8855,4732,4123
11,11,2540,408,2132,161,1971,1238,733
11,12,8298,1032,7266,493,6773,3708,3065
11,13,3224,558,2666,207,2459,1614,845
11,14,20685,3222,17463,1223,16240,8780,7460
11,15,3182,453,2729,184,2545,1614,931
11,16,5097,715,4382,299,4083,2232,1851
11,17,12132,1691,10441,776,9665,5509,4156
11,18,2659,372,2287,133,2154,1507,647
11,19,16013,2529,13484,1099,12385,7399,4986
11,20,12037,1847,10190,665,9525,5508,4017
11,21,1891,274,1617,144,1473,929,544
11,22,5409,693,4716,339,4377,2421,1956
11,23,1305,194,1111,70,1041,729,312
11,24,14311,2760,11551,748,10803,5813,4990
11,25,9666,1481,8185,548,7637,4455,3182
11,26,6400,1185,5215,379,4836,2890,1946
11,27,2500,333,2167,157,2010,1192,818
11,28,2498,377,2121,189,1932,1059,873
11,29,1737,188,1549,103,1446,826,620
11,30,18224,3096,15128,1166,13962,6898,7064
11,31,1606,238,1368,97,1271,834,437
11,32,7194,1773,5421,324,5097,2514,2583
11,33,19169,3299,15870,1165,14705,8392,6313
11,34,11205,2832,8373,578,7795,4016,3779
11,35,6432,1195,5237,352,4885,2733,2152
12,1,7575,1176,6399,298,6101,4621,1480
12,2,2223,311,1912,130,1782,928,854
12,3,5728,651,5077,330,4747,2367,2380
12,4,2139,336,1803,142,1661,833,828
12,5,1499,183,1316,59,1257,573,684
12,6,6664,918,5746,401,5345,3479,1866
12,7,4630,549,4081,275,3806,1906,1900
12,8,2323,317,2006,141,1865,856,1009
12,9,1709,232,1477,97,1380,745,635
12,10,7636,1293,6343,371,5972,4015,1957
12,11,2093,315,1778,119,1659,728,931
12,12,5767,862,4905,267,4638,1877,2761
12,13,2529,343,2186,147,2039,756,1283
12,14,2000,224,1776,98,1678,420,1258
12,15,3727,429,3298,229,3069,1396,1673
12,16,7914,990,6924,438,6486,3831,2655
12,17,6696,1368,5328,379,4949,2992,1957
12,18,5606,707,4899,367,4532,2513,2019
12,19,2552,361,2191,109,2082,667,1415
12,20,3415,430,2985,201,2784,1581,1203
12,21,2769,375,2394,165,2229,1170,1059
12,22,4249,570,3679,245,3434,1955,1479
12,23,2057,248,1809,121,1688,937,751
12,24,5602,673,4929,343,4586,2161,2425
12,25,4313,607,3706,251,3455,1586,1869
12,26,3700,487,3213,226,2987,1703,1284
12,27,4223,464,3759,228,3531,1965,1566
12,28,9396,1512,7884,418,7466,3895,3571
12,29,9657,1305,8352,629,7723,4496,3227
12,30,2000,296,1704,105,1599,562,1037
12,31,1889,233,1656,116,1540,885,655
12,32,698,104,594,31,563,192,371
12,33,1858,249,1609,82,1527,500,1027
12,34,2789,434,2355,153,2202,877,1325
12,35,2665,355,2310,200,2110,1053,1057
12,36,2998,424,2574,194,2380,1245,1135
12,37,2193,271,1922,128,1794,673,1121
12,38,1748,263,1485,100,1385,780,605
12,39,7098,911,6187,388,5799,3005,2794
12,40,3394,446,2948,209,2739,1500,1239
12,41,1446,152,1294,77,1217,484,733
12,42,12710,2403,10307,638,9669,6019,3650
12,43,3820,473,3347,201,3146,1838,1308
12,44,14091,2083,12008,837,11171,6476,4695
12,45,14741,2156,12585,804,11781,6693,5088
12,46,11760,1620,10140,585,9555,5568,3987
13,1,40075,6608,33467,1398,32069,13770,18299
13,2,47740,9035,38705,1762,36943,16839,20104
13,3,31129,5238,25891,1622,24269,11713,12556
13,4,17947,3523,14424,850,13574,7421,6153
13,5,29773,5844,23929,1403,22526,11244,11282
13,6,24034,4793,19241,1301,17940,8666,9274
13,7,27251,4440,22811,1366,21445,7972,13473
13,8,30884,5592,25292,1409,23883,10531,13352
13,9,18425,3336,15089,985,14104,5746,8358
13,10,35126,6494,28632,1535,27097,12812,14285
13,11,23679,4823,18856,1421,17435,8727,8708
13,12,20754,3331,17423,969,16454,7393,9061
13,13,14585,3164,11421,428,10993,6776,4217
13,14,17436,3576,13860,503,13357,7478,5879
13,16,13879,3384,10495,396,10099,6811,3288
13,17,12887,3507,9380,404,8976,5999,2977
13,18,18991,3859,15132,614,14518,8602,5916
13,19,16846,3198,13648,635,13013,7365,5648
13,21,17758,4422,13336,629,12707,7599,5108
13,22,22135,3962,18173,880,17293,6731,10562
13,23,20414,4626,15788,864,14924,7120,7804
13,24,22392,3770,18622,593,18029,5865,12164
13,25,26297,4538,21759,1428,20331,10668,9663
13,26,18395,3156,15239,952,14287,5513,8774
13,27,14457,2567,11890,663,11227,5237,5990
13,28,6307,1088,5219,419,4800,2925,1875
13,29,35208,5516,29692,1734,27958,12717,15241
13,30,2676,330,2346,114,2232,580,1652
13,31,13353,2061,11292,698,10594,3871,6723
13,32,32609,6031,26578,1538,25040,10495,14545
13,33,13095,2671,10424,776,9648,3946,5702
13,34,24211,3585,20626,1143,19483,9101,10382
13,35,25677,4073,21604,1331,20273,7695,12578
13,36,26851,5376,21475,1499,19976,7855,12121
13,37,18037,3274,14763,627,14136,5965,8171
13,38,17732,5220,12512,611,11901,8398,3503
13,39,19696,4815,14881,693,14188,9413,4775
13,40,19178,4444,14734,725,14009,7792,6217
13,41,20559,3714,16845,975,15870,7119,8751
13,42,18136,3791,14345,817,13528,7053,6475
13,43,25165,5208,19957,1097,18860,9142,9718
13,44,23509,4051,19458,875,18583,8111,10472
13,45,19266,4642,14624,611,14013,8988,5025
13,46,24525,4461,20064,986,19078,8592,10486
13,47,23612,5235,18377,731,17646,9176,8470
13,48,37607,6452,31155,1840,29315,11783,17532
13,49,39185,7411,31774,2182,29592,15425,14167
13,50,18691,3809,14882,923,13959,8839,5120
13,51,36229,5951,30278,1826,28452,11356,17096
13,52,33107,6675,26432,1573,24859,10449,14410
13,53,24330,4917,19413,1133,18280,8995,9285
13,54,31920,5133,26787,1389,25398,9447,15951
13,55,19805,4200,15605,834,14771,7260,7511
13,56,21409,3351,18058,925,17133,6361,10772
13,57,17943,4778,13165,614,12551,7945,4606
13,58,22214,4077,18137,837,17300,6939,10361
13,59,19624,3652,15972,535,15437,6373,9064
14,1,6418,1165,5253,377,4876,2505,2371
14,2,8017,1390,6627,442,6185,3123,3062
14,3,14728,2504,12224,638,11586,6115,5471
14,4,6384,1062,5322,370,4952,2432,2520
14,5,5780,797,4983,251,4732,1687,3045
14,6,17649,2299,15350,874,14476,8567,5909
14,7,10836,1412,9424,618,8806,5214,3592
14,8,11261,1637,9624,386,9238,4796,4442
14,9,15614,2753,12861,685,12176,7527,4649
14,10,3934,599,3335,184,3151,1235,1916
14,11,4575,818,3757,230,3527,1719,1808
14,12,5873,987,4886,354,4532,2447,2085
14,13,16286,2039,14247,745,13502,7081,6421
14,14,19198,3025,16173,756,15417,8249,7168
14,15,11740,1948,9792,509,9283,4438,4845
14,16,16292,1872,14420,835,13585,7464,6121
14,17,8347,1226,7121,469,6652,3875,2777
14,18,6529,1335,5194,310,4884,2792,2092
14,19,12509,2387,10122,538,9584,4382,5202
14,20,7996,1576,6420,363,6057,2437,3620
14,21,9795,1536,8259,455,7804,3242,4562
14,22,7620,1833,5787,324,5463,3070,2393
14,23,5042,782,4260,253,4007,1684,2323
14,24,7637,1273,6364,407,5957,3301,2656
14,25,3915,633,3282,199,3083,1533,1550
14,26,7087,1318,5769,387,5382,2338,3044
14,27,7936,1311,6625,336,6289,2320,3969
14,28,9583,1344,8239,423,7816,3708,4108
14,29,5755,1255,4500,230,4270,1992,2278
14,30,5456,899,4557,282,4275,1967,2308
14,31,7392,1125,6267,388,5879,3192,2687
14,32,12269,1604,10665,618,10047,5382,4665
14,33,5956,887,5069,300,4769,2067,2702
14,34,17623,2617,15006,846,14160,8435,5725
14,35,17055,3320,13735,569,13166,4366,8800
14,36,4411,677,3734,296,3438,1699,1739
14,37,7764,1127,6637,450,6187,3254,2933
14,38,13335,2242,11093,651,10442,5703,4739
14,39,11398,1862,9536,413,9123,5094,4029
14,40,6758,1274,5484,282,5202,3350,1852
14,41,10149,2132,8017,349,7668,5578,2090
14,42,8345,1454,6891,336,6555,4139,2416
14,43,9618,1724,7894,436,7458,4985,2473
14,44,11679,2041,9638,426,9212,5601,3611
14,45,7992,1758,6234,301,5933,3999,1934
14,46,14522,2623,11899,621,11278,7066,4212
14,47,16534,2813,13721,734,12987,7086,5901
14,48,18422,3014,15408,803,14605,7900,6705
14,49,9666,1888,7778,486,7292,3408,3884
15,1,2242,447,1795,112,1683,771,912
15,2,5833,1032,4801,225,4576,2785,1791
15,3,8286,1209,7077,400,6677,4021,2656
15,4,2460,403,2057,120,1937,1138,799
15,5,2026,264,1762,94,1668,498,1170
15,6,2447,466,1981,118,1863,877,986
15,7,3673,512,3161,184,2977,1570,1407
15,8,3441,497,2944,201,2743,1216,1527
15,9,6019,1022,4997,334,4663,2514,2149
15,10,5069,693,4376,313,4063,2193,1870
15,11,3921,535,3386,213,3173,1341,1832
15,12,5153,751,4402,240,4162,1875,2287
15,13,2196,320,1876,91,1785,557,1228
15,14,2957,481,2476,168,2308,1247,1061
15,15,4159,824,3335,177,3158,1696,1462
15,16,2655,451,2204,125,2079,888,1191
15,17,5103,859,4244,250,3994,2470,1524
15,18,2187,397,1790,119,1671,741,930
15,19,6006,870,5136,345,4791,2203,2588
15,20,6562,1008,5554,379,5175,2310,2865
15,21,4954,648,4306,317,3989,2099,1890
15,22,3044,489,2555,170,2385,1103,1282
15,23,4630,651,3979,229,3750,1734,2016
15,24,6228,1328,4900,275,4625,2913,1712
15,25,7564,1251,6313,381,5932,3258,2674
15,26,7252,1027,6225,395,5830,3257,2573
15,27,4864,643,4221,238,3983,2268,1715
16,1,3815,558,3257,190,3067,1678,1389
16,2,8223,1957,6266,311,5955,3550,2405
16,3,8520,1997,6523,348,6175,3735,2440
16,4,2387,375,2012,149,1863,1036,827
16,5,3260,530,2730,210,2520,1380,1140
16,6,7540,1288,6252,422,5830,3126,2704
16,7,6476,1046,5430,412,5018,2896,2122
16,8,1772,311,1461,94,1367,816,551
16,9,6061,1004,5057,344,4713,3140,1573
16,10,3552,719,2833,177,2656,1479,1177
16,11,2069,376,1693,89,1604,1039,565
16,12,6158,1056,5102,363,4739,2505,2234
16,13,11955,2346,9609,588,9021,4864,4157
16,14,3469,486,2983,213,2770,1796,974
16,15,4774,740,4034,275,3759,2311,1448
16,16,9624,1510,8114,554,7560,4284,3276
16,17,9760,1702,8058,497,7561,4232,3329
16,18,6698,1064,5634,400,5234,3106,2128
16,19,5591,776,4815,373,4442,2573,1869
16,20,3074,516,2558,176,2382,1424,958
16,21,3709,615,3094,205,2889,1619,1270
16,22,14443,2218,12225,799,11426,7029,4397
16,23,5839,937,4902,319,4583,2723,1860
16,24,6425,1094,5331,386,4945,2972,1973
16,25,7159,1114,6045,474,5571,3228,2343
16,26,8431,1497,6934,418,6516,4256,2260
16,27,9521,1735,7786,512,7274,3679,3595
16,28,5903,864,5039,324,4715,2598,2117
16,29,4435,671,3764,260,3504,2049,1455
16,30,18520,3381,15139,995,14144,8619,5525
16,31,14567,2489,12078,746,11332,7254,4078
16,32,10238,1981,8257,493,7764,4629,3135
16,33,12815,2542,10273,613,9660,5466,4194
16,34,9377,2415,6962,331,6631,4018,2613
16,35,14568,2221,12347,789,11558,6991,4567
17,1,9726,1549,8177,554,7623,4269,3354
17,2,5305,897,4408,310,4098,1891,2207
17,3,4406,595,3811,148,3663,1248,2415
17,4,5148,970,4178,289,3889,2002,1887
17,5,5310,866,4444,304,4140,2301,1839
17,6,8055,1383,6672,344,6328,2710,3618
17,7,9564,1551,8013,530,7483,4045,3438
17,8,9999,1680,8319,552,7767,3275,4492
17,9,9796,1592,8204,589,7615,3495,4120
17,10,17756,2691,15065,809,14256,8030,6226
17,11,8003,1503,6500,398,6102,3170,2932
17,12,3909,697,3212,234,2978,1672,1306
17,13,8919,1600,7319,501,6818,3705,3113
17,14,11317,2145,9172,564,8608,3945,4663
17,15,7293,1201,6092,410,5682,3042,2640
17,16,6018,1052,4966,391,4575,2216,2359
17,17,5107,809,4298,228,4070,2223,1847
17,18,7677,1417,6260,514,5746,3134,2612
17,19,4967,780,4187,322,3865,2207,1658
17,20,9476,1640,7836,594,7242,3661,3581
17,21,10906,1721,9185,541,8644,4373,4271
17,22,7155,1818,5337,319,5018,2954,2064
17,23,6476,1461,5015,243,4772,3047,1725
17,24,4998,1206,3792,202,3590,2441,1149
17,25,14936,2783,12153,701,11452,4825,6627
17,26,10586,1621,8965,628,8337,3872,4465
17,27,5954,999,4955,353,4602,2144,2458
17,28,3637,676,2961,213,2748,1499,1249
17,29,12779,2495,10284,679,9605,5226,4379
17,30,11170,1573,9597,469,9128,3562,5566
17,31,11047,1896,9151,571,8580,3818,4762
17,32,10229,1635,8594,609,7985,3804,4181
17,33,5539,1000,4539,286,4253,2242,2011
17,34,12709,2479,10230,586,9644,5409,4235
17,35,12548,2411,10137,628,9509,5277,4232
17,36,14561,2449,12112,825,11287,5281,6006
17,37,11303,1888,9415,579,8836,5032,3804
17,38,2655,446,2209,140,2069,1038,1031
17,39,10550,2021,8529,622,7907,4250,3657
17,40,11903,2039,9864,586,9278,3905,5373
17,41,5424,1425,3999,193,3806,2496,1310
17,42,8991,1671,7320,293,7027,3648,3379
17,43,17734,2930,14804,807,13997,5389,8608
17,44,14126,2109,12017,619,11398,6475,4923
17,45,10335,2234,8101,354,7747,4956,2791
17,46,14180,2410,11770,551,11219,6224,4995
17,47,7996,1843,6153,350,5803,3156,2647
17,48,7168,1242,5926,289,5637,3410,2227
17,49,11627,1976,9651,491,9160,5338,3822
17,50,14109,2202,11907,543,11364,6346,5018
17,51,10942,2039,8903,522,8381,4709,3672
18,1,9622,1673,7949,600,7349,4180,3169
18,2,4190,793,3397,248,3149,1267,1882
18,3,5313,976,4337,324,4013,1801,2212
18,4,7383,1130,6253,539,5714,2638,3076
18,5,6141,1884,4257,328,3929,2518,1411
18,6,2023,340,1683,146,1537,731,806
18,7,3155,523,2632,202,2430,1197,1233
18,8,10582,1957,8625,618,8007,4721,3286
18,9,4288,784,3504,244,3260,1731,1529
18,10,3597,637,2960,234,2726,1604,1122
18,11,2153,331,1822,152,1670,881,789
18,12,4921,948,3973,337,3636,1838,1798
18,13,2737,477,2260,161,2099,1098,1001
18,14,6982,1400,5582,421,5161,3003,2158
18,15,2800,484,2316,182,2134,1114,1020
18,16,4866,829,4037,287,3750,1846,1904
18,17,8427,1267,7160,475,6685,3616,3069
18,18,3147,517,2630,195,2435,1384,1051
18,19,4799,845,3954,321,3633,1874,1759
18,20,8495,1477,7018,529,6489,3541,2948
18,21,3485,666,2819,245,2574,1277,1297
18,22,12447,2602,9845,771,9074,5050,4024
18,23,10135,1559,8576,554,8022,4118,3904
18,24,5893,921,4972,341,4631,2501,2130
18,25,7567,1243,6324,410,5914,2436,3478
18,26,4186,773,3413,249,3164,1641,1523
18,27,2715,440,2275,184,2091,1116,975
18,28,2854,454,2400,150,2250,942,1308
18,29,10916,2773,8143,512,7631,5003,2628
18,30,14795,3166,11629,820,10809,6400,4409
18,31,7799,1907,5892,358,5534,2852,2682
18,32,14322,3471,10851,776,10075,5697,4378
18,33,10009,2528,7481,525,6956,3911,3045
18,34,6580,1880,4700,287,4413,2565,1848
18,35,11691,2130,9561,689,8872,4765,4107
19,1,5113,665,4448,220,4228,2901,1327
19,2,7045,779,6266,408,5858,3656,2202
19,3,3309,324,2985,142,2843,1810,1033
19,4,2996,336,2660,152,2508,1654,854
19,5,3854,597,3257,199,3058,1899,1159
19,6,7250,1440,5810,290,5520,3043,2477
19,7,1917,251,1666,95,1571,1030,541
19,8,2956,306,2650,173,2477,1586,891
19,9,8880,971,7909,464,7445,4720,2725
19,10,4933,619,4314,295,4019,2618,1401
19,11,2052,260,1792,128,1664,1108,556
19,12,4422,487,3935,222,3713,2463,1250
19,13,1540,162,1378,86,1292,845,447
19,14,9301,1084,8217,517,7700,4928,2772
19,15,5865,736,5129,280,4849,3028,1821
19,16,2304,317,1987,99,1888,1147,741
19,17,3765,501,3264,169,3095,1971,1124
19,18,4486,477,4009,247,3762,2347,1415
19,19,3097,389,2708,161,2547,1642,905
19,20,2880,289,2591,132,2459,1702,757
19,21,3011,305,2706,123,2583,1587,996
19,22,5832,651,5181,267,4914,3461,1453
19,23,1912,233,1679,78,1601,1066,535
19,24,4160,478,3682,198,3484,2177,1307
19,25,5593,842,4751,190,4561,3426,1135
19,26,4243,676,3567,144,3423,2618,805
19,27,4996,790,4206,266,3940,2428,1512
19,28,5427,759,4668,283,4385,2733,1652
19,29,3151,336,2815,135,2680,1793,887
19,30,9392,1664,7728,419,7309,4653,2656
19,31,5692,1381,4311,213,4098,2044,2054
19,32,7024,1542,5482,291,5191,3480,1711
19,33,7996,1438,6558,362,6196,3852,2344
19,34,11860,1384,10476,560,9916,6092,3824
19,35,6644,615,6029,297,5732,4316,1416
19,36,7278,724,6554,323,6231,4659,1572
19,37,4445,661,3784,258,3526,2281,1245
2A,1,6691,1429,5262,255,5007,1911,3096
2A,2,2910,692,2218,116,2102,976,1126
2A,6,7351,1997,5354,322,5032,2407,2625
2A,7,2433,492,1941,93,1848,700,1148
2A,22,3352,698,2654,127,2527,905,1622
2A,30,4212,1062,3150,200,2950,1332,1618
2A,34,1820,436,1384,101,1283,590,693
2A,35,2726,688,2038,97,1941,903,1038
2A,40,11205,2499,8706,473,8233,3056,5177
2A,48,7829,1709,6120,350,5770,1994,3776
2A,51,2413,618,1795,119,1676,677,999
2A,53,3082,684,2398,130,2268,1109,1159
2A,55,1788,434,1354,56,1298,541,757
2A,61,3229,846,2383,141,2242,893,1349
2A,62,1873,500,1373,60,1313,337,976
2A,63,2270,558,1712,76,1636,653,983
2A,64,4375,1079,3296,177,3119,1459,1660
2A,65,3276,890,2386,122,2264,1010,1254
2A,66,4482,1160,3322,193,3129,1448,1681
2A,70,3046,667,2379,143,2236,919,1317
2A,72,10217,3040,7177,475,6702,3135,3567
2A,73,11094,2497,8597,547,8050,3836,4214
2B,3,3208,647,2561,121,2440,1180,1260
2B,4,5442,1197,4245,217,4028,2013,2015
2B,5,3556,784,2772,158,2614,1219,1395
2B,8,11800,2573,9227,416,8811,2693,6118
2B,9,3633,675,2958,200,2758,1317,1441
2B,10,2891,795,2096,118,1978,991,987
2B,11,2984,714,2270,141,2129,947,1182
2B,12,4619,1037,3582,163,3419,912,2507
2B,14,2755,587,2168,117,2051,1137,914
2B,16,5388,1275,4113,209,3904,1841,2063
2B,17,3770,989,2781,183,2598,1254,1344
2B,19,3086,683,2403,95,2308,773,1535
2B,20,5116,1042,4074,157,3917,1837,2080
2B,24,3549,919,2630,127,2503,1110,1393
2B,25,3088,768,2320,159,2161,1218,943
2B,26,2670,631,2039,111,1928,904,1024
2B,29,4211,838,3373,182,3191,1284,1907
2B,37,1713,377,1336,54,1282,676,606
2B,39,3420,874,2546,124,2422,971,1451
2B,41,6036,1545,4491,226,4265,1748,2517
2B,42,2849,577,2272,146,2126,1033,1093
2B,45,5938,1188,4750,246,4504,2243,2261
2B,54,2302,581,1721,70,1651,802,849
2B,58,1948,414,1534,72,1462,980,482
2B,59,6018,1522,4496,253,4243,2244,1999
2B,60,1742,439,1303,52,1251,719,532
2B,67,1466,291,1175,84,1091,585,506
2B,68,1052,237,815,42,773,417,356
2B,69,4389,1280,3109,221,2888,1572,1316
2B,71,8002,1992,6010,384,5626,2737,2889
21,1,1322,196,1126,78,1048,338,710
21,2,4069,728,3341,240,3101,1352,1749
21,3,10112,2089,8023,570,7453,3271,4182
21,4,1283,198,1085,58,1027,398,629
21,5,11370,2033,9337,522,8815,3491,5324
21,6,15673,2815,12858,732,12126,5063,7063
21,7,2429,400,2029,135,1894,936,958
21,8,7823,1551,6272,448,5824,2638,3186
21,9,18807,2835,15972,785,15187,7041,8146
21,10,24700,4063,20637,1158,19479,10480,8999
21,11,11410,1964,9446,465,8981,5302,3679
21,12,10352,2255,8097,436,7661,4724,2937
21,13,2299,385,1914,174,1740,705,1035
21,14,16355,2554,13801,887,12914,6161,6753
21,15,11698,1521,10177,598,9579,4354,5225
21,16,960,135,825,62,763,321,442
21,17,9606,1521,8085,455,7630,3506,4124
21,18,2654,412,2242,189,2053,883,1170
21,19,2161,356,1805,119,1686,831,855
21,20,6576,873,5703,354,5349,2340,3009
21,21,8137,1444,6693,500,6193,3314,2879
21,22,2074,326,1748,101,1647,655,992
21,23,4940,891,4049,298,3751,1701,2050
21,24,11255,1738,9517,625,8892,4251,4641
21,25,5881,982,4899,340,4559,2120,2439
21,26,4290,657,3633,221,3412,1427,1985
21,27,2353,341,2012,152,1860,920,940
21,28,1738,288,1450,96,1354,516,838
21,29,8077,1549,6528,473,6055,2652,3403
21,30,2510,327,2183,133,2050,824,1226
21,31,4610,813,3797,228,3569,1658,1911
21,32,2930,497,2433,157,2276,1162,1114
21,33,7051,1070,5981,402,5579,2885,2694
21,34,6964,1212,5752,406,5346,2453,2893
21,35,5298,732,4566,291,4275,2169,2106
21,36,5888,921,4967,346,4621,2564,2057
21,37,2795,444,2351,166,2185,987,1198
21,38,17705,3227,14478,896,13582,7327,6255
21,39,16441,2730,13711,730,12981,7115,5866
21,40,14004,2140,11864,517,11347,5459,5888
21,41,13382,2246,11136,528,10608,5644,4964
21,42,11035,2057,8978,485,8493,4505,3988
21,43,23788,3344,20444,896,19548,8493,11055
22,1,6838,1020,5818,324,5494,3914,1580
22,2,4589,576,4013,244,3769,2631,1138
22,3,3527,513,3014,188,2826,1759,1067
22,4,6641,837,5804,334,5470,2999,2471
22,5,4711,656,4055,172,3883,2563,1320
22,6,4860,621,4239,220,4019,2137,1882
22,7,6632,722,5910,355,5555,3162,2393
22,8,6306,828,5478,350,5128,2720,2408
22,9,3264,466,2798,145,2653,1599,1054
22,10,2292,225,2067,133,1934,1054,880
22,11,12313,1725,10588,585,10003,5386,4617
22,12,19705,2946,16759,963,15796,9494,6302
22,13,11977,1675,10302,540,9762,4858,4904
22,14,4831,627,4204,238,3966,2294,1672
22,15,2633,327,2306,96,2210,1415,795
22,16,16184,2481,13703,735,12968,8646,4322
22,17,6157,796,5361,322,5039,3116,1923
22,18,16480,2023,14457,758,13699,7766,5933
22,19,19594,2697,16897,830,16067,11070,4997
22,20,6689,823,5866,357,5509,3329,2180
22,21,6951,982,5969,304,5665,3174,2491
22,22,11632,1861,9771,595,9176,4975,4201
22,23,4075,500,3575,195,3380,2264,1116
22,24,11576,1427,10149,475,9674,4949,4725
22,25,5881,780,5101,275,4826,2615,2211
22,26,9633,1141,8492,498,7994,4497,3497
22,27,2635,257,2378,135,2243,1196,1047
22,28,15420,2491,12929,660,12269,6732,5537
22,29,22751,3179,19572,883,18689,11042,7647
22,30,9940,1391,8549,469,8080,4575,3505
22,31,4218,450,3768,194,3574,2192,1382
22,32,11286,1336,9950,523,9427,4440,4987
22,33,8210,1030,7180,375,6805,4435,2370
22,34,7271,888,6383,366,6017,3542,2475
22,35,5269,641,4628,321,4307,2601,1706
22,36,7611,955,6656,359,6297,4200,2097
22,37,8366,960,7406,392,7014,3702,3312
22,38,5069,597,4472,213,4259,2028,2231
22,39,5837,861,4976,271,4705,2627,2078
22,40,5020,608,4412,212,4200,2664,1536
22,41,6874,801,6073,336,5737,3286,2451
22,42,4892,726,4166,218,3948,2498,1450
22,43,6278,841,5437,313,5124,3429,1695
22,44,9365,2108,7257,322,6935,4260,2675
22,45,10319,2342,7977,396,7581,4817,2764
22,46,2967,396,2571,114,2457,1540,917
22,47,9891,1290,8601,403,8198,4878,3320
22,48,2819,279,2540,167,2373,1202,1171
22,49,18319,2477,15842,882,14960,8987,5973
22,50,16274,1751,14523,757,13766,8036,5730
22,51,16723,2224,14499,885,13614,8818,4796
22,52,11419,2386,9033,438,8595,5496,3099
23,1,3520,560,2960,200,2760,1609,1151
23,2,5065,898,4167,292,3875,2342,1533
23,3,2938,493,2445,165,2280,1250,1030
23,4,2263,366,1897,145,1752,1107,645
23,5,2786,437,2349,154,2195,1334,861
23,6,4231,700,3531,290,3241,2031,1210
23,7,4348,732,3616,278,3338,2138,1200
23,8,4367,819,3548,263,3285,2011,1274
23,9,2975,419,2556,159,2397,1337,1060
23,10,3144,523,2621,181,2440,1453,987
23,11,3316,579,2737,209,2528,1343,1185
23,12,1470,223,1247,78,1169,732,437
23,13,2739,535,2204,151,2053,1123,930
23,14,5506,1004,4502,293,4209,2337,1872
23,15,2428,367,2061,156,1905,1071,834
23,16,3297,504,2793,188,2605,1449,1156
23,17,1274,194,1080,81,999,691,308
23,18,3211,568,2643,183,2460,1562,898
23,19,6236,1098,5138,354,4784,3059,1725
23,20,2859,401,2458,179,2279,1266,1013
23,21,2391,389,2002,157,1845,1154,691
23,22,1577,269,1308,100,1208,774,434
23,23,1770,255,1515,93,1422,886,536
23,24,5583,853,4730,288,4442,2894,1548
23,25,8546,1535,7011,452,6559,4158,2401
23,26,5553,784,4769,267,4502,2961,1541
23,27,3464,636,2828,184,2644,1798,846
24,1,2764,355,2409,186,2223,1195,1028
24,2,3253,496,2757,151,2606,1614,992
24,3,15351,3107,12244,802,11442,6261,5181
24,4,5918,809,5109,369,4740,2788,1952
24,5,3770,468,3302,203,3099,1656,1443
24,6,2851,345,2506,163,2343,1393,950
24,7,3014,393,2621,178,2443,1404,1039
24,8,4324,528,3796,268,3528,2258,1270
24,9,2573,318,2255,127,2128,1335,793
24,10,5231,632,4599,246,4353,2516,1837
24,11,4224,497,3727,256,3471,2152,1319
24,12,3193,464,2729,168,2561,1243,1318
24,13,3290,348,2942,158,2784,1633,1151
24,14,3498,493,3005,211,2794,1418,1376
24,15,3838,526,3312,224,3088,1859,1229
24,16,9426,1408,8018,650,7368,4166,3202
24,17,6498,861,5637,433,5204,3139,2065
24,18,4357,522,3835,290,3545,2136,1409
24,19,2641,364,2277,145,2132,1177,955
24,20,1733,234,1499,112,1387,826,561
24,21,3878,456,3422,185,3237,1985,1252
24,22,7182,952,6230,321,5909,3671,2238
24,23,8312,1288,7024,548,6476,3587,2889
24,24,7330,1054,6276,430,5846,3555,2291
24,25,5899,726,5173,356,4817,3079,1738
24,26,6874,908,5966,447,5519,3125,2394
24,27,10977,1955,9022,432,8590,4860,3730
24,28,6441,855,5586,385,5201,3063,2138
24,29,2014,228,1786,121,1665,924,741
24,30,14761,2021,12740,889,11851,7568,4283
24,31,5209,915,4294,321,3973,2204,1769
24,32,5716,800,4916,327,4589,2846,1743
24,33,3701,545,3156,225,2931,1705,1226
24,34,15388,1995,13393,820,12573,8001,4572
24,35,3250,367,2883,206,2677,1438,1239
24,36,12416,1598,10818,627,10191,6083,4108
24,37,7333,793,6540,381,6159,3878,2281
24,38,7324,1071,6253,439,5814,2933,2881
24,39,10759,1446,9313,587,8726,5774,2952
24,40,3498,466,3032,198,2834,1669,1165
24,41,5758,746,5012,282,4730,2821,1909
24,42,7703,1178,6525,452,6073,3120,2953
24,43,4781,595,4186,277,3909,2154,1755
24,44,3446,429,3017,250,2767,1559,1208
24,45,4364,535,3829,260,3569,2008,1561
24,46,3733,582,3151,221,2930,1633,1297
24,47,1829,204,1625,103,1522,875,647
24,48,12495,1981,10514,779,9735,5443,4292
24,49,12557,1672,10885,635,10250,6456,3794
24,50,15108,2399,12709,720,11989,7825,4164
25,1,3086,323,2763,171,2592,1001,1591
25,2,20598,2507,18091,1144,16947,8219,8728
25,3,12596,2945,9651,715,8936,5018,3918
25,4,6997,1169,5828,415,5413,2483,2930
25,5,14812,3140,11672,620,11052,6364,4688
25,6,14415,2259,12156,605,11551,6267,5284
25,7,13498,1757,11741,739,11002,5321,5681
25,8,4576,658,3918,282,3636,1467,2169
25,9,12231,2161,10070,768,9302,4299,5003
25,10,8619,1197,7422,693,6729,3374,3355
25,11,6306,790,5516,341,5175,1840,3335
25,12,10431,1570,8861,532,8329,3200,5129
25,13,15287,1969,13318,879,12439,6036,6403
25,14,14932,3423,11509,732,10777,6114,4663
25,15,5123,590,4533,241,4292,1386,2906
25,16,13529,2130,11399,654,10745,4191,6554
25,17,6458,889,5569,291,5278,1827,3451
25,18,8563,1086,7477,522,6955,3160,3795
25,19,5763,689,5074,286,4788,1325,3463
25,20,23210,4009,19201,1127,18074,7474,10600
25,21,11131,1672,9459,861,8598,4109,4489
25,22,6872,914,5958,423,5535,2642,2893
25,23,3263,438,2825,220,2605,1250,1355
25,24,6591,796,5795,381,5414,2542,2872
25,25,5095,556,4539,248,4291,1490,2801
25,26,3539,500,3039,244,2795,1108,1687
25,27,8696,1136,7560,468,7092,2380,4712
25,28,16565,3266,13299,600,12699,6990,5709
25,29,13062,2719,10343,487,9856,5910,3946
25,30,13076,2258,10818,867,9951,5008,4943
25,31,8979,1825,7154,486,6668,3644,3024
25,32,8708,1938,6770,332,6438,3608,2830
25,33,10168,2944,7224,357,6867,4687,2180
25,34,9750,1568,8182,688,7494,3609,3885
25,35,12659,2337,10322,783,9539,5232,4307
26,1,1085,158,927,64,863,521,342
26,2,22682,3688,18994,1232,17762,7711,10051
26,3,4693,722,3971,246,3725,2070,1655
26,4,17123,2397,14726,860,13866,6348,7518
26,5,1710,233,1477,104,1373,695,678
26,6,1868,283,1585,105,1480,894,586
26,7,13057,2006,11051,718,10333,5658,4675
26,8,6801,1019,5782,422,5360,2890,2470
26,9,5050,793,4257,251,4006,2547,1459
26,10,6324,908,5416,333,5083,2980,2103
26,11,7875,1364,6511,534,5977,2761,3216
26,12,6359,841,5518,430,5088,2361,2727
26,13,12965,2523,10442,754,9688,4690,4998
26,14,1595,207,1388,89,1299,851,448
26,15,9842,1367,8475,628,7847,3656,4191
26,16,14527,3171,11356,699,10657,5316,5341
26,17,917,140,777,44,733,428,305
26,18,10422,1830,8592,567,8025,4101,3924
26,19,14271,2627,11644,840,10804,4654,6150
26,20,1251,187,1064,72,992,547,445
26,21,20804,3944,16860,966,15894,7891,8003
26,22,1927,268,1659,87,1572,996,576
26,23,6450,1012,5438,369,5069,2292,2777
26,24,5408,806,4602,272,4330,2096,2234
26,25,14926,2151,12775,816,11959,4954,7005
26,26,18964,3139,15825,1124,14701,7596,7105
26,27,1949,275,1674,110,1564,836,728
26,28,16180,2368,13812,864,12948,5703,7245
26,29,10274,2226,8048,353,7695,3817,3878
26,30,9925,1819,8106,463,7643,3797,3846
26,31,9755,2153,7602,403,7199,4163,3036
26,32,17692,3063,14629,827,13802,6938,6864
26,33,19867,3450,16417,1119,15298,6981,8317
26,34,16376,2611,13765,855,12910,6520,6390
26,35,13203,2553,10650,625,10025,4799,5226
26,36,8997,1828,7169,344,6825,3901,2924
27,1,11661,1645,10016,732,9284,4558,4726
27,2,13486,2447,11039,785,10254,4769,5485
27,3,3928,712,3216,221,2995,1182,1813
27,4,9647,1536,8111,619,7492,3544,3948
27,5,6628,1132,5496,319,5177,2463,2714
27,6,8881,1543,7338,462,6876,3091,3785
27,7,10530,1551,8979,646,8333,4297,4036
27,8,6750,1106,5644,385,5259,2272,2987
27,9,8519,1589,6930,464,6466,3314,3152
27,10,5016,846,4170,255,3915,1569,2346
27,11,12342,2022,10320,749,9571,4519,5052
27,12,4033,637,3396,257,3139,1218,1921
27,13,5839,944,4895,297,4598,1751,2847
27,14,10867,1914,8953,608,8345,3347,4998
27,15,8135,1531,6604,503,6101,2832,3269
27,16,18263,3088,15175,941,14234,6894,7340
27,17,11025,2725,8300,416,7884,4502,3382
27,18,13213,2333,10880,742,10138,5407,4731
27,19,7363,1557,5806,377,5429,2991,2438
27,20,13793,2875,10918,749,10169,4912,5257
27,21,9942,2303,7639,431,7208,3752,3456
27,22,3650,540,3110,255,2855,1226,1629
27,23,5834,954,4880,301,4579,2460,2119
27,24,9095,1634,7461,547,6914,2940,3974
27,25,8571,1583,6988,468,6520,2741,3779
27,26,12240,2069,10171,617,9554,3607,5947
27,27,13894,2881,11013,706,10307,5554,4753
27,28,10934,1719,9215,600,8615,4733,3882
27,29,4681,746,3935,283,3652,1737,1915
27,30,11716,1801,9915,640,9275,4500,4775
27,31,5858,1156,4702,311,4391,1877,2514
27,32,19144,3810,15334,1094,14240,5951,8289
27,33,3780,563,3217,203,3014,1409,1605
27,34,5509,873,4636,281,4355,1692,2663
27,35,8723,1805,6918,423,6495,2730,3765
27,36,12055,2340,9715,504,9211,4131,5080
27,37,13022,2883,10139,586,9553,4810,4743
27,38,13239,2395,10844,612,10232,5147,5085
27,39,12164,2489,9675,577,9098,4469,4629
27,40,11989,2537,9452,473,8979,4412,4567
27,41,7778,1429,6349,378,5971,3156,2815
27,42,11068,1820,9248,664,8584,3433,5151
27,43,13000,3470,9530,515,9015,5428,3587
28,1,14173,2365,11808,726,11082,4389,6693
28,2,10942,1923,9019,637,8382,3701,4681
28,3,4686,803,3883,247,3636,1209,2427
28,4,8324,1264,7060,505,6555,3013,3542
28,5,9748,1983,7765,520,7245,3206,4039
28,6,7288,1272,6016,445,5571,2187,3384
28,7,14061,2446,11615,621,10994,5344,5650
28,9,15681,2984,12697,830,11867,5660,6207
28,10,7472,1333,6139,436,5703,2241,3462
28,11,7463,1314,6149,469,5680,2419,3261
28,12,10214,1608,8606,512,8094,3757,4337
28,13,12745,2907,9838,448,9390,5068,4322
28,14,1803,285,1518,85,1433,493,940
28,15,7835,1363,6472,463,6009,2753,3256
28,16,6692,1179,5513,337,5176,2029,3147
28,17,7431,1305,6126,401,5725,2494,3231
28,18,22710,3995,18715,1196,17519,8493,9026
28,19,12444,2088,10356,590,9766,4084,5682
28,20,10605,1705,8900,579,8321,3828,4493
28,21,3993,558,3435,203,3232,1173,2059
28,22,4408,835,3573,226,3347,1344,2003
28,23,4349,714,3635,229,3406,1390,2016
28,24,6852,1087,5765,402,5363,2343,3020
28,25,15698,3357,12341,678,11663,5979,5684
28,26,22422,4004,18418,983,17435,7872,9563
28,27,8766,2166,6600,371,6229,3384,2845
28,28,12839,2887,9952,494,9458,5560,3898
28,29,12336,3004,9332,607,8725,4765,3960
28,30,13782,3017,10765,643,10122,5498,4624
29,1,4524,553,3971,243,3728,2218,1510
29,2,8048,1178,6870,438,6432,4021,2411
29,3,12993,1956,11037,463,10574,6249,4325
29,4,8982,2172,6810,371,6439,4146,2293
29,5,11277,2275,9002,351,8651,4909,3742
29,6,7922,989,6933,406,6527,3951,2576
29,7,12028,1842,10186,526,9660,6367,3293
29,8,14212,1967,12245,727,11518,6428,5090
29,9,10208,1599,8609,508,8101,4858,3243
29,10,22691,4316,18375,987,17388,9809,7579
29,11,14132,2302,11830,611,11219,5625,5594
29,12,21608,2778,18830,844,17986,10895,7091
29,13,19043,3359,15684,791,14893,8840,6053
29,14,5409,830,4579,261,4318,2727,1591
29,15,22764,2818,19946,1001,18945,9464,9481
29,16,4135,640,3495,164,3331,2415,916
29,17,19929,2859,17070,800,16270,9896,6374
29,18,13225,1946,11279,646,10633,5766,4867
29,19,10286,1362,8924,449,8475,5661,2814
29,20,14006,1921,12085,547,11538,6010,5528
29,21,18011,2520,15491,837,14654,7618,7036
29,22,18411,3040,15371,610,14761,10081,4680
29,23,926,162,764,30,734,442,292
29,24,15097,1602,13495,707,12788,6909,5879
29,25,6644,1000,5644,314,5330,3024,2306
29,26,15428,2020,13408,782,12626,7782,4844
29,27,14102,1624,12478,608,11870,5934,5936
29,28,3544,440,3104,169,2935,1735,1200
29,29,7109,1060,6049,255,5794,2634,3160
29,30,8468,1037,7431,365,7066,4896,2170
29,31,7719,1063,6656,317,6339,2934,3405
29,32,14308,2258,12050,766,11284,6128,5156
29,33,13994,2293,11701,695,11006,6290,4716
29,34,15431,2303,13128,683,12445,7287,5158
29,35,18649,2818,15831,762,15069,9227,5842
29,36,17441,2768,14673,868,13805,8632,5173
29,37,10952,1594,9358,544,8814,5703,3111
29,38,15773,2474,13299,631,12668,6688,5980
29,39,25688,3466,22222,1057,21165,11517,9648
29,40,5898,787,5111,236,4875,3240,1635
29,41,6340,872,5468,364,5104,3279,1825
29,42,3352,520,2832,137,2695,1636,1059
29,43,8660,1133,7527,340,7187,3808,3379
29,44,14072,2097,11975,579,11396,6984,4412
29,45,7983,1972,6011,335,5676,3831,1845
29,46,11644,1872,9772,446,9326,5554,3772
29,47,9335,2129,7206,391,6815,4533,2282
29,48,20127,2682,17445,905,16540,10692,5848
29,49,15844,2312,13532,770,12762,7374,5388
29,50,9586,2381,7205,354,6851,4636,2215
29,51,18773,2546,16227,693,15534,9293,6241
29,52,16359,2448,13911,683,13228,8303,4925
29,53,14084,2883,11201,564,10637,6718,3919
29,54,9329,2039,7290,424,6866,4192,2674
30,1,16808,2599,14209,948,13261,5333,7928
30,2,15505,2822,12683,940,11743,7029,4714
30,3,18925,3675,15250,1015,14235,8137,6098
30,4,1040,149,891,55,836,531,305
30,5,9420,1346,8074,541,7533,3827,3706
30,6,11939,1951,9988,737,9251,4184,5067
30,7,25841,4938,20903,1451,19452,9196,10256
30,8,3273,407,2866,210,2656,1425,1231
30,9,20062,3614,16448,1242,15206,6728,8478
30,10,4363,903,3460,249,3211,1945,1266
30,11,3391,505,2886,224,2662,1714,948
30,12,7975,1545,6430,498,5932,3866,2066
30,13,2636,347,2289,135,2154,1463,691
30,14,5388,778,4610,335,4275,2130,2145
30,15,3638,538,3100,217,2883,1549,1334
30,16,22952,3982,18970,1383,17587,7176,10411
30,17,21161,3690,17471,809,16662,7553,9109
30,18,18469,3624,14845,735,14110,7248,6862
30,19,14891,3304,11587,678,10909,6153,4756
30,20,14739,2435,12304,958,11346,5371,5975
30,21,4919,708,4211,295,3916,2182,1734
30,22,7275,995,6280,489,5791,2648,3143
30,23,16894,2571,14323,1050,13273,6284,6989
30,24,11226,2028,9198,789,8409,4872,3537
30,25,1111,163,948,72,876,581,295
30,26,10909,1570,9339,685,8654,4086,4568
30,27,11633,2171,9462,597,8865,3468,5397
30,28,3923,620,3303,230,3073,1748,1325
30,29,2867,469,2398,143,2255,1387,868
30,30,12207,1696,10511,698,9813,4570,5243
30,31,2968,447,2521,170,2351,1376,975
30,32,20944,3087,17857,1072,16785,8017,8768
30,33,2473,374,2099,141,1958,1220,738
30,34,1102,166,936,68,868,441,427
30,35,15756,2717,13039,780,12259,6058,6201
30,36,1795,269,1526,130,1396,789,607
30,37,15085,2448,12637,964,11673,5305,6368
30,38,6877,943,5934,458,5476,2687,2789
30,39,6878,1136,5742,421,5321,3316,2005
30,40,26828,4106,22722,1274,21448,8626,12822
30,41,21488,3829,17659,1246,16413,7912,8501
30,42,10306,2157,8149,423,7726,3797,3929
30,43,10090,1978,8112,509,7603,3538,4065
30,44,9367,2505,6862,282,6580,4299,2281
30,45,17827,2914,14913,924,13989,5533,8456
30,46,17843,2977,14866,1059,13807,6189,7618
31,1,4709,665,4044,256,3788,2457,1331
31,2,3448,583,2865,199,2666,1734,932
31,3,14727,2277,12450,824,11626,6589,5037
31,4,5356,898,4458,282,4176,2312,1864
31,5,5562,966,4596,285,4311,2693,1618
31,6,4089,551,3538,243,3295,1995,1300
31,7,3808,490,3318,262,3056,1722,1334
31,8,5509,607,4902,294,4608,2732,1876
31,9,12413,1832,10581,669,9912,5674,4238
31,10,30048,3599,26449,1386,25063,14550,10513
31,11,9330,1579,7751,569,7182,4291,2891
31,12,4448,610,3838,278,3560,2073,1487
31,13,4687,632,4055,267,3788,2246,1542
31,14,30264,4217,26047,1663,24384,13069,11315
31,15,23372,3289,20083,1254,18829,10306,8523
31,16,3811,549,3262,260,3002,1784,1218
31,17,7329,789,6540,360,6180,3370,2810
31,18,34458,5033,29425,1640,27785,16303,11482
31,19,13663,1734,11929,693,11236,5935,5301
31,20,3470,483,2987,202,2785,1732,1053
31,21,19540,2305,17235,957,16278,9970,6308
31,22,6572,1174,5398,427,4971,3058,1913
31,23,35594,5736,29858,1957,27901,15403,12498
31,24,5525,760,4765,290,4475,2666,1809
31,25,10291,1544,8747,582,8165,4483,3682
31,26,7159,1048,6111,455,5656,3154,2502
31,27,4042,613,3429,237,3192,1917,1275
31,28,3548,599,2949,181,2768,1751,1017
31,29,16478,3097,13381,897,12484,7061,5423
31,30,21610,3174,18436,1229,17207,9952,7255
31,31,3033,448,2585,210,2375,1513,862
31,32,7146,1267,5879,459,5420,3352,2068
31,33,17309,3800,13509,483,13026,7404,5622
31,34,16272,3506,12766,435,12331,6751,5580
31,35,24541,5502,19039,821,18218,12385,5833
31,36,20786,4590,16196,684,15512,9974,5538
31,37,5501,631,4870,317,4553,2417,2136
31,38,10075,1245,8830,532,8298,5074,3224
31,39,7205,1208,5997,425,5572,2951,2621
31,40,15243,3577,11666,368,11298,6965,4333
31,41,13171,3148,10023,415,9608,6349,3259
31,42,18811,4488,14323,666,13657,8714,4943
31,43,37846,5592,32254,1453,30801,15883,14918
31,44,29321,5834,23487,1085,22402,13219,9183
31,45,18182,4450,13732,573,13159,8948,4211
31,46,16190,4381,11809,537,11272,7684,3588
31,47,24268,5913,18355,849,17506,11576,5930
31,48,29999,5696,24303,1375,22928,14531,8397
31,49,38147,6772,31375,1798,29577,16955,12622
31,50,45790,7803,37987,2010,35977,20495,15482
31,51,25500,3950,21550,1185,20365,12103,8262
31,52,29137,4240,24897,1502,23395,13599,9796
31,53,37111,5654,31457,1575,29882,16976,12906
32,1,2199,273,1926,140,1786,1010,776
32,2,5480,823,4657,280,4377,2668,1709
32,3,7377,1133,6244,340,5904,3627,2277
32,4,3745,558,3187,234,2953,1597,1356
32,5,2701,342,2359,182,2177,1224,953
32,6,7733,1096,6637,434,6203,3216,2987
32,7,4738,716,4022,241,3781,1852,1929
32,8,8139,1247,6892,426,6466,3642,2824
32,9,5607,845,4762,313,4449,2412,2037
32,10,10136,1525,8611,600,8011,4407,3604
32,11,2914,305,2609,165,2444,1447,997
32,12,4859,692,4167,221,3946,2074,1872
32,13,4446,530,3916,291,3625,2000,1625
32,14,2698,370,2328,191,2137,1384,753
32,15,3559,461,3098,241,2857,1651,1206
32,16,3500,448,3052,193,2859,1559,1300
32,17,3779,558,3221,222,2999,1834,1165
32,18,1631,187,1444,108,1336,647,689
32,19,5996,797,5199,346,4853,2789,2064
32,20,2341,312,2029,141,1888,1004,884
32,21,3901,489,3412,231,3181,1642,1539
32,22,6397,904,5493,343,5150,2972,2178
32,23,3308,482,2826,171,2655,1652,1003
32,24,5478,660,4818,324,4494,2551,1943
32,25,2189,214,1975,111,1864,982,882
32,26,3909,442,3467,202,3265,1864,1401
32,27,2462,320,2142,158,1984,1152,832
32,28,3647,467,3180,204,2976,1667,1309
32,29,4704,549,4155,263,3892,1995,1897
32,30,7213,1080,6133,403,5730,3488,2242
32,31,6989,1078,5911,325,5586,3597,1989
33,1,10332,1809,8523,354,8169,2639,5530
33,2,48201,7412,40789,2369,38420,18703,19717
33,3,4319,485,3834,287,3547,2025,1522
33,4,6981,903,6078,350,5728,3309,2419
33,5,11939,1707,10232,699,9533,5308,4225
33,6,39679,5930,33749,1942,31807,18846,12961
33,7,10560,1829,8731,641,8090,4482,3608
33,8,15388,3361,12027,576,11451,7691,3760
33,9,15791,3201,12590,529,12061,6711,5350
33,10,21616,4072,17544,636,16908,8412,8496
33,11,18717,3867,14850,642,14208,8632,5576
33,12,13133,2641,10492,369,10123,6637,3486
33,13,14880,3289,11591,478,11113,7877,3236
33,14,8733,1714,7019,318,6701,4608,2093
33,15,9735,1526,8209,649,7560,4330,3230
33,16,10785,1507,9278,628,8650,4806,3844
33,17,9361,1256,8105,559,7546,4459,3087
33,18,1661,210,1451,91,1360,839,521
33,19,27639,4835,22804,1398,21406,12634,8772
33,20,24951,3823,21128,1444,19684,10939,8745
33,21,7418,1275,6143,445,5698,2592,3106
33,22,16716,3080,13636,932,12704,7226,5478
33,23,32836,4389,28447,1618,26829,15005,11824
33,24,11535,1609,9926,648,9278,4965,4313
33,25,2323,277,2046,166,1880,1021,859
33,26,11578,1997,9581,731,8850,4843,4007
33,27,28614,3914,24700,1426,23274,13671,9603
33,28,12953,1868,11085,754,10331,6202,4129
33,29,13420,2537,10883,686,10197,4930,5267
33,30,28525,5175,23350,1481,21869,11722,10147
33,31,5795,836,4959,309,4650,2179,2471
33,32,3374,492,2882,195,2687,1481,1206
33,33,8510,1739,6771,497,6274,3190,3084
33,34,2025,349,1676,118,1558,748,810
33,35,19260,3592,15668,736,14932,9657,5275
33,36,13844,2086,11758,788,10970,6467,4503
33,37,5780,853,4927,345,4582,2328,2254
33,38,9588,1718,7870,578,7292,3986,3306
33,39,15319,2458,12861,922,11939,7112,4827
33,40,9294,1635,7659,619,7040,3606,3434
33,41,8653,1442,7211,527,6684,3380,3304
33,42,7634,1167,6467,432,6035,3267,2768
33,43,6837,1047,5790,367,5423,3281,2142
33,44,14901,2575,12326,938,11388,6213,5175
33,45,3614,563,3051,224,2827,1743,1084
33,46,8231,1338,6893,466,6427,3129,3298
33,47,5045,747,4298,307,3991,2121,1870
33,48,5192,749,4443,302,4141,2272,1869
33,49,39303,6331,32972,1816,31156,13880,17276
33,50,3673,474,3199,198,3001,1823,1178
33,51,24398,4352,20046,1047,18999,11445,7554
33,52,17005,3381,13624,719,12905,9327,3578
33,53,28046,4520,23526,984,22542,9532,13010
33,54,26760,4306,22454,1106,21348,10768,10580
33,55,23556,4503,19053,1116,17937,11521,6416
33,56,21880,3576,18304,893,17411,11138,6273
33,57,20437,3390,17047,978,16069,10270,5799
33,58,16706,3634,13072,735,12337,7925,4412
33,59,33383,4225,29158,1629,27529,16730,10799
33,60,18707,3868,14839,816,14023,9673,4350
33,61,30769,4892,25877,1325,24552,14136,10416
33,62,19987,3290,16697,807,15890,9601,6289
33,63,39975,5035,34940,1954,32986,18641,14345
34,1,35346,6599,28747,1845,26902,11424,15478
34,2,7363,1202,6161,421,5740,3151,2589
34,3,7580,1625,5955,389,5566,3519,2047
34,4,12109,2936,9173,498,8675,3955,4720
34,5,24349,4247,20102,1275,18827,8357,10470
34,6,14566,2446,12120,860,11260,5613,5647
34,7,35455,4817,30638,1784,28854,14106,14748
34,8,1107,128,979,53,926,513,413
34,9,3367,444,2923,158,2765,1613,1152
34,10,15922,2844,13078,839,12239,6859,5380
34,11,7144,1172,5972,400,5572,2692,2880
34,12,36573,6545,30028,2112,27916,13638,14278
34,13,8182,1365,6817,508,6309,3368,2941
34,14,19290,3104,16186,1091,15095,8344,6751
34,15,9660,1817,7843,529,7314,4071,3243
34,16,3375,536,2839,183,2656,1588,1068
34,17,33673,5788,27885,1893,25992,12473,13519
34,18,25610,3276,22334,1228,21106,10908,10198
34,19,28853,4532,24321,1421,22900,9359,13541
34,20,24672,4644,20028,1376,18652,8776,9876
34,21,8522,1413,7109,425,6684,3594,3090
34,22,13584,3159,10425,306,10119,6641,3478
34,23,16122,2798,13324,619,12705,7506,5199
34,24,17169,3452,13717,528,13189,7874,5315
34,25,9089,1393,7696,569,7127,3494,3633
34,26,3628,583,3045,221,2824,1797,1027
34,27,4227,757,3470,264,3206,1828,1378
34,28,11814,1805,10009,593,9416,4721,4695
34,29,6875,1138,5737,416,5321,2752,2569
34,30,6131,887,5244,369,4875,2678,2197
34,31,6321,982,5339,387,4952,2898,2054
34,32,4254,578,3676,222,3454,1869,1585
34,33,3188,580,2608,184,2424,1489,935
34,34,1433,216,1217,99,1118,562,556
34,35,10510,1568,8942,578,8364,4003,4361
34,36,15213,2734,12479,656,11823,5386,6437
34,37,15926,2699,13227,833,12394,6441,5953
34,38,22455,4113,18342,1291,17051,8037,9014
34,39,27212,4994,22218,1422,20796,9792,11004
34,40,18862,3832,15030,719,14311,8632,5679
34,41,10554,2303,8251,459,7792,4632,3160
34,42,13012,2684,10328,581,9747,5677,4070
34,43,14148,3209,10939,468,10471,6771,3700
34,44,23781,4208,19573,1013,18560,10031,8529
34,45,13397,3487,9910,467,9443,6923,2520
34,46,27226,5141,22085,1111,20974,11829,9145
34,47,19415,3459,15956,843,15113,7179,7934
34,48,25265,4221,21044,1284,19760,7751,12009
34,49,23280,3636,19644,1261,18383,9308,9075
35,1,6744,959,5785,341,5444,2749,2695
35,2,10414,1445,8969,580,8389,3303,5086
35,3,14788,2189,12599,791,11808,6331,5477
35,4,8096,1052,7044,376,6668,3773,2895
35,5,13354,2192,11162,592,10570,4843,5727
35,6,10104,1424,8680,477,8203,4086,4117
35,7,19336,2493,16843,821,16022,8981,7041
35,8,10027,1417,8610,541,8069,4181,3888
35,9,10599,1499,9100,512,8588,4642,3946
35,10,20579,3153,17426,874,16552,7716,8836
35,11,10649,1699,8950,529,8421,4329,4092
35,12,16762,3007,13755,827,12928,6228,6700
35,13,14287,2358,11929,707,11222,5505,5717
35,14,3698,557,3141,154,2987,1430,1557
35,15,8681,1415,7266,406,6860,2460,4400
35,16,20065,2808,17257,1003,16254,9900,6354
35,17,10216,1237,8979,510,8469,4962,3507
35,18,11610,1545,10065,591,9474,4850,4624
35,19,18594,2255,16339,826,15513,9454,6059
35,20,6485,1018,5467,373,5094,1911,3183
35,21,6073,895,5178,299,4879,2481,2398
35,22,8032,1154,6878,377,6501,3505,2996
35,23,20588,2591,17997,980,17017,10028,6989
35,24,21135,2807,18328,921,17407,10418,6989
35,25,10217,1578,8639,497,8142,4241,3901
35,26,6144,842,5302,321,4981,2516,2465
35,27,11914,1578,10336,600,9736,5258,4478
35,28,13522,2573,10949,573,10376,6097,4279
35,29,10762,1918,8844,279,8565,5028,3537
35,30,12969,2372,10597,363,10234,6760,3474
35,31,18064,2921,15143,675,14468,8731,5737
35,32,13990,2498,11492,403,11089,7411,3678
35,33,9433,1472,7961,464,7497,3308,4189
35,34,18346,2465,15881,871,15010,8949,6061
35,35,7688,1011,6677,429,6248,3158,3090
35,36,8827,1125,7702,467,7235,3668,3567
35,37,21841,4740,17101,802,16299,8089,8210
35,38,7683,1174,6509,407,6102,2956,3146
35,39,18794,3777,15017,790,14227,7620,6607
35,40,4748,581,4167,239,3928,2260,1668
35,41,8319,996,7323,388,6935,4087,2848
35,42,16993,2898,14095,889,13206,5571,7635
35,43,10794,1492,9302,638,8664,3957,4707
35,44,10316,2053,8263,307,7956,4973,2983
35,45,9892,1800,8092,300,7792,5162,2630
35,46,25824,4161,21663,989,20674,13857,6817
35,47,31735,4487,27248,1369,25879,15274,10605
35,48,9788,1835,7953,314,7639,5293,2346
35,49,20018,3650,16368,702,15666,10285,5381
35,50,11003,2547,8456,347,8109,5994,2115
35,51,8708,1922,6786,301,6485,4315,2170
35,52,20534,2569,17965,794,17171,9973,7198
35,53,17312,2316,14996,616,14380,8048,6332
36,1,4958,910,4048,345,3703,2037,1666
36,2,13148,1817,11331,865,10466,5769,4697
36,3,9814,1588,8226,530,7696,4663,3033
36,4,2717,454,2263,150,2113,1104,1009
36,5,8505,1576,6929,469,6460,3421,3039
36,6,9210,1551,7659,603,7056,3738,3318
36,7,12588,2789,9799,551,9248,5002,4246
36,8,4783,715,4068,259,3809,1901,1908
36,9,10367,1653,8714,706,8008,4231,3777
36,10,2929,411,2518,172,2346,1117,1229
36,11,3604,493,3111,224,2887,1770,1117
36,12,9479,1693,7786,562,7224,4396,2828
36,13,8706,1640,7066,512,6554,3893,2661
36,14,5817,920,4897,444,4453,2244,2209
36,15,2846,403,2443,180,2263,1217,1046
36,16,4795,798,3997,319,3678,2052,1626
36,17,4209,738,3471,230,3241,1902,1339
36,18,5121,863,4258,326,3932,2007,1925
36,19,3533,576,2957,201,2756,1593,1163
36,20,2761,555,2206,192,2014,1157,857
36,21,3731,612,3119,229,2890,1413,1477
36,22,6508,1081,5427,465,4962,2525,2437
36,23,3546,588,2958,221,2737,1439,1298
36,24,12256,2618,9638,703,8935,5187,3748
36,25,10888,2119,8769,657,8112,4666,3446
36,26,6953,1909,5044,328,4716,3172,1544
37,1,18116,3181,14935,978,13957,6889,7068
37,2,10658,1554,9104,576,8528,4254,4274
37,3,17735,2741,14994,954,14040,6718,7322
37,4,9064,1572,7492,443,7049,3358,3691
37,5,7585,1262,6323,423,5900,2594,3306
37,6,11599,1914,9685,653,9032,4373,4659
37,7,15069,2652,12417,762,11655,6535,5120
37,8,3223,465,2758,168,2590,1163,1427
37,9,6674,1006,5668,386,5282,2676,2606
37,10,5925,882,5043,349,4694,2144,2550
37,11,8833,1297,7536,531,7005,3589,3416
37,12,5833,762,5071,332,4739,2409,2330
37,13,14657,2505,12152,761,11391,5572,5819
37,14,17952,2634,15318,909,14409,7183,7226
37,15,4314,628,3686,241,3445,1643,1802
37,16,10245,1563,8682,499,8183,3855,4328
37,17,4647,717,3930,245,3685,1534,2151
37,18,4098,515,3583,216,3367,1752,1615
37,19,6398,961,5437,339,5098,2367,2731
37,20,8690,1358,7332,468,6864,3235,3629
37,21,11681,2293,9388,345,9043,4610,4433
37,22,11797,2249,9548,488,9060,4767,4293
37,23,9620,2027,7593,346,7247,4033,3214
37,24,20548,3004,17544,1043,16501,7593,8908
37,25,11000,2539,8461,356,8105,4965,3140
37,26,11299,2449,8850,451,8399,5286,3113
37,27,10120,2330,7790,424,7366,4202,3164
37,28,12188,2302,9886,501,9385,5087,4298
37,29,12482,1889,10593,417,10176,4418,5758
37,30,10599,2442,8157,441,7716,5659,2057
37,31,17190,2951,14239,823,13416,6932,6484
37,32,11571,1685,9886,462,9424,4582,4842
37,33,10805,2233,8572,533,8039,4530,3509
37,34,15533,2533,13000,721,12279,6017,6262
37,35,12083,2468,9615,543,9072,5179,3893
37,36,16766,2550,14216,765,13451,6259,7192
37,37,16338,2483,13855,780,13075,7331,5744
38,1,5778,1015,4763,272,4491,2616,1875
38,2,10757,1988,8769,640,8129,3925,4204
38,3,9284,2019,7265,393,6872,3057,3815
38,4,17250,3189,14061,806,13255,6041,7214
38,5,1792,224,1568,103,1465,755,710
38,6,1927,252,1675,109,1566,793,773
38,7,10707,1762,8945,603,8342,3761,4581
38,8,22278,3573,18705,1112,17593,7321,10272
38,9,21314,3467,17847,995,16852,9468,7384
38,10,16437,2822,13615,799,12816,7196,5620
38,11,11029,1664,9365,611,8754,4218,4536
38,12,17623,3821,13802,562,13240,8670,4570
38,13,14147,2838,11309,374,10935,6368,4567
38,14,13475,2843,10632,444,10188,6812,3376
38,15,15061,2564,12497,807,11690,4661,7029
38,16,2777,397,2380,127,2253,1291,962
38,18,3764,479,3285,156,3129,1622,1507
38,19,20005,3836,16169,1112,15057,6380,8677
38,20,10786,1968,8818,615,8203,4845,3358
38,21,16168,2949,13219,908,12311,5497,6814
38,22,4885,795,4090,289,3801,1937,1864
38,23,22705,3908,18797,1037,17760,9447,8313
38,24,33899,6918,26981,1809,25172,13111,12061
38,25,4999,764,4235,313,3922,1913,2009
38,26,9180,1604,7576,511,7065,3365,3700
38,27,7140,1134,6006,411,5595,2560,3035
38,28,11913,1942,9971,739,9232,3803,5429
38,29,8629,1476,7153,506,6647,3261,3386
38,30,16597,2748,13849,927,12922,6097,6825
38,32,18392,3408,14984,805,14179,8152,6027
38,33,20771,3721,17050,1166,15884,7168,8716
38,34,19199,2503,16696,810,15886,8949,6937
38,35,9261,1681,7580,561,7019,3753,3266
38,36,1882,297,1585,95,1490,854,636
38,37,12406,2096,10310,607,9703,4497,5206
38,38,24384,4486,19898,1189,18709,9607,9102
38,39,22204,3363,18841,1084,17757,8021,9736
38,40,26444,4637,21807,1111,20696,10660,10036
38,41,9716,1340,8376,383,7993,4110,3883
38,42,6752,1211,5541,406,5135,2484,2651
38,43,8347,1260,7087,466,6621,3068,3553
38,44,22414,3896,18518,1050,17468,9332,8136
38,45,33046,5915,27131,1653,25478,13298,12180
38,46,16274,3726,12548,657,11891,5103,6788
38,47,8330,1653,6677,297,6380,4276,2104
38,48,11342,2247,9095,289,8806,5326,3480
38,49,16633,3308,13325,505,12820,8504,4316
38,50,21874,3283,18591,760,17831,8379,9452
38,51,19012,3578,15434,778,14656,8516,6140
38,52,11353,2304,9049,441,8608,5749,2859
38,53,18560,3598,14962,819,14143,6610,7533
38,54,12848,2306,10542,548,9994,6020,3974
38,55,13582,2002,11580,495,11085,6343,4742
38,56,19402,3466,15936,795,15141,8657,6484
38,57,11428,2864,8564,336,8228,5608,2620
38,58,20997,5304,15693,882,14811,8541,6270
38,59,6769,1501,5268,223,5045,3300,1745
38,60,15626,1878,13748,585,13163,5772,7391
39,1,4826,684,4142,251,3891,2096,1795
39,2,3623,573,3050,234,2816,1200,1616
39,3,4839,800,4039,311,3728,1885,1843
39,4,5300,774,4526,337,4189,2015,2174
39,5,2052,295,1757,108,1649,677,972
39,6,12382,1834,10548,800,9748,4559,5189
39,7,2082,290,1792,152,1640,880,760
39,8,5215,699,4516,375,4141,1909,2232
39,9,7701,1271,6430,455,5975,2931,3044
39,10,3946,524,3422,255,3167,1404,1763
39,11,4973,664,4309,330,3979,2054,1925
39,12,4837,753,4084,337,3747,1903,1844
39,13,13742,2215,11527,780,10747,5933,4814
39,14,2235,288,1947,170,1777,882,895
39,15,10488,2045,8443,514,7929,4102,3827
39,16,4319,672,3647,234,3413,1554,1859
39,17,3610,435,3175,193,2982,1457,1525
39,18,2437,363,2074,123,1951,967,984
39,19,10041,1928,8113,578,7535,3004,4531
39,20,2441,278,2163,143,2020,713,1307
39,21,3419,439,2980,259,2721,1189,1532
39,22,1768,281,1487,101,1386,578,808
39,23,6925,1164,5761,429,5332,2705,2627
39,24,4855,574,4281,330,3951,2022,1929
39,25,3622,596,3026,223,2803,1390,1413
39,26,13775,2547,11228,758,10470,5469,5001
39,27,1646,243,1403,109,1294,623,671
39,28,4199,648,3551,258,3293,1420,1873
39,29,4332,734,3598,217,3381,1681,1700
39,30,2657,409,2248,185,2063,1038,1025
39,31,2984,430,2554,168,2386,1165,1221
39,32,5137,662,4475,282,4193,1961,2232
39,33,11490,2367,9123,630,8493,4696,3797
39,34,10318,2275,8043,508,7535,4259,3276
40,1,7614,1080,6534,419,6115,3305,2810
40,2,5868,653,5215,322,4893,2982,1911
40,3,8805,1107,7698,413,7285,4200,3085
40,4,16898,2418,14480,833,13647,8129,5518
40,5,2937,338,2599,193,2406,1329,1077
40,6,3629,519,3110,196,2914,1456,1458
40,7,5985,828,5157,368,4789,2427,2362
40,8,7864,888,6976,401,6575,3946,2629
40,9,2580,348,2232,134,2098,1214,884
40,10,9207,1358,7849,492,7357,4409,2948
40,11,13004,2889,10115,657,9458,5216,4242
40,12,8982,1072,7910,465,7445,4594,2851
40,13,7372,1080,6292,329,5963,4064,1899
40,14,4488,498,3990,222,3768,2588,1180
40,15,20610,3580,17030,1062,15968,7722,8246
40,16,8822,1293,7529,465,7064,4160,2904
40,17,2772,446,2326,142,2184,1273,911
40,18,8437,1124,7313,419,6894,4215,2679
40,19,6206,884,5322,361,4961,2856,2105
40,20,4645,731,3914,216,3698,2318,1380
40,21,19483,2946,16537,929,15608,9765,5843
40,22,8023,1058,6965,441,6524,3628,2896
40,23,23708,3668,20040,1112,18928,10336,8592
40,24,1467,168,1299,95,1204,733,471
40,25,22176,3300,18876,1003,17873,9120,8753
40,26,4478,601,3877,283,3594,2215,1379
40,27,8277,1189,7088,499,6589,4323,2266
40,28,4688,645,4043,294,3749,2076,1673
40,29,22307,3745,18562,1025,17537,9361,8176
40,30,25387,4486,20901,1325,19576,10912,8664
41,1,11993,2323,9670,552,9118,4466,4652
41,2,10255,1739,8516,535,7981,4210,3771
41,3,13175,1996,11179,788,10391,5005,5386
41,4,14952,2297,12655,851,11804,5454,6350
41,5,2572,347,2225,167,2058,782,1276
41,6,11850,1733,10117,695,9422,4509,4913
41,7,8278,1333,6945,442,6503,2822,3681
41,8,4739,792,3947,218,3729,1584,2145
41,9,5484,938,4546,383,4163,2008,2155
41,10,8577,1299,7278,521,6757,3327,3430
41,11,4682,693,3989,290,3699,1458,2241
41,12,7260,1238,6022,437,5585,2472,3113
41,13,11995,1977,10018,640,9378,4185,5193
41,14,6587,1066,5521,371,5150,2316,2834
41,15,4669,755,3914,246,3668,1392,2276
41,16,4081,610,3471,265,3206,1243,1963
41,17,9582,1945,7637,510,7127,3255,3872
41,18,13486,2308,11178,797,10381,4875,5506
41,19,3772,618,3154,236,2918,1224,1694
41,20,10794,1968,8826,620,8206,3833,4373
41,21,4793,858,3935,332,3603,1711,1892
41,22,8046,1418,6628,477,6151,2689,3462
41,23,3019,421,2598,168,2430,1018,1412
41,24,9313,1582,7731,527,7204,3854,3350
41,25,10139,2299,7840,435,7405,3947,3458
41,26,5056,1677,3379,152,3227,2230,997
41,27,8159,1423,6736,451,6285,3511,2774
41,28,11146,1901,9245,623,8622,4257,4365
41,29,6758,1405,5353,339,5014,2371,2643
41,30,7907,1194,6713,441,6272,3174,3098
42,1,4331,713,3618,268,3350,1318,2032
42,2,9929,1597,8332,675,7657,4112,3545
42,3,5230,892,4338,329,4009,2045,1964
42,4,13151,3144,10007,723,9284,5685,3599
42,5,11453,1936,9517,693,8824,4168,4656
42,6,7780,1114,6666,404,6262,2508,3754
42,7,19289,3337,15952,1133,14819,6219,8600
42,8,21485,4116,17369,1219,16150,9307,6843
42,9,22079,3808,18271,1207,17064,8361,8703
42,10,6279,1085,5194,448,4746,2092,2654
42,11,3515,580,2935,202,2733,1503,1230
42,12,3382,552,2830,180,2650,1310,1340
42,13,11826,1924,9902,728,9174,4468,4706
42,14,12012,1815,10197,680,9517,4282,5235
42,15,18147,3263,14884,915,13969,7603,6366
42,16,20602,3699,16903,1000,15903,8496,7407
42,17,6370,966,5404,365,5039,2097,2942
42,18,13607,3096,10511,831,9680,5246,4434
42,19,12249,3048,9201,418,8783,5617,3166
42,20,18818,3897,14921,834,14087,8087,6000
42,21,15187,3042,12145,640,11505,6145,5360
42,22,21699,4075,17624,980,16644,8839,7805
42,23,27039,4447,22592,1361,21231,8967,12264
42,24,6540,802,5738,369,5369,2236,3133
42,25,3281,498,2783,201,2582,1102,1480
42,26,4678,827,3851,251,3600,1564,2036
42,27,10287,1455,8832,700,8132,3996,4136
42,28,21523,2894,18629,1066,17563,7434,10129
42,29,5726,868,4858,380,4478,2453,2025
42,30,3999,685,3314,266,3048,1341,1707
42,31,28722,4926,23796,1704,22092,10213,11879
42,32,9668,1524,8144,645,7499,3258,4241
42,33,16023,2726,13297,886,12411,6360,6051
42,34,25431,4228,21203,1474,19729,9945,9784
42,35,15123,3411,11712,639,11073,6243,4830
42,36,11818,2699,9119,440,8679,4617,4062
42,37,13142,2814,10328,528,9800,5493,4307
42,38,7143,1854,5289,240,5049,3193,1856
42,39,10087,2460,7627,411,7216,4482,2734
42,40,11082,2778,8304,561,7743,4117,3626
43,1,2527,440,2087,182,1905,868,1037
43,2,7252,1215,6037,392,5645,3721,1924
43,3,5752,863,4889,394,4495,1939,2556
43,4,1834,265,1569,113,1456,809,647
43,5,5781,905,4876,337,4539,2905,1634
43,6,2156,272,1884,169,1715,731,984
43,7,1989,351,1638,138,1500,702,798
43,8,3667,689,2978,264,2714,1115,1599
43,9,1639,275,1364,126,1238,537,701
43,10,6164,975,5189,394,4795,2630,2165
43,11,2173,347,1826,134,1692,901,791
43,12,3871,526,3345,294,3051,1489,1562
43,13,3690,501,3189,216,2973,1504,1469
43,14,10682,1515,9167,754,8413,4040,4373
43,15,5585,741,4844,397,4447,1562,2885
43,16,3506,642,2864,233,2631,1548,1083
43,17,971,214,757,66,691,306,385
43,18,2630,403,2227,160,2067,951,1116
43,19,7979,1138,6841,431,6410,3502,2908
43,20,8680,1506,7174,486,6688,3851,2837
43,21,2781,422,2359,192,2167,1197,970
43,22,11151,1714,9437,777,8660,4071,4589
43,23,5780,770,5010,367,4643,2790,1853
43,24,4211,494,3717,314,3403,1664,1739
43,25,3465,504,2961,230,2731,1043,1688
43,26,4534,586,3948,317,3631,1872,1759
43,27,7063,1279,5784,382,5402,2872,2530
43,28,4468,650,3818,330,3488,1731,1757
43,29,9415,1382,8033,726,7307,3479,3828
43,30,4144,682,3462,309,3153,1544,1609
43,31,8226,1343,6883,456,6427,3834,2593
43,32,5005,976,4029,230,3799,1981,1818
43,33,5434,992,4442,249,4193,2182,2011
43,34,5158,863,4295,301,3994,2389,1605
43,35,6665,1016,5649,521,5128,2228,2900
44,1,17324,2309,15015,895,14120,7191,6929
44,2,18230,2746,15484,935,14549,7675,6874
44,3,13754,2268,11486,747,10739,6043,4696
44,4,34036,5094,28942,1432,27510,17371,10139
44,5,9803,1384,8419,464,7955,3768,4187
44,6,31687,4140,27547,1404,26143,14394,11749
44,7,28896,3967,24929,1221,23708,13232,10476
44,8,11991,2177,9814,586,9228,4819,4409
44,9,17134,2284,14850,896,13954,6918,7036
44,10,10875,1738,9137,412,8725,3606,5119
44,11,6555,1085,5470,326,5144,2691,2453
44,12,6896,1028,5868,284,5584,3036,2548
44,13,27010,4316,22694,1116,21578,9916,11662
44,14,11507,1482,10025,637,9388,5144,4244
44,15,5879,876,5003,233,4770,2096,2674
44,16,8845,1301,7544,447,7097,3775,3322
44,17,18379,2520,15859,939,14920,7408,7512
44,18,10636,1609,9027,541,8486,3797,4689
44,19,5019,700,4319,245,4074,1878,2196
44,20,17371,3082,14289,507,13782,7641,6141
44,21,21277,4103,17174,695,16479,10089,6390
44,22,17984,3680,14304,536,13768,9251,4517
44,23,21787,3638,18149,652,17497,8231,9266
44,24,15862,3446,12416,491,11925,8510,3415
44,25,17223,3112,14111,547,13564,7517,6047
44,26,13004,2832,10172,448,9724,6567,3157
44,27,18484,2740,15744,1010,14734,7918,6816
44,28,11125,1699,9426,548,8878,4920,3958
44,29,13617,2097,11520,632,10888,6000,4888
44,30,21126,2850,18276,1091,17185,10541,6644
44,31,17786,2845,14941,963,13978,8822,5156
44,32,23062,3297,19765,1010,18755,8263,10492
44,33,5740,807,4933,309,4624,2325,2299
44,34,3254,515,2739,178,2561,1234,1327
44,35,27364,4082,23282,1400,21882,13616,8266
44,36,10676,1555,9121,556,8565,4932,3633
44,37,4015,544,3471,210,3261,1565,1696
44,38,4486,646,3840,243,3597,1363,2234
44,39,13975,3078,10897,596,10301,7281,3020
44,40,9171,1355,7816,444,7372,4325,3047
44,41,8623,1398,7225,470,6755,3097,3658
44,42,14847,2100,12747,780,11967,5667,6300
44,43,16858,2393,14465,878,13587,8273,5314
44,44,13307,1798,11509,685,10824,5232,5592
44,45,6550,970,5580,342,5238,2573,2665
44,46,23280,2721,20559,997,19562,10657,8905
44,47,17336,3001,14335,938,13397,9353,4044
44,48,17551,3224,14327,625,13702,8713,4989
44,49,20534,3762,16772,743,16029,10692,5337
44,50,26307,4199,22108,955,21153,13261,7892
44,51,22386,3983,18403,924,17479,12059,5420
44,52,16949,3866,13083,636,12447,7996,4451
44,53,15188,2768,12420,566,11854,7561,4293
44,54,25128,3906,21222,1083,20139,10706,9433
44,55,17437,3315,14122,684,13438,8784,4654
44,56,17649,3352,14297,738,13559,8831,4728
44,57,24320,3993,20327,908,19419,7150,12269
44,58,11396,2585,8811,366,8445,5536,2909
44,59,17129,2036,15093,702,14391,7674,6717
45,1,6464,986,5478,411,5067,1968,3099
45,2,12229,2232,9997,642,9355,4440,4915
45,3,7561,1274,6287,500,5787,2264,3523
45,4,5033,819,4214,274,3940,1403,2537
45,5,8568,1621,6947,498,6449,2939,3510
45,6,14986,2429,12557,832,11725,5044,6681
45,7,7760,1291,6469,440,6029,2247,3782
45,8,7737,1394,6343,422,5921,2313,3608
45,9,5670,1022,4648,373,4275,1980,2295
45,10,5939,794,5145,351,4794,2219,2575
45,11,7467,1318,6149,432,5717,2057,3660
45,12,11724,2159,9565,731,8834,3521,5313
45,13,10539,1499,9040,555,8485,3746,4739
45,14,17237,3355,13882,1048,12834,5472,7362
45,15,13466,1996,11470,728,10742,4971,5771
45,16,6881,1025,5856,411,5445,2019,3426
45,17,7805,1683,6122,456,5666,2431,3235
45,18,13977,2511,11466,697,10769,4611,6158
45,19,8880,2631,6249,375,5874,2828,3046
45,20,10980,1684,9296,622,8674,3878,4796
45,21,9534,1857,7677,355,7322,3696,3626
45,22,10324,1857,8467,365,8102,3948,4154
45,23,10959,2109,8850,463,8387,4259,4128
45,24,9261,2047,7214,380,6834,4178,2656
45,25,12616,2296,10320,552,9768,4989,4779
45,26,6282,997,5285,396,4889,1880,3009
45,27,7207,1146,6061,475,5586,2275,3311
45,28,4415,650,3765,310,3455,1270,2185
45,29,15825,3058,12767,892,11875,5167,6708
45,30,5106,962,4144,330,3814,1575,2239
45,31,8374,1505,6869,454,6415,2529,3886
45,32,17161,3262,13899,965,12934,5148,7786
45,33,14267,3069,11198,838,10360,5520,4840
45,34,14076,2936,11140,674,10466,5948,4518
45,35,20281,3090,17191,830,16361,7033,9328
45,36,14939,2712,12227,699,11528,5971,5557
45,37,9753,2100,7653,444,7209,4142,3067
45,38,13561,1900,11661,677,10984,5021,5963
45,39,26015,4795,21220,1279,19941,10152,9789
45,40,13856,1944,11912,669,11243,5011,6232
45,41,8255,1847,6408,303,6105,4226,1879
46,1,6720,753,5967,373,5594,3633,1961
46,2,5434,882,4552,268,4284,2783,1501
46,3,8063,1246,6817,412,6405,4092,2313
46,4,2654,288,2366,131,2235,1310,925
46,5,3322,417,2905,198,2707,1495,1212
46,6,4270,472,3798,217,3581,2296,1285
46,7,2181,265,1916,109,1807,1061,746
46,8,6734,1116,5618,369,5249,3230,2019
46,9,7875,1121,6754,421,6333,4130,2203
46,10,6433,856,5577,337,5240,3201,2039
46,11,5885,754,5131,331,4800,2816,1984
46,12,1808,186,1622,97,1525,824,701
46,13,5221,648,4573,289,4284,2826,1458
46,14,4674,485,4189,254,3935,2358,1577
46,15,2199,301,1898,153,1745,1082,663
46,16,1416,178,1238,81,1157,693,464
46,17,2819,298,2521,152,2369,1446,923
46,18,3337,431,2906,179,2727,1820,907
46,19,5397,636,4761,267,4494,2783,1711
46,20,4485,544,3941,267,3674,2181,1493
46,21,2983,419,2564,150,2414,1324,1090
46,22,2097,269,1828,123,1705,1075,630
46,23,7199,1081,6118,445,5673,3274,2399
46,24,6219,776,5443,308,5135,3172,1963
46,25,2073,283,1790,100,1690,1081,609
46,26,1878,224,1654,123,1531,908,623
46,27,2158,355,1803,128,1675,1021,654
46,28,5988,808,5180,319,4861,2952,1909
46,29,3675,476,3199,193,3006,1858,1148
46,30,1235,161,1074,69,1005,669,336
46,31,8779,1362,7417,414,7003,4587,2416
47,1,8637,1557,7080,377,6703,3668,3035
47,2,7346,1186,6160,428,5732,3244,2488
47,3,6555,973,5582,427,5155,2568,2587
47,4,2011,242,1769,138,1631,819,812
47,5,2353,289,2064,162,1902,1023,879
47,6,4497,542,3955,268,3687,1835,1852
47,7,5193,918,4275,297,3978,2151,1827
47,8,2691,388,2303,159,2144,1051,1093
47,9,2567,348,2219,161,2058,996,1062
47,10,3924,599,3325,233,3092,1537,1555
47,11,3572,481,3091,224,2867,1219,1648
47,12,2303,329,1974,157,1817,766,1051
47,13,8083,1256,6827,473,6354,3789,2565
47,14,1328,177,1151,56,1095,648,447
47,15,9191,1125,8066,537,7529,3595,3934
47,16,3365,405,2960,187,2773,1423,1350
47,17,6971,999,5972,480,5492,2837,2655
47,18,6587,1021,5566,401,5165,2621,2544
47,19,11450,2143,9307,691,8616,4287,4329
47,20,4763,578,4185,311,3874,2078,1796
47,21,3823,504,3319,264,3055,1604,1451
47,22,3059,419,2640,183,2457,1242,1215
47,23,3149,424,2725,178,2547,1222,1325
47,24,4729,580,4149,299,3850,2069,1781
47,25,7597,1189,6408,486,5922,3061,2861
47,26,6063,870,5193,369,4824,2310,2514
47,27,6487,1125,5362,363,4999,2474,2525
47,28,3495,449,3046,209,2837,1339,1498
47,29,5819,817,5002,360,4642,2258,2384
47,30,6096,1089,5007,345,4662,2350,2312
47,31,4743,550,4193,357,3836,1858,1978
47,32,10029,1838,8191,662,7529,3970,3559
47,33,5069,745,4324,284,4040,2330,1710
47,34,11942,2348,9594,558,9036,4558,4478
47,35,2886,383,2503,206,2297,1214,1083
47,36,10740,1671,9069,609,8460,4378,4082
47,37,8973,1755,7218,498,6720,3431,3289
47,38,10349,1976,8373,570,7803,4075,3728
47,39,12414,2250,10164,670,9494,4885,4609
47,40,9849,1515,8334,579,7755,3983,3772
48,1,1994,257,1737,126,1611,523,1088
48,2,1189,158,1031,50,981,691,290
48,3,1719,235,1484,110,1374,672,702
48,4,2561,311,2250,164,2086,898,1188
48,5,2055,246,1809,129,1680,917,763
48,6,1313,209,1104,82,1022,429,593
48,7,3047,415,2632,149,2483,1641,842
48,8,1242,158,1084,100,984,289,695
48,9,1489,227,1262,93,1169,582,587
48,10,3662,624,3038,228,2810,1376,1434
48,11,2096,264,1832,147,1685,661,1024
48,12,5622,810,4812,378,4434,2180,2254
48,13,839,76,763,49,714,300,414
48,14,6720,932,5788,355,5433,2858,2575
48,15,1226,152,1074,70,1004,529,475
48,16,1031,117,914,59,855,196,659
48,17,1267,222,1045,54,991,719,272
48,18,1819,312,1507,73,1434,613,821
48,19,1842,203,1639,138,1501,549,952
48,20,4954,651,4303,267,4036,1832,2204
48,21,1177,167,1010,67,943,492,451
48,22,2623,386,2237,138,2099,1456,643
48,23,2485,272,2213,154,2059,992,1067
48,24,1538,246,1292,76,1216,604,612
48,25,4375,728,3647,224,3423,1992,1431
49,1,20917,3885,17032,906,16126,9016,7110
49,2,19803,3510,16293,882,15411,8682,6729
49,3,19958,3561,16397,662,15735,7514,8221
49,4,8365,1252,7113,408,6705,3192,3513
49,5,13754,2090,11664,757,10907,5599,5308
49,6,21070,3252,17818,1177,16641,6819,9822
49,7,5400,787,4613,261,4352,1580,2772
49,8,9186,1336,7850,465,7385,3797,3588
49,9,11357,1584,9773,707,9066,3991,5075
49,10,8835,1227,7608,469,7139,3094,4045
49,11,12139,1868,10271,605,9666,3763,5903
49,12,18875,2895,15980,962,15018,7161,7857
49,13,10664,1900,8764,561,8203,3498,4705
49,14,7481,1169,6312,373,5939,2508,3431
49,15,5574,749,4825,282,4543,2232,2311
49,16,9267,1423,7844,411,7433,3503,3930
49,17,9450,1658,7792,533,7259,3167,4092
49,18,7330,921,6409,419,5990,2807,3183
49,19,18487,2806,15681,1038,14643,6415,8228
49,20,9302,1689,7613,554,7059,3336,3723
49,21,11671,1636,10035,728,9307,3608,5699
49,22,4401,699,3702,222,3480,1531,1949
49,23,30244,4248,25996,1341,24655,13156,11499
49,24,7595,1180,6415,342,6073,2729,3344
49,25,13394,1671,11723,858,10865,4603,6262
49,26,12528,1594,10934,680,10254,5292,4962
49,27,8570,1437,7133,468,6665,2737,3928
49,28,7810,1408,6402,393,6009,2829,3180
49,29,21570,3996,17574,1011,16563,7343,9220
49,30,12553,2106,10447,644,9803,4592,5211
49,31,8612,1269,7343,454,6889,3511,3378
49,32,15177,2025,13152,824,12328,5677,6651
49,33,11339,1623,9716,613,9103,4454,4649
49,34,11216,1719,9497,583,8914,3317,5597
49,35,18214,3190,15024,816,14208,7253,6955
49,36,21223,3580,17643,1042,16601,10063,6538
49,37,14626,2973,11653,596,11057,6566,4491
49,38,22446,3903,18543,926,17617,10388,7229
49,39,18042,2715,15327,811,14516,7895,6621
49,40,19691,3536,16155,896,15259,8015,7244
49,41,15055,2603,12452,583,11869,6378,5491
50,1,14865,2420,12445,715,11730,5873,5857
50,2,2329,359,1970,121,1849,750,1099
50,3,6358,1025,5333,313,5020,2237,2783
50,4,9096,1214,7882,449,7433,4264,3169
50,5,4668,694,3974,251,3723,1548,2175
50,6,9242,1448,7794,502,7292,3425,3867
50,7,8606,1545,7061,453,6608,3448,3160
50,8,5223,710,4513,277,4236,2082,2154
50,9,9098,1665,7433,393,7040,3536,3504
50,10,4072,677,3395,236,3159,1400,1759
50,11,7475,1616,5859,264,5595,2998,2597
50,12,8406,1475,6931,351,6580,3657,2923
50,13,5659,834,4825,354,4471,2055,2416
50,14,4114,633,3481,234,3247,1297,1950
50,15,19415,3493,15922,802,15120,7683,7437
50,16,6335,995,5340,315,5025,2383,2642
50,17,5421,760,4661,312,4349,2029,2320
50,18,2358,236,2122,142,1980,804,1176
50,19,1849,342,1507,101,1406,502,904
50,20,7836,1316,6520,359,6161,2755,3406
50,21,5601,860,4741,301,4440,2192,2248
50,22,5200,823,4377,228,4149,2065,2084
50,23,7122,1077,6045,367,5678,2733,2945
50,24,4589,668,3921,270,3651,1530,2121
50,25,12506,2499,10007,572,9435,5799,3636
50,26,3931,683,3248,250,2998,1108,1890
50,27,4590,804,3786,225,3561,1587,1974
50,28,10079,1659,8420,512,7908,4256,3652
50,29,5014,746,4268,265,4003,1723,2280
50,30,7504,1434,6070,312,5758,2231,3527
50,31,5853,880,4973,288,4685,2332,2353
50,32,8872,1278,7594,442,7152,2681,4471
50,33,5219,794,4425,291,4134,1765,2369
50,34,4994,828,4166,260,3906,1903,2003
50,35,10093,1977,8116,417,7699,4713,2986
50,36,8705,1185,7520,412,7108,3233,3875
50,37,6038,923,5115,287,4828,2034,2794
50,38,6848,1073,5775,313,5462,2707,2755
50,39,2201,362,1839,112,1727,616,1111
50,40,4493,677,3816,227,3589,1753,1836
50,41,5237,830,4407,291,4116,2019,2097
50,42,6230,897,5333,312,5021,2193,2828
50,43,3617,576,3041,198,2843,1184,1659
50,44,2327,377,1950,136,1814,555,1259
50,45,4535,669,3866,272,3594,1524,2070
50,46,9708,1375,8333,566,7767,3691,4076
50,47,10635,1682,8953,518,8435,4312,4123
50,48,6309,1074,5235,343,4892,2049,2843
50,49,7221,1725,5496,248,5248,3244,2004
50,50,18517,3488,15029,815,14214,9066,5148
50,51,19508,3666,15842,879,14963,9291,5672
50,52,10055,1833,8222,427,7795,4191,3604
51,1,5119,853,4266,350,3916,1608,2308
51,2,7576,1233,6343,436,5907,2179,3728
51,3,13443,2430,11013,767,10246,4655,5591
51,4,7317,1176,6141,391,5750,2168,3582
51,5,17448,2923,14525,915,13610,5709,7901
51,6,7968,1821,6147,332,5815,2635,3180
51,7,3412,576,2836,161,2675,744,1931
51,8,2571,415,2156,154,2002,651,1351
51,9,7236,1365,5871,386,5485,2017,3468
51,10,5669,919,4750,344,4406,1630,2776
51,11,8580,2206,6374,445,5929,2664,3265
51,12,4311,682,3629,278,3351,1207,2144
51,13,4146,751,3395,275,3120,1161,1959
51,14,11227,2065,9162,625,8537,3640,4897
51,15,2961,463,2498,224,2274,804,1470
51,16,7370,955,6415,417,5998,2239,3759
51,17,5587,1197,4390,317,4073,1397,2676
51,18,3348,596,2752,217,2535,943,1592
51,19,18758,4007,14751,736,14015,6480,7535
51,20,13888,3586,10302,476,9826,4916,4910
51,21,9241,2270,6971,332,6639,3481,3158
51,22,10482,2685,7797,502,7295,3803,3492
51,23,6335,1181,5154,406,4748,1871,2877
51,24,3632,614,3018,262,2756,1060,1696
51,25,7721,1743,5978,404,5574,2305,3269
51,26,1855,301,1554,107,1447,427,1020
51,27,9110,1859,7251,514,6737,2182,4555
51,28,8865,1868,6997,520,6477,2626,3851
51,29,5322,832,4490,304,4186,1409,2777
51,30,11035,1748,9287,547,8740,3226,5514
51,31,10271,1524,8747,502,8245,2996,5249
51,32,1900,371,1529,93,1436,484,952
51,33,8906,1692,7214,525,6689,3009,3680
51,34,9046,1998,7048,440,6608,2864,3744
51,35,11006,2569,8437,576,7861,3500,4361
51,36,11170,2643,8527,482,8045,4616,3429
51,37,14194,3350,10844,737,10107,5009,5098
51,38,10619,3232,7387,324,7063,4152,2911
51,39,14045,3301,10744,601,10143,4706,5437
51,40,12471,2803,9668,594,9074,4906,4168
51,41,9437,2108,7329,414,6915,3616,3299
51,42,13183,3625,9558,577,8981,5448,3533
51,43,10999,2744,8255,498,7757,4010,3747
51,44,13353,3528,9825,502,9323,5003,4320
52,1,2703,434,2269,169,2100,885,1215
52,2,2204,336,1868,107,1761,710,1051
52,3,1465,213,1252,76,1176,473,703
52,4,3338,640,2698,194,2504,968,1536
52,5,2829,451,2378,165,2213,926,1287
52,6,3267,569,2698,220,2478,997,1481
52,7,9398,1904,7494,495,6999,3396,3603
52,8,4957,946,4011,401,3610,1619,1991
52,9,1632,312,1320,91,1229,517,712
52,10,3180,560,2620,217,2403,1063,1340
52,11,1990,372,1618,142,1476,547,929
52,12,3518,478,3040,226,2814,1325,1489
52,13,5349,1176,4173,334,3839,1832,2007
52,14,2479,444,2035,172,1863,628,1235
52,15,1190,196,994,79,915,481,434
52,16,9710,1877,7833,488,7345,3592,3753
52,17,5377,808,4569,366,4203,2071,2132
52,18,4247,753,3494,279,3215,1165,2050
52,19,2391,464,1927,155,1772,728,1044
52,20,3757,695,3062,231,2831,1323,1508
52,21,6909,1252,5657,415,5242,2517,2725
52,22,1608,323,1285,106,1179,399,780
52,23,3028,518,2510,204,2306,970,1336
52,24,2047,334,1713,126,1587,670,917
52,25,8462,2230,6232,361,5871,2600,3271
52,26,2225,358,1867,157,1710,794,916
52,27,4293,701,3592,265,3327,1648,1679
52,28,5855,1176,4679,414,4265,1938,2327
52,29,12241,2897,9344,625,8719,4541,4178
52,30,4466,1061,3405,253,3152,1544,1608
52,31,8093,1679,6414,503,5911,2483,3428
52,32,4573,1274,3299,264,3035,1615,1420
53,1,3950,575,3375,214,3161,1474,1687
53,2,13245,1747,11498,711,10787,5703,5084
53,3,3865,650,3215,209,3006,1256,1750
53,4,4284,676,3608,224,3384,1351,2033
53,5,7096,1068,6028,378,5650,2545,3105
53,6,9096,1392,7704,398,7306,2991,4315
53,7,6678,959,5719,325,5394,2008,3386
53,8,3178,559,2619,194,2425,826,1599
53,9,7652,1302,6350,379,5971,2481,3490
53,10,8035,1202,6833,471,6362,2603,3759
53,11,9713,1767,7946,573,7373,3587,3786
53,12,5338,927,4411,232,4179,1517,2662
53,13,4927,809,4118,279,3839,1700,2139
53,14,2826,443,2383,167,2216,801,1415
53,15,5091,806,4285,294,3991,1359,2632
53,16,2632,355,2277,148,2129,833,1296
53,17,11252,1643,9609,564,9045,4700,4345
53,18,8056,1412,6644,350,6294,3527,2767
53,19,11880,1784,10096,666,9430,4508,4922
53,20,11934,1877,10057,654,9403,4890,4513
53,21,10310,1742,8568,502,8066,4239,3827
53,22,5969,920,5049,273,4776,1864,2912
53,23,4044,590,3454,231,3223,1477,1746
53,24,4296,768,3528,251,3277,1490,1787
53,25,5961,974,4987,293,4694,2089,2605
53,26,3315,576,2739,215,2524,1067,1457
53,27,5105,890,4215,308,3907,1794,2113
53,28,8011,1430,6581,301,6280,3232,3048
53,29,8643,1609,7034,388,6646,3895,2751
53,30,4406,1006,3400,212,3188,1970,1218
53,31,7857,1290,6567,407,6160,2744,3416
53,32,12849,1683,11166,683,10483,5401,5082
54,1,1168,176,992,81,911,306,605
54,2,15275,3430,11845,788,11057,6784,4273
54,3,7989,1529,6460,493,5967,2601,3366
54,4,2512,453,2059,146,1913,938,975
54,5,10220,1779,8441,672,7769,4233,3536
54,6,4425,693,3732,278,3454,1380,2074
54,7,12095,2709,9386,546,8840,5465,3375
54,8,2873,494,2379,178,2201,980,1221
54,9,2564,592,1972,145,1827,876,951
54,10,5796,887,4909,386,4523,1997,2526
54,11,14834,2940,11894,766,11128,6756,4372
54,12,10479,1742,8737,561,8176,3796,4380
54,13,5010,672,4338,335,4003,1873,2130
54,14,6757,968,5789,439,5350,2398,2952
54,15,10519,2244,8275,521,7754,3637,4117
54,16,8269,2305,5964,287,5677,3444,2233
54,17,9549,1923,7626,540,7086,3508,3578
54,18,15798,3474,12324,889,11435,5677,5758
54,19,12423,3193,9230,367,8863,5099,3764
54,20,12153,3005,9148,373,8775,5254,3521
54,21,17427,3633,13794,560,13234,6500,6734
54,22,12400,2814,9586,427,9159,5165,3994
54,23,7675,1242,6433,458,5975,2982,2993
54,24,14044,3288,10756,701,10055,4977,5078
54,25,20387,4129,16258,1118,15140,7590,7550
54,26,3362,518,2844,245,2599,1120,1479
54,27,18901,3812,15089,1017,14072,6622,7450
54,28,10278,1917,8361,603,7758,3474,4284
54,29,7371,1117,6254,427,5827,2593,3234
54,30,11913,2713,9200,557,8643,5516,3127
54,31,12091,2483,9608,546,9062,6373,2689
54,32,13844,2987,10857,611,10246,5660,4586
54,33,14477,2693,11784,767,11017,6040,4977
54,34,19675,4075,15600,964,14636,8461,6175
54,35,13925,3056,10869,605,10264,5140,5124
54,36,7331,1615,5716,301,5415,3440,1975
54,37,11078,2417,8661,498,8163,5065,3098
54,38,17766,3417,14349,830,13519,7067,6452
54,39,20289,4199,16090,820,15270,8083,7187
54,40,17538,3295,14243,935,13308,7025,6283
54,41,15206,3239,11967,892,11075,5666,5409
54,42,16420,2737,13683,789,12894,6724,6170
54,43,13295,2267,11028,664,10364,5024,5340
54,44,8051,1576,6475,322,6153,3319,2834
55,1,7666,1274,6392,594,5798,2582,3216
55,2,8165,1648,6517,470,6047,3331,2716
55,3,6600,1156,5444,358,5086,2156,2930
55,4,3307,561,2746,193,2553,1121,1432
55,5,9295,1699,7596,482,7114,3684,3430
55,6,1992,320,1672,88,1584,648,936
55,7,2501,413,2088,148,1940,919,1021
55,8,5298,965,4333,322,4011,1672,2339
55,9,3923,631,3292,266,3026,1301,1725
55,10,3685,603,3082,310,2772,1251,1521
55,11,8191,1484,6707,511,6196,3124,3072
55,12,1765,271,1494,118,1376,463,913
55,13,2148,393,1755,160,1595,607,988
55,14,4318,928,3390,219,3171,1446,1725
55,15,2871,415,2456,227,2229,1009,1220
55,16,5828,1061,4767,430,4337,2054,2283
55,17,5701,965,4736,387,4349,1814,2535
55,18,2938,424,2514,188,2326,1029,1297
55,19,5834,1039,4795,336,4459,2226,2233
55,20,4339,851,3488,259,3229,1612,1617
55,21,1546,196,1350,107,1243,437,806
55,22,1232,204,1028,96,932,363,569
55,23,2400,385,2015,181,1834,679,1155
55,24,3772,667,3105,220,2885,1161,1724
55,25,3040,444,2596,201,2395,1163,1232
55,26,5631,1310,4321,291,4030,1985,2045
55,27,2943,425,2518,186,2332,1000,1332
55,28,4359,738,3621,323,3298,1407,1891
55,29,7265,1342,5923,380,5543,2776,2767
55,30,7030,1951,5079,292,4787,2166,2621
55,31,4530,1061,3469,188,3281,1674,1607
56,1,12115,1618,10497,584,9913,5437,4476
56,2,26754,4217,22537,1165,21372,10435,10937
56,3,10738,1410,9328,641,8687,4858,3829
56,4,12533,1969,10564,672,9892,4937,4955
56,5,6806,843,5963,409,5554,3162,2392
56,6,14911,2052,12859,710,12149,6392,5757
56,7,8212,1251,6961,430,6531,3778,2753
56,8,8251,1206,7045,423,6622,3183,3439
56,9,6732,1026,5706,348,5358,3104,2254
56,10,15188,2142,13046,795,12251,6188,6063
56,11,2191,359,1832,85,1747,972,775
56,12,5200,834,4366,257,4109,2355,1754
56,13,7875,1033,6842,355,6487,3003,3484
56,14,23207,3674,19533,1213,18320,11381,6939
56,15,8662,1232,7430,468,6962,3230,3732
56,16,11812,1739,10073,755,9318,4459,4859
56,17,9937,1992,7945,397,7548,4188,3360
56,18,14851,3293,11558,591,10967,6799,4168
56,19,12741,1757,10984,645,10339,5078,5261
56,20,4525,715,3810,179,3631,1976,1655
56,21,11061,1251,9810,593,9217,4502,4715
56,22,4392,714,3678,177,3501,1914,1587
56,23,12025,1844,10181,642,9539,4777,4762
56,24,10185,1566,8619,641,7978,4390,3588
56,25,16658,2453,14205,890,13315,7169,6146
56,26,19021,2874,16147,1035,15112,8210,6902
56,27,28795,4325,24470,1450,23020,11797,11223
56,28,23198,3173,20025,1249,18776,10247,8529
56,29,12747,1820,10927,695,10232,5440,4792
56,30,14999,2343,12656,637,12019,4268,7751
56,31,12296,1796,10500,614,9886,4636,5250
56,32,6891,957,5934,296,5638,2688,2950
56,33,7087,929,6158,410,5748,2492,3256
56,34,7999,1195,6804,496,6308,2837,3471
56,35,12538,1596,10942,490,10452,4329,6123
56,36,4000,671,3329,172,3157,1450,1707
56,37,33895,5155,28740,1466,27274,13895,13379
56,38,24338,3540,20798,967,19831,9526,10305
56,39,16892,3012,13880,645,13235,6325,6910
56,40,16539,3221,13318,833,12485,8209,4276
56,41,13611,2768,10843,514,10329,6267,4062
56,42,23247,3854,19393,1061,18332,8965,9367
57,1,5172,988,4184,300,3884,1341,2543
57,2,9948,1976,7972,509,7463,3019,4444
57,3,15619,3109,12510,937,11573,4873,6700
57,4,22859,4993,17866,1202,16664,7549,9115
57,5,17448,3451,13997,831,13166,5273,7893
57,6,4935,841,4094,284,3810,1506,2304
57,7,4246,676,3570,265,3305,1346,1959
57,8,4946,971,3975,296,3679,1547,2132
57,9,17879,3641,14238,1034,13204,5872,7332
57,10,6112,1007,5105,381,4724,1535,3189
57,11,16389,3828,12561,704,11857,6797,5060
57,12,13914,4272,9642,524,9118,4425,4693
57,13,16701,2935,13766,834,12932,6007,6925
57,14,10839,1887,8952,625,8327,3274,5053
57,15,15141,4066,11075,792,10283,5797,4486
57,16,5376,1034,4342,290,4052,1530,2522
57,17,12330,3621,8709,485,8224,4387,3837
57,18,15632,4195,11437,621,10816,5460,5356
57,19,25295,6372,18923,963,17960,9061,8899
57,20,21449,4610,16839,997,15842,7202,8640
57,21,27372,5199,22173,1555,20618,9663,10955
57,22,15007,3756,11251,764,10487,6378,4109
57,23,15139,2333,12806,843,11963,5146,6817
57,24,13478,2562,10916,825,10091,3332,6759
57,25,3099,559,2540,207,2333,881,1452
57,26,13017,2454,10563,856,9707,3466,6241
57,27,19784,4717,15067,1002,14065,6657,7408
57,28,11577,2258,9319,707,8612,3400,5212
57,29,20023,3918,16105,1183,14922,5312,9610
57,30,14916,3956,10960,719,10241,4799,5442
57,31,8799,1793,7006,487,6519,2532,3987
57,32,14668,3058,11610,685,10925,5238,5687
57,33,24433,4110,20323,1158,19165,7528,11637
57,34,2881,445,2436,175,2261,925,1336
57,35,12265,1770,10495,653,9842,4175,5667
57,36,4539,733,3806,281,3525,1068,2457
57,37,23657,5061,18596,1058,17538,8376,9162
57,38,21753,5599,16154,1023,15131,7716,7415
57,39,12393,3038,9355,592,8763,5135,3628
57,41,18517,4550,13967,911,13056,6435,6621
57,42,14401,3248,11153,871,10282,5616,4666
57,43,21502,4906,16596,1034,15562,8795,6767
57,44,12624,3515,9109,538,8571,4876,3695
57,45,14281,3177,11104,648,10456,6200,4256
57,46,17621,5230,12391,624,11767,6310,5457
57,47,20406,4516,15890,974,14916,6987,7929
57,48,17914,3133,14781,928,13853,7423,6430
57,49,15395,3509,11886,878,11008,5207,5801
57,50,20557,4072,16485,1318,15167,5834,9333
57,51,19454,4723,14731,985,13746,6040,7706
57,52,12059,2920,9139,465,8674,4030,4644
58,1,2156,374,1782,124,1658,855,803
58,2,8115,1472,6643,438,6205,3694,2511
58,3,4618,771,3847,289,3558,2266,1292
58,4,3056,478,2578,176,2402,1261,1141
58,5,5837,1195,4642,303,4339,2648,1691
58,6,3819,625,3194,230,2964,1610,1354
58,7,6785,1389,5396,363,5033,2701,2332
58,8,6102,1151,4951,270,4681,2934,1747
58,9,3227,570,2657,197,2460,1208,1252
58,10,3379,643,2736,223,2513,1433,1080
58,11,3569,575,2994,213,2781,1630,1151
58,12,3210,609,2601,168,2433,1389,1044
58,13,3517,511,3006,208,2798,1533,1265
58,14,3290,676,2614,189,2425,1376,1049
58,15,3362,546,2816,175,2641,1468,1173
58,16,6205,1498,4707,270,4437,2458,1979
58,17,9057,1726,7331,489,6842,4362,2480
58,18,4742,766,3976,289,3687,1770,1917
58,19,3306,606,2700,192,2508,1377,1131
58,20,2938,605,2333,173,2160,1097,1063
58,21,4192,693,3499,223,3276,1886,1390
58,22,4842,782,4060,296,3764,2180,1584
58,23,2642,420,2222,140,2082,1059,1023
58,24,2430,383,2047,148,1899,903,996
58,25,3364,571,2793,158,2635,1380,1255
58,26,12216,2061,10155,713,9442,6377,3065
58,27,5823,1241,4582,245,4337,2827,1510
58,28,8893,1991,6902,441,6461,4008,2453
58,29,5803,1400,4403,313,4090,2681,1409
58,30,12404,2479,9925,643,9282,5763,3519
58,31,6015,1166,4849,343,4506,2262,2244
58,32,6001,1117,4884,338,4546,3028,1518
59,1,14144,2153,11991,889,11102,5944,5158
59,2,38609,8531,30078,1923,28155,14464,13691
59,3,7020,1430,5590,381,5209,2517,2692
59,4,9504,1846,7658,515,7143,3307,3836
59,5,14078,2723,11355,708,10647,4996,5651
59,6,12672,2195,10477,668,9809,4576,5233
59,7,20003,3523,16480,1078,15402,7351,8051
59,8,13513,2649,10864,805,10059,4672,5387
59,9,14202,2168,12034,786,11248,5103,6145
59,10,16798,3948,12850,945,11905,7290,4615
59,11,19099,3578,15521,1201,14320,8484,5836
59,12,14059,2713,11346,860,10486,5343,5143
59,13,17024,3580,13444,882,12562,6472,6090
59,14,28681,6723,21958,1475,20483,10357,10126
59,15,14059,2367,11692,857,10835,6412,4423
59,16,7634,966,6668,458,6210,2780,3430
59,17,12029,2186,9843,651,9192,4847,4345
59,18,22516,5284,17232,1243,15989,8494,7495
59,19,30988,8562,22426,1612,20814,11805,9009
59,20,21921,3297,18624,967,17657,7283,10374
59,21,31571,8388,23183,1732,21451,13937,7514
59,22,30543,7439,23104,1587,21517,13242,8275
59,23,24043,5350,18693,1172,17521,9846,7675
59,24,36286,8489,27797,1864,25933,16214,9719
59,25,28481,5052,23429,1492,21937,10604,11333
59,26,33535,8100,25435,2217,23218,14446,8772
59,27,18721,3586,15135,1248,13887,8075,5812
59,28,35154,7777,27377,1771,25606,13587,12019
59,29,18311,3550,14761,963,13798,7130,6668
59,30,12367,2313,10054,644,9410,4808,4602
59,31,10980,2000,8980,618,8362,3952,4410
59,32,8174,1476,6698,483,6215,3243,2972
59,33,48995,9214,39781,2175,37606,16694,20912
59,34,11061,2536,8525,315,8210,4649,3561
59,35,19006,4968,14038,770,13268,8828,4440
59,36,20989,4988,16001,711,15290,7917,7373
59,37,30697,7047,23650,1168,22482,13431,9051
59,38,46722,9715,37007,1865,35142,16141,19001
59,39,21325,6250,15075,635,14440,10557,3883
59,40,31066,7123,23943,1330,22613,12729,9884
59,41,21821,5939,15882,708,15174,9511,5663
59,42,30823,6670,24153,1680,22473,14040,8433
59,43,11678,2064,9614,727,8887,4657,4230
59,44,27652,7483,20169,1209,18960,10085,8875
59,45,23542,5705,17837,1142,16695,9158,7537
59,46,19167,3800,15367,1128,14239,7480,6759
59,47,19201,3107,16094,994,15100,6873,8227
59,48,29569,4789,24780,1477,23303,10758,12545
59,49,8869,1614,7255,484,6771,3450,3321
59,50,9721,1649,8072,526,7546,3535,4011
59,51,29401,6345,23056,1307,21749,9034,12715
59,52,19457,5550,13907,761,13146,7958,5188
59,53,28951,8676,20275,1105,19170,11957,7213
59,54,37013,9281,27732,1368,26364,12767,13597
59,55,23652,6066,17586,1228,16358,9266,7092
59,56,15096,2957,12139,740,11399,5407,5992
59,57,29407,5751,23656,1692,21964,11610,10354
59,58,12727,2181,10546,724,9822,5503,4319
59,59,6596,1470,5126,318,4808,2201,2607
59,60,10929,1661,9268,565,8703,4106,4597
59,61,45480,10691,34789,1995,32794,14032,18762
59,62,34809,10138,24671,1293,23378,12260,11118
59,63,34560,9501,25059,1180,23879,10650,13229
59,64,18837,4924,13913,1008,12905,7326,5579
59,65,35557,7866,27691,1681,26010,13438,12572
59,66,22732,5355,17377,1171,16206,8665,7541
59,67,32729,7349,25380,1818,23562,13325,10237
59,68,12265,1941,10324,779,9545,4249,5296
59,69,13219,3719,9500,615,8885,4600,4285
59,70,36882,6907,29975,1172,28803,9056,19747
59,71,29416,7518,21898,1485,20413,11574,8839
59,72,34162,6525,27637,1939,25698,13813,11885
59,73,22811,5402,17409,1287,16122,10593,5529
59,74,29919,6508,23411,1431,21980,11184,10796
59,75,20556,5584,14972,676,14296,8607,5689
59,76,20465,4146,16319,826,15493,9242,6251
59,77,22729,4999,17730,1243,16487,10058,6429
59,78,24423,4689,19734,1174,18560,9122,9438
59,79,19207,4109,15098,723,14375,8596,5779
60,1,12008,2281,9727,687,9040,4317,4723
60,2,11468,1952,9516,685,8831,3695,5136
60,3,10622,2576,8046,427,7619,4285,3334
60,4,15121,3306,11815,720,11095,5922,5173
60,5,7837,1408,6429,502,5927,2642,3285
60,6,8267,1619,6648,454,6194,2961,3233
60,7,12709,2088,10621,698,9923,4081,5842
60,8,21080,3867,17213,1219,15994,8003,7991
60,9,20138,4124,16014,831,15183,6398,8785
60,10,11538,2213,9325,701,8624,3732,4892
60,11,17500,4098,13402,748,12654,7656,4998
60,12,21728,4277,17451,1267,16184,8183,8001
60,13,5799,973,4826,450,4376,1784,2592
60,14,11971,2076,9895,744,9151,4173,4978
60,15,6275,1048,5227,389,4838,1935,2903
60,16,5072,735,4337,372,3965,1723,2242
60,17,7324,1400,5924,474,5450,2436,3014
60,18,5461,1162,4299,297,4002,1831,2171
60,19,6855,1256,5599,459,5140,2418,2722
60,20,25731,4548,21183,1501,19682,9503,10179
60,21,6317,985,5332,489,4843,2489,2354
60,22,6329,978,5351,428,4923,2147,2776
60,23,20639,4031,16608,1032,15576,7456,8120
60,24,10719,2093,8626,704,7922,3818,4104
60,25,12685,2259,10426,667,9759,4366,5393
60,26,20913,3937,16976,1139,15837,7362,8475
60,27,12298,2074,10224,801,9423,4181,5242
60,28,15681,2931,12750,831,11919,4954,6965
60,29,15362,3344,12018,904,11114,5367,5747
60,30,19572,3955,15617,994,14623,6708,7915
60,31,8659,1345,7314,524,6790,3111,3679
60,32,18183,3541,14642,1135,13507,7448,6059
60,33,13224,2363,10861,807,10054,5172,4882
60,34,23531,4144,19387,970,18417,6650,11767
60,35,5844,880,4964,362,4602,1888,2714
60,36,26585,5321,21264,995,20269,7089,13180
60,37,10922,2321,8601,537,8064,3929,4135
60,38,12115,2931,9184,379,8805,6334,2471
60,39,17558,3549,14009,906,13103,7062,6041
60,40,12785,2768,10017,644,9373,4766,4607
60,41,14672,3327,11345,707,10638,5726,4912
61,1,7724,1881,5843,320,5523,3293,2230
61,2,14614,2256,12358,857,11501,5893,5608
61,3,5646,1136,4510,263,4247,2454,1793
61,4,6210,941,5269,367,4902,2588,2314
61,5,2737,402,2335,151,2184,778,1406
61,6,4614,861,3753,230,3523,1495,2028
61,7,3571,535,3036,218,2818,1185,1633
61,8,3948,589,3359,270,3089,1304,1785
61,9,2249,338,1911,123,1788,706,1082
61,10,8083,1382,6701,503,6198,2725,3473
61,11,4653,633,4020,295,3725,1652,2073
61,12,2108,302,1806,121,1685,696,989
61,13,3267,592,2675,161,2514,995,1519
61,14,7585,1179,6406,424,5982,2767,3215
61,15,9618,1794,7824,454,7370,4095,3275
61,16,3142,587,2555,188,2367,976,1391
61,17,5609,907,4702,331,4371,1749,2622
61,18,6381,1123,5258,350,4908,2322,2586
61,19,3294,510,2784,189,2595,982,1613
61,20,3780,577,3203,249,2954,1165,1789
61,21,3228,562,2666,184,2482,944,1538
61,22,5938,820,5118,398,4720,2453,2267
61,23,6601,1144,5457,336,5121,2153,2968
61,24,3343,475,2868,228,2640,1195,1445
61,25,3112,524,2588,206,2382,914,1468
61,26,3636,577,3059,185,2874,1253,1621
61,27,2728,431,2297,145,2152,744,1408
61,28,3017,477,2540,167,2373,975,1398
61,29,3809,550,3259,228,3031,1358,1673
61,30,5373,827,4546,287,4259,1852,2407
61,31,5326,1004,4322,282,4040,1803,2237
61,32,5412,1021,4391,307,4084,1862,2222
61,33,6326,922,5404,412,4992,2545,2447
61,34,3371,548,2823,168,2655,1038,1617
61,35,4340,598,3742,263,3479,1543,1936
61,36,5363,1066,4297,271,4026,1576,2450
61,37,6267,1127,5140,354,4786,2357,2429
61,38,9516,1811,7705,459,7246,3712,3534
61,39,6953,1307,5646,346,5300,3047,2253
61,40,10013,1744,8269,489,7780,4435,3345
62,1,19294,3046,16248,1265,14983,8308,6675
62,2,15375,2383,12992,993,11999,6199,5800
62,3,13935,2956,10979,775,10204,5749,4455
62,4,23139,4039,19100,1296,17804,10361,7443
62,5,9780,1277,8503,635,7868,3728,4140
62,6,18973,3375,15598,1189,14409,7162,7247
62,7,8561,1489,7072,413,6659,3396,3263
62,8,6922,941,5981,405,5576,2534,3042
62,9,6256,1128,5128,393,4735,2456,2279
62,10,9619,1076,8543,605,7938,3436,4502
62,11,5060,950,4110,345,3765,1723,2042
62,12,16610,3845,12765,891,11874,6463,5411
62,13,11910,2472,9438,560,8878,5187,3691
62,14,17028,3364,13664,811,12853,7187,5666
62,15,20653,4795,15858,995,14863,8577,6286
62,16,20495,4853,15642,996,14646,8218,6428
62,17,14963,2695,12268,1032,11236,6227,5009
62,18,8538,1165,7373,431,6942,3876,3066
62,19,18199,4458,13741,999,12742,7688,5054
62,20,9161,1221,7940,602,7338,3615,3723
62,21,11439,1552,9887,681,9206,4541,4665
62,22,15211,3019,12192,746,11446,5516,5930
62,23,7427,1000,6427,539,5888,2862,3026
62,24,5283,597,4686,235,4451,2147,2304
62,25,11620,1930,9690,695,8995,4791,4204
62,26,8552,1548,7004,473,6531,3489,3042
62,27,8320,1201,7119,512,6607,3113,3494
62,28,15155,3242,11913,880,11033,6685,4348
62,29,5913,676,5237,312,4925,2056,2869
62,30,14739,2397,12342,713,11629,4824,6805
62,31,15163,4302,10861,774,10087,6280,3807
62,32,14760,3880,10880,904,9976,7079,2897
62,33,17002,2747,14255,1046,13209,7272,5937
62,34,17920,2318,15602,1084,14518,7913,6605
62,35,8747,1414,7333,557,6776,3392,3384
62,36,16869,2679,14190,849,13341,7210,6131
62,37,19333,3119,16214,858,15356,5697,9659
62,38,15489,2677,12812,930,11882,7613,4269
62,39,5731,767,4964,268,4696,2192,2504
62,40,5770,796,4974,353,4621,2285,2336
62,41,12173,2410,9763,636,9127,4608,4519
62,42,15092,3129,11963,781,11182,6292,4890
62,43,11432,1718,9714,646,9068,3980,5088
62,44,21853,3624,18229,1035,17194,9082,8112
62,45,18311,2583,15728,1042,14686,7114,7572
62,46,21718,3702,18016,1440,16576,9122,7454
62,47,12424,3387,9037,682,8355,5413,2942
62,48,16002,4215,11787,1101,10686,6234,4452
62,49,15360,4084,11276,898,10378,6643,3735
62,50,13063,3251,9812,744,9068,5864,3204
62,51,15068,4276,10792,897,9895,6370,3525
62,52,15870,4114,11756,861,10895,7562,3333
62,53,14824,3200,11624,931,10693,6545,4148
62,54,17764,3750,14014,955,13059,7717,5342
62,55,12831,3027,9804,919,8885,5353,3532
62,56,16586,3791,12795,1011,11784,7117,4667
62,57,18928,4580,14348,1085,13263,8253,5010
62,58,13915,3076,10839,657,10182,5854,4328
62,59,14788,3502,11286,888,10398,6251,4147
62,60,17699,4330,13369,942,12427,8134,4293
62,61,13119,2924,10195,725,9470,6154,3316
62,62,15183,3156,12027,889,11138,6564,4574
62,63,15907,3729,12178,931,11247,7230,4017
62,64,13944,3293,10651,833,9818,5936,3882
62,65,12931,3012,9919,578,9341,5289,4052
62,66,14331,4403,9928,752,9176,6250,2926
62,67,14738,3714,11024,1018,10006,6347,3659
62,68,17159,3914,13245,1151,12094,7456,4638
62,69,18858,3498,15360,1020,14340,7030,7310
62,70,16089,3328,12761,908,11853,6262,5591
62,71,14945,2019,12926,757,12169,5851,6318
62,72,13774,3671,10103,799,9304,6461,2843
62,73,14853,3091,11762,1032,10730,6270,4460
62,74,13718,3680,10038,863,9175,5521,3654
62,75,15014,3480,11534,914,10620,6677,3943
62,76,12980,3187,9793,621,9172,5555,3617
62,77,15508,3375,12133,954,11179,6695,4484
63,1,6480,807,5673,435,5238,2944,2294
63,2,8560,1524,7036,572,6464,3562,2902
63,3,2008,340,1668,104,1564,798,766
63,4,3259,601,2658,244,2414,1288,1126
63,5,4005,648,3357,239,3118,1415,1703
63,6,7946,1035,6911,457,6454,4201,2253
63,7,2795,429,2366,167,2199,1422,777
63,8,5393,847,4546,326,4220,2688,1532
63,9,4881,763,4118,359,3759,2504,1255
63,10,7710,1640,6070,374,5696,3790,1906
63,11,9133,2122,7011,353,6658,4732,1926
63,12,5586,1101,4485,252,4233,2761,1472
63,13,10211,1801,8410,378,8032,4633,3399
63,14,5724,782,4942,657,4285,2642,1643
63,15,6555,1051,5504,389,5115,3116,1999
63,16,1935,324,1611,108,1503,940,563
63,17,7737,931,6806,470,6336,3747,2589
63,18,1076,152,924,81,843,505,338
63,19,16529,2707,13822,914,12908,7689,5219
63,20,5965,1116,4849,295,4554,3205,1349
63,21,2578,404,2174,119,2055,1082,973
63,22,10926,1781,9145,702,8443,4884,3559
63,23,8109,1274,6835,483,6352,4211,2141
63,24,3947,697,3250,258,2992,1723,1269
63,25,3438,544,2894,202,2692,1690,1002
63,26,6506,1184,5322,400,4922,3143,1779
63,27,2526,446,2080,187,1893,1053,840
63,28,2177,341,1836,153,1683,1096,587
63,29,4156,719,3437,222,3215,1739,1476
63,30,16764,2592,14172,966,13206,7629,5577
63,31,5480,776,4704,332,4372,2634,1738
63,32,4818,766,4052,344,3708,2112,1596
63,33,14300,2100,12200,789,11411,6637,4774
63,34,17620,2558,15062,920,14142,8727,5415
63,35,8920,1238,7682,525,7157,3814,3343
63,36,1254,207,1047,86,961,607,354
63,37,6868,814,6054,400,5654,3435,2219
63,38,1650,281,1369,96,1273,612,661
63,39,3015,388,2627,244,2383,1497,886
63,40,5453,786,4667,318,4349,2909,1440
63,41,2151,416,1735,140,1595,899,696
63,42,3566,552,3014,211,2803,1800,1003
63,43,6768,1200,5568,491,5077,2931,2146
63,44,5321,709,4612,330,4282,2738,1544
63,45,2463,314,2149,113,2036,1121,915
63,46,9794,1893,7901,562,7339,4642,2697
63,47,8895,1215,7680,555,7125,4510,2615
63,48,18962,2715,16247,1033,15214,9378,5836
63,49,10776,1399,9377,565,8812,5675,3137
63,50,1924,274,1650,141,1509,671,838
63,51,7683,1505,6178,291,5887,3890,1997
63,52,10258,1744,8514,425,8089,4912,3177
63,53,6262,1303,4959,221,4738,2969,1769
63,54,7710,1631,6079,351,5728,4100,1628
63,55,14623,2411,12212,682,11530,6807,4723
63,56,15884,2891,12993,713,12280,7306,4974
63,57,12278,1979,10299,514,9785,4312,5473
63,58,13388,1730,11658,702,10956,6820,4136
63,59,20907,3769,17138,1047,16091,9964,6127
63,60,5795,1350,4445,243,4202,3007,1195
63,61,9880,1336,8544,486,8058,4329,3729
64,1,2552,331,2221,149,2072,1343,729
64,2,2804,313,2491,175,2316,1370,946
64,3,8471,997,7474,492,6982,4260,2722
64,4,5885,870,5015,302,4713,3111,1602
64,5,5116,690,4426,317,4109,2256,1853
64,6,7910,1782,6128,317,5811,3674,2137
64,7,13415,2717,10698,640,10058,6530,3528
64,8,12360,2673,9687,473,9214,4503,4711
64,9,4197,528,3669,212,3457,1819,1638
64,10,11653,1980,9673,655,9018,4654,4364
64,11,2921,355,2566,171,2395,1284,1111
64,12,6984,1046,5938,446,5492,3055,2437
64,13,3587,452,3135,217,2918,1470,1448
64,14,5310,752,4558,277,4281,2375,1906
64,15,10868,2007,8861,571,8290,5550,2740
64,16,2917,426,2491,135,2356,1483,873
64,17,2461,303,2158,147,2011,1226,785
64,18,4302,604,3698,264,3434,2083,1351
64,19,26109,3514,22595,1393,21202,11675,9527
64,20,8156,1245,6911,438,6473,4053,2420
64,21,6867,880,5987,440,5547,3433,2114
64,22,2149,287,1862,185,1677,952,725
64,23,17126,2223,14903,1011,13892,7576,6316
64,24,4672,643,4029,298,3731,2030,1701
64,25,12906,1887,11019,799,10220,6214,4006
64,26,6231,897,5334,441,4893,2881,2012
64,27,9770,1297,8473,586,7887,5274,2613
64,28,9150,1291,7859,528,7331,4851,2480
64,29,13411,2040,11371,744,10627,6870,3757
64,30,12811,3259,9552,550,9002,5530,3472
64,31,18952,3319,15633,912,14721,8709,6012
64,32,7502,1000,6502,497,6005,3430,2575
64,33,4982,955,4027,261,3766,2020,1746
64,34,20087,3244,16843,965,15878,7769,8109
64,35,5322,823,4499,304,4195,2196,1999
64,36,7432,1098,6334,454,5880,3061,2819
64,37,6965,1062,5903,400,5503,3217,2286
64,38,3299,507,2792,237,2555,1355,1200
64,39,2829,475,2354,185,2169,1444,725
64,40,5022,631,4391,300,4091,2285,1806
64,41,19080,2813,16267,1076,15191,7855,7336
64,42,12821,2116,10705,526,10179,5177,5002
64,43,12900,2667,10233,454,9779,5276,4503
64,44,10268,2309,7959,593,7366,3010,4356
64,45,21385,3700,17685,924,16761,10091,6670
64,46,15501,2519,12982,811,12171,7115,5056
64,47,12793,2193,10600,614,9986,5163,4823
64,48,10675,1938,8737,502,8235,4758,3477
64,49,10433,1795,8638,494,8144,4973,3171
64,50,16003,2614,13389,813,12576,6791,5785
64,51,8753,1773,6980,417,6563,3861,2702
64,52,12907,2028,10879,664,10215,6023,4192
65,1,9167,1308,7859,399,7460,4584,2876
65,2,2984,515,2469,163,2306,1529,777
65,3,1983,252,1731,129,1602,1083,519
65,4,10702,1802,8900,519,8381,5958,2423
65,5,3799,592,3207,257,2950,2126,824
65,6,1227,186,1041,30,1011,652,359
65,7,3167,434,2733,164,2569,1833,736
65,8,2881,401,2480,190,2290,1374,916
65,9,1528,219,1309,61,1248,762,486
65,10,1804,294,1510,132,1378,777,601
65,11,8221,1378,6843,482,6361,4076,2285
65,12,7752,1388,6364,423,5941,3279,2662
65,13,2801,401,2400,141,2259,1455,804
65,14,3877,635,3242,202,3040,1868,1172
65,15,2386,401,1985,133,1852,1168,684
65,16,9995,1251,8744,597,8147,4843,3304
65,17,3935,553,3382,213,3169,1929,1240
65,18,3924,631,3293,257,3036,1786,1250
65,19,3786,648,3138,208,2930,1990,940
65,20,1738,251,1487,91,1396,767,629
65,21,7958,1103,6855,403,6452,4206,2246
65,22,9084,1311,7773,475,7298,4739,2559
65,23,5097,719,4378,281,4097,2719,1378
65,24,2853,417,2436,182,2254,1262,992
65,25,7780,1272,6508,466,6042,3686,2356
65,26,2229,354,1875,114,1761,1027,734
65,27,8714,1585,7129,491,6638,3448,3190
65,28,5704,1251,4453,243,4210,2454,1756
65,29,6596,1461,5135,250,4885,2876,2009
65,30,5429,1321,4108,221,3887,2656,1231
65,31,5158,1359,3799,216,3583,2179,1404
65,32,5039,1062,3977,229,3748,2271,1477
65,33,9411,1284,8127,498,7629,5011,2618
65,34,8730,1116,7614,453,7161,4436,2725
66,1,22300,3695,18605,1150,17455,8168,9287
66,2,5940,1260,4680,342,4338,2488,1850
66,3,17617,3308,14309,947,13362,7241,6121
66,4,4031,633,3398,262,3136,1820,1316
66,5,16462,2600,13862,1059,12803,6508,6295
66,6,3658,686,2972,187,2785,1408,1377
66,7,1643,277,1366,115,1251,835,416
66,8,7523,1867,5656,352,5304,3005,2299
66,9,5524,1545,3979,193,3786,1890,1896
66,10,10470,1677,8793,635,8158,4834,3324
66,11,2108,327,1781,127,1654,1059,595
66,12,18881,3128,15753,1266,14487,7688,6799
66,13,7682,1369,6313,421,5892,3161,2731
66,14,19512,3311,16201,1309,14892,6753,8139
66,15,3332,602,2730,188,2542,1504,1038
66,16,1145,168,977,67,910,552,358
66,17,16808,2604,14204,1095,13109,7236,5873
66,18,8442,1368,7074,474,6600,3800,2800
66,19,10521,1665,8856,578,8278,4027,4251
66,20,12518,2286,10232,637,9595,4842,4753
66,21,11263,2389,8874,543,8331,4142,4189
66,22,8230,1787,6443,380,6063,3311,2752
66,23,4669,1235,3434,153,3281,1636,1645
66,24,14885,2691,12194,735,11459,4864,6595
66,25,7493,1731,5762,338,5424,2867,2557
66,26,8121,2093,6028,367,5661,3304,2357
66,27,16205,2448,13757,906,12851,5347,7504
66,28,17072,2944,14128,970,13158,6794,6364
66,29,12576,1832,10744,745,9999,4957,5042
66,30,14126,2144,11982,871,11111,5421,5690
66,31,18536,2944,15592,974,14618,6163,8455
67,1,14501,2642,11859,743,11116,3378,7738
67,2,15511,2923,12588,803,11785,3505,8280
67,3,34333,6990,27343,1722,25621,7245,18376
67,4,14927,3042,11885,813,11072,3435,7637
67,5,37990,6721,31269,1728,29541,8788,20753
67,6,8999,1660,7339,620,6719,1789,4930
67,7,18853,3584,15269,887,14382,4555,9827
67,8,25285,4342,20943,1110,19833,6346,13487
67,9,37204,7275,29929,1672,28257,8372,19885
67,10,13022,1838,11184,649,10535,2707,7828
67,11,3380,652,2728,140,2588,700,1888
67,12,17696,3268,14428,980,13448,4088,9360
67,13,9728,1568,8160,511,7649,2282,5367
67,14,30514,5736,24778,1506,23272,7736,15536
67,15,21430,4469,16961,1226,15735,4684,11051
67,16,16082,3044,13038,662,12376,3711,8665
67,17,8483,1658,6825,524,6301,1950,4351
67,18,13848,2228,11620,723,10897,3131,7766
67,19,3043,573,2470,208,2262,978,1284
67,20,11335,2267,9068,704,8364,2339,6025
67,21,18066,3540,14526,862,13664,4576,9088
67,22,17487,4671,12816,601,12215,6616,5599
67,23,10503,2169,8334,643,7691,3321,4370
67,24,22934,4471,18463,1110,17353,6742,10611
67,25,8552,1390,7162,488,6674,1554,5120
67,26,14954,2957,11997,924,11073,2880,8193
67,27,15054,3039,12015,346,11669,5655,6014
67,28,10354,2225,8129,277,7852,5072,2780
67,29,11959,2580,9379,365,9014,5430,3584
67,30,12522,2355,10167,310,9857,4788,5069
67,31,17837,2208,15629,784,14845,4424,10421
67,32,8900,1519,7381,511,6870,2422,4448
67,33,17127,2962,14165,839,13326,3811,9515
67,34,12950,2735,10215,575,9640,2699,6941
67,35,10090,1890,8200,653,7547,2069,5478
67,36,13831,2888,10943,456,10487,4456,6031
67,37,21453,5765,15688,540,15148,9737,5411
67,38,14107,3323,10784,481,10303,5555,4748
67,39,15201,3485,11716,507,11209,6055,5154
67,40,15818,3964,11854,543,11311,6372,4939
67,41,12025,3444,8581,395,8186,4332,3854
67,42,37626,8977,28649,1452,27197,11044,16153
67,43,35652,5736,29916,1532,28384,9744,18640
67,44,16962,3627,13335,701,12634,5818,6816
68,1,18741,2980,15761,973,14788,4636,10152
68,2,19219,2766,16453,1121,15332,4857,10475
68,3,27365,5465,21900,1438,20462,8096,12366
68,4,15611,4464,11147,707,10440,4616,5824
68,5,10099,1656,8443,622,7821,2537,5284
68,6,20232,3584,16648,1278,15370,5282,10088
68,7,10218,1617,8601,423,8178,1706,6472
68,8,15268,3463,11805,826,10979,4614,6365
68,9,25115,5133,19982,1245,18737,6511,12226
68,10,12029,1993,10036,591,9445,2558,6887
68,11,32406,6618,25788,1295,24493,7251,17242
68,12,12992,2173,10819,668,10151,3204,6947
68,13,17449,2840,14609,823,13786,3477,10309
68,14,7711,1297,6414,494,5920,2294,3626
68,15,9137,1557,7580,554,7026,2454,4572
68,16,14597,4461,10136,650,9486,5561,3925
68,17,25853,5451,20402,1206,19196,7614,11582
68,18,13024,2391,10633,863,9770,3254,6516
68,19,11425,2005,9420,657,8763,2801,5962
68,20,10246,1740,8506,534,7972,2222,5750
68,21,9178,1547,7631,544,7087,2334,4753
68,22,10139,1850,8289,639,7650,2503,5147
68,23,7100,1517,5583,421,5162,2298,2864
68,24,17236,3113,14123,968,13155,4996,8159
68,25,15071,2873,12198,824,11374,4404,6970
68,26,15578,2623,12955,817,12138,4131,8007
68,27,36138,7895,28243,1846,26397,10875,15522
68,28,28332,6742,21590,1135,20455,8756,11699
68,29,15444,3976,11468,659,10809,5089,5720
68,30,12381,3393,8988,528,8460,4629,3831
68,31,24241,4455,19786,1329,18457,7164,11293
69,1,6424,1177,5247,325,4922,1905,3017
69,2,18840,2540,16300,874,15426,5809,9617
69,3,28238,4109,24129,1211,22918,9435,13483
69,4,9845,1526,8319,539,7780,2651,5129
69,5,17141,3240,13901,802,13099,4767,8332
69,6,12354,1708,10646,546,10100,4092,6008
69,7,12088,1910,10178,587,9591,4186,5405
69,8,25261,5212,20049,1130,18919,10754,8165
69,9,5017,845,4172,233,3939,1369,2570
69,10,21795,2742,19053,727,18326,5168,13158
69,11,18467,3694,14773,517,14256,5844,8412
69,13,18701,3717,14984,417,14567,10063,4504
69,14,24800,4540,20260,764,19496,11173,8323
69,15,27598,6968,20630,893,19737,11671,8066
69,16,30660,5989,24671,991,23680,11596,12084
69,17,16677,2810,13867,382,13485,4243,9242
69,18,17077,3246,13831,457,13374,5560,7814
69,19,20406,4431,15975,548,15427,8284,7143
69,20,21839,4326,17513,712,16801,10034,6767
69,21,16290,3236,13054,525,12529,5982,6547
69,22,22163,5203,16960,775,16185,9231,6954
69,23,3388,637,2751,192,2559,867,1692
69,24,17328,2136,15192,826,14366,6030,8336
69,25,30231,4702,25529,1178,24351,10239,14112
69,26,32038,6117,25921,1196,24725,10912,13813
69,27,9623,1354,8269,553,7716,2993,4723
69,28,11176,1566,9610,545,9065,3130,5935
69,29,15986,2849,13137,805,12332,5232,7100
69,30,8284,1509,6775,489,6286,2625,3661
69,31,36781,5014,31767,1411,30356,11488,18868
69,32,18436,4052,14384,665,13719,6686,7033
69,33,24067,5030,19037,830,18207,11015,7192
69,34,25954,5838,20116,870,19246,11347,7899
69,35,22320,4508,17812,827,16985,9052,7933
69,36,17720,4086,13634,626,13008,7656,5352
69,37,38245,6612,31633,1613,30020,13045,16975
69,38,30682,4585,26097,1406,24691,10584,14107
69,39,21467,4342,17125,761,16364,8326,8038
69,40,16803,3330,13473,677,12796,7044,5752
69,41,16195,3671,12524,732,11792,7411,4381
69,42,13278,3650,9628,426,9202,7037,2165
69,43,28462,4920,23542,936,22606,9993,12613
69,44,33534,6591,26943,1341,25602,11287,14315
69,45,25697,5326,20371,1092,19279,10335,8944
69,46,20881,6129,14752,570,14182,10193,3989
69,47,28309,5647,22662,964,21698,11953,9745
69,48,18559,3426,15133,760,14373,7252,7121
69,49,22441,4368,18073,962,17111,9506,7605
69,50,19396,3142,16254,656,15598,6558,9040
69,51,21382,3074,18308,759,17549,6985,10564
69,52,22155,3782,18373,678,17695,5958,11737
69,53,18156,2847,15309,841,14468,5591,8877
69,54,20075,4306,15769,677,15092,8310,6782
69,55,20246,4823,15423,750,14673,8442,6231
70,1,3272,495,2777,242,2535,1350,1185
70,2,4068,585,3483,266,3217,1437,1780
70,3,9511,1964,7547,717,6830,3897,2933
70,4,2234,335,1899,150,1749,694,1055
70,5,2709,353,2356,188,2168,1043,1125
70,6,4120,527,3593,280,3313,1329,1984
70,7,3532,477,3055,273,2782,1342,1440
70,8,3445,481,2964,254,2710,1163,1547
70,9,9281,1769,7512,490,7022,3492,3530
70,10,3842,551,3291,274,3017,1416,1601
70,11,7404,1151,6253,538,5715,3014,2701
70,12,4564,743,3821,342,3479,1752,1727
70,13,7795,1218,6577,592,5985,3226,2759
70,14,5054,1200,3854,272,3582,1761,1821
70,15,4654,656,3998,307,3691,1648,2043
70,16,5526,1009,4517,410,4107,2141,1966
70,17,4508,616,3892,323,3569,1712,1857
70,18,3636,363,3273,293,2980,1433,1547
70,19,3433,525,2908,253,2655,1103,1552
70,20,5789,975,4814,399,4415,2212,2203
70,21,6747,817,5930,422,5508,2545,2963
70,22,10563,2048,8515,729,7786,3775,4011
70,23,2901,431,2470,250,2220,1108,1112
70,24,5457,808,4649,384,4265,1970,2295
70,25,3235,520,2715,241,2474,1142,1332
70,26,10287,1897,8390,596,7794,4195,3599
70,27,5722,806,4916,454,4462,2179,2283
70,28,1943,337,1606,148,1458,642,816
70,29,12932,2017,10915,822,10093,5197,4896
70,30,7823,1429,6394,522,5872,3259,2613
70,31,6931,1278,5653,508,5145,2815,2330
70,32,7680,1377,6303,586,5717,2664,3053
71,1,7463,1330,6133,455,5678,2890,2788
71,2,3707,567,3140,272,2868,1414,1454
71,3,6722,1202,5520,386,5134,2952,2182
71,4,6947,1004,5943,411,5532,2918,2614
71,5,12059,2309,9750,738,9012,4698,4314
71,6,12412,2579,9833,567,9266,4534,4732
71,7,18899,3107,15792,1232,14560,7914,6646
71,8,9123,1647,7476,462,7014,2800,4214
71,9,5105,808,4297,299,3998,1640,2358
71,10,6453,1148,5305,427,4878,2085,2793
71,11,5958,984,4974,370,4604,1751,2853
71,12,7160,1049,6111,398,5713,3044,2669
71,13,4718,726,3992,281,3711,1884,1827
71,14,12097,2481,9616,650,8966,5437,3529
71,15,4965,843,4122,316,3806,1938,1868
71,16,5543,1104,4439,325,4114,2078,2036
71,17,7736,1554,6182,418,5764,3451,2313
71,18,3686,675,3011,212,2799,1475,1324
71,19,9810,1418,8392,590,7802,3430,4372
71,20,8962,1485,7477,494,6983,4460,2523
71,21,2691,457,2234,179,2055,1062,993
71,22,1715,268,1447,94,1353,594,759
71,23,11077,1971,9106,653,8453,4061,4392
71,24,3387,592,2795,231,2564,1322,1242
71,25,6651,1123,5528,356,5172,2448,2724
71,26,18738,3588,15150,899,14251,7406,6845
71,27,10045,2191,7854,413,7441,3796,3645
71,28,4945,792,4153,288,3865,1775,2090
71,29,2956,552,2404,157,2247,935,1312
71,30,3210,468,2742,207,2535,1262,1273
71,31,11781,3372,8409,547,7862,4645,3217
71,32,12245,2402,9843,719,9124,5177,3947
71,33,7068,1332,5736,406,5330,3212,2118
71,34,2421,481,1940,153,1787,827,960
71,35,3088,503,2585,223,2362,1285,1077
71,36,2623,410,2213,156,2057,927,1130
71,37,3100,415,2685,217,2468,1232,1236
71,38,11274,2330,8944,600,8344,3977,4367
71,39,5014,865,4149,309,3840,1742,2098
71,40,2101,373,1728,109,1619,720,899
71,41,3320,559,2761,198,2563,1427,1136
71,42,4992,799,4193,326,3867,1914,1953
71,43,6671,1011,5660,448,5212,2602,2610
71,44,2990,454,2536,199,2337,1253,1084
71,45,4183,650,3533,292,3241,1703,1538
71,46,4223,646,3577,213,3364,1510,1854
71,47,7312,1103,6209,446,5763,2924,2839
71,48,9397,1844,7553,527,7026,4084,2942
71,49,9059,1918,7141,482,6659,3270,3389
71,50,2997,436,2561,153,2408,1027,1381
71,51,8173,1240,6933,538,6395,2918,3477
71,52,6342,988,5354,384,4970,2415,2555
71,53,13169,2750,10419,767,9652,5671,3981
71,54,8056,2065,5991,372,5619,3563,2056
71,55,11501,2526,8975,476,8499,4107,4392
71,56,9095,2163,6932,528,6404,3971,2433
71,57,12711,2934,9777,693,9084,5194,3890
72,1,10830,1677,9153,731,8422,4566,3856
72,2,6268,981,5287,320,4967,2356,2611
72,3,4914,970,3944,293,3651,1775,1876
72,4,5353,948,4405,305,4100,2094,2006
72,5,4712,715,3997,302,3695,1517,2178
72,6,5394,794,4600,310,4290,1984,2306
72,7,8614,1616,6998,485,6513,3209,3304
72,8,7927,1065,6862,452,6410,2976,3434
72,9,20701,3398,17303,1258,16045,8859,7186
72,10,12379,2204,10175,725,9450,4421,5029
72,11,3004,425,2579,165,2414,1074,1340
72,12,6213,1095,5118,371,4747,2200,2547
72,13,4279,663,3616,300,3316,1660,1656
72,14,15472,2887,12585,822,11763,5866,5897
72,15,6350,892,5458,337,5121,2319,2802
72,16,6755,1172,5583,434,5149,2400,2749
72,17,7783,1329,6454,524,5930,2981,2949
72,18,8888,1715,7173,523,6650,3172,3478
72,19,13309,3238,10071,535,9536,4716,4820
72,20,11860,3449,8411,529,7882,5339,2543
72,21,14311,2638,11673,682,10991,5886,5105
72,22,4942,863,4079,318,3761,1777,1984
72,23,6925,1237,5688,438,5250,2633,2617
72,24,16005,2440,13565,961,12604,6716,5888
72,25,3197,540,2657,204,2453,971,1482
72,26,9064,1544,7520,573,6947,3896,3051
72,27,18761,3592,15169,981,14188,6189,7999
72,28,7579,1368,6211,439,5772,2903,2869
72,29,8621,1262,7359,525,6834,3274,3560
72,30,5725,1188,4537,346,4191,1778,2413
72,31,16717,2583,14134,1034,13100,7407,5693
72,32,5661,959,4702,372,4330,2123,2207
72,33,4508,696,3812,290,3522,1630,1892
72,34,24473,4428,20045,1195,18850,10672,8178
72,35,16033,3976,12057,990,11067,7275,3792
72,36,11552,2544,9008,611,8397,5406,2991
72,37,22526,3702,18824,1198,17626,9216,8410
72,38,14781,2867,11914,657,11257,6431,4826
72,39,11573,2495,9078,554,8524,5342,3182
72,40,12937,2553,10384,670,9714,5966,3748
73,1,4722,842,3880,336,3544,1976,1568
73,2,8171,1435,6736,401,6335,2664,3671
73,3,12190,2759,9431,563,8868,3474,5394
73,4,6344,998,5346,368,4978,2182,2796
73,5,10396,2008,8388,572,7816,3661,4155
73,6,3732,574,3158,211,2947,1310,1637
73,7,11491,2418,9073,491,8582,3132,5450
73,8,7431,1369,6062,270,5792,1926,3866
73,9,8726,1739,6987,399,6588,4012,2576
73,10,8041,1465,6576,316,6260,3438,2822
73,11,5941,1045,4896,367,4529,2120,2409
73,12,4035,562,3473,269,3204,1643,1561
73,13,3982,620,3362,235,3127,1599,1528
73,14,4284,686,3598,248,3350,1582,1768
73,15,6459,987,5472,416,5056,2511,2545
73,16,2498,409,2089,145,1944,685,1259
73,17,4461,852,3609,255,3354,1736,1618
73,18,10861,1647,9214,599,8615,4233,4382
73,19,11819,1643,10176,543,9633,4179,5454
73,20,12171,2200,9971,609,9362,4175,5187
73,21,7335,1186,6149,428,5721,2713,3008
73,22,5943,1004,4939,383,4556,2304,2252
73,23,3924,635,3289,229,3060,1449,1611
73,24,4953,777,4176,250,3926,1717,2209
73,25,11520,2111,9409,596,8813,4323,4490
73,26,4572,921,3651,269,3382,1700,1682
73,27,4801,718,4083,267,3816,1999,1817
73,28,8436,1583,6853,505,6348,2722,3626
73,29,5384,821,4563,308,4255,1862,2393
73,30,13050,2772,10278,684,9594,5185,4409
73,31,9882,1882,8000,428,7572,4236,3336
73,32,12432,2117,10315,589,9726,4267,5459
73,33,15760,2288,13472,818,12654,5772,6882
73,34,12664,2061,10603,631,9972,4955,5017
73,35,13424,2419,11005,636,10369,4458,5911
73,36,7120,1413,5707,280,5427,2892,2535
73,37,9932,1613,8319,475,7844,3894,3950
74,1,3981,654,3327,192,3135,734,2401
74,2,9300,1444,7856,497,7359,3189,4170
74,3,11027,2330,8697,377,8320,3732,4588
74,4,12422,2609,9813,551,9262,4444,4818
74,5,22901,5491,17410,878,16532,6627,9905
74,6,5235,846,4389,220,4169,1138,3031
74,7,5449,860,4589,282,4307,1735,2572
74,8,23712,4520,19192,1157,18035,7168,10867
74,9,10257,2058,8199,413,7786,2911,4875
74,10,14404,3131,11273,612,10661,4192,6469
74,11,7855,1130,6725,409,6316,2358,3958
74,12,17067,3326,13741,717,13024,4626,8398
74,13,22484,4148,18336,1117,17219,6836,10383
74,14,10694,1712,8982,641,8341,3598,4743
74,15,5910,921,4989,289,4700,1740,2960
74,16,13356,2172,11184,689,10495,4063,6432
74,17,16450,2562,13888,892,12996,5298,7698
74,18,19206,3277,15929,1122,14807,6120,8687
74,19,13345,2715,10630,698,9932,4155,5777
74,20,8317,1377,6940,461,6479,2681,3798
74,21,21848,4352,17496,941,16555,6045,10510
74,22,20256,3813,16443,757,15686,4622,11064
74,23,3726,557,3169,176,2993,1056,1937
74,24,4735,735,4000,266,3734,1515,2219
74,25,5866,963,4903,244,4659,1659,3000
74,26,11546,1562,9984,491,9493,2548,6945
74,27,15301,3277,12024,686,11338,4805,6533
74,28,8921,1205,7716,507,7209,3043,4166
74,29,33183,5557,27626,1596,26030,11643,14387
74,30,31728,5212,26516,1302,25214,9298,15916
74,31,25023,6016,19007,868,18139,8291,9848
74,32,7889,1750,6139,377,5762,2038,3724
74,33,35347,6254,29093,1564,27529,12511,15018
74,34,25812,5464,20348,1014,19334,8203,11131
75,15,10493,1777,8716,255,8461,4047,4414
75,16,12372,2190,10182,256,9926,5717,4209
75,17,21112,3555,17557,533,17024,10445,6579
75,18,17398,2962,14436,489,13947,7666,6281
75,19,36057,5325,30732,1026,29706,16702,13004
75,20,25924,3956,21968,622,21346,9037,12309
75,21,31095,4484,26611,698,25913,7318,18595
75,22,23629,3755,19874,552,19322,5320,14002
75,23,35839,5840,29999,873,29126,15782,13344
75,24,49824,8488,41336,1189,40147,27856,12291
75,25,85404,13932,71472,2154,69318,46972,22346
75,26,87787,14661,73126,2673,70453,41522,28931
75,27,106762,18546,88216,3410,84806,55350,29456
75,28,81568,13586,67982,2348,65634,39551,26083
75,29,136661,22151,114510,3765,110745,50388,60357
75,30,91906,14169,77737,1705,76032,16723,59309
75,31,92914,15466,77448,2325,75123,31384,43739
75,32,101094,19295,81799,2761,79038,55569,23469
75,33,96890,18738,78152,2504,75648,51165,24483
75,34,109190,19994,89196,2950,86246,61947,24299
76,1,4151,682,3469,253,3216,1371,1845
76,2,5331,882,4449,317,4132,1508,2624
76,3,8869,1377,7492,423,7069,3737,3332
76,4,5683,893,4790,313,4477,2100,2377
76,5,8070,1420,6650,437,6213,3579,2634
76,6,17546,3382,14164,994,13170,7336,5834
76,7,30200,4660,25540,1339,24201,11446,12755
76,8,8055,1151,6904,445,6459,2765,3694
76,9,7285,1122,6163,364,5799,3027,2772
76,10,10623,1643,8980,582,8398,4806,3592
76,11,17483,2666,14817,869,13948,6441,7507
76,12,12282,1726,10556,658,9898,4501,5397
76,13,20109,3099,17010,1051,15959,8166,7793
76,14,13794,2584,11210,744,10466,5991,4475
76,15,6155,985,5170,297,4873,2534,2339
76,16,19562,3273,16289,1016,15273,8630,6643
76,17,17703,3999,13704,844,12860,7912,4948
76,18,13256,2148,11108,758,10350,5103,5247
76,19,20215,3825,16390,1026,15364,8459,6905
76,20,6556,806,5750,387,5363,2737,2626
76,21,21469,4496,16973,959,16014,9034,6980
76,22,3738,505,3233,145,3088,1628,1460
76,23,8517,1697,6820,489,6331,2593,3738
76,24,10772,1609,9163,629,8534,4074,4460
76,25,9512,1863,7649,609,7040,3017,4023
76,26,20621,3810,16811,1123,15688,9954,5734
76,27,10387,2316,8071,453,7618,3675,3943
76,29,11849,3799,8050,577,7473,5023,2450
76,30,14964,4022,10942,912,10030,6197,3833
76,31,10059,2165,7894,401,7493,4003,3490
76,32,18312,4381,13931,921,13010,6907,6103
76,33,21064,4451,16613,1137,15476,8719,6757
76,34,3940,633,3307,235,3072,1194,1878
76,35,6174,865,5309,330,4979,2496,2483
76,36,16391,3412,12979,822,12157,7904,4253
76,37,27317,4496,22821,1343,21478,10796,10682
76,38,8903,1445,7458,513,6945,2989,3956
76,39,14575,2251,12324,664,11660,5915,5745
76,40,3705,507,3198,192,3006,1425,1581
76,41,23132,4051,19081,1186,17895,10244,7651
76,42,10407,2099,8308,348,7960,4455,3505
76,43,6922,1219,5703,211,5492,2769,2723
76,44,6587,1338,5249,239,5010,2933,2077
76,45,5914,1150,4764,219,4545,2839,1706
76,46,7744,1762,5982,290,5692,3342,2350
76,47,12798,2620,10178,553,9625,6183,3442
76,48,15105,2346,12759,797,11962,5855,6107
76,49,6226,901,5325,368,4957,2277,2680
76,50,7424,1350,6074,317,5757,2998,2759
76,51,15154,2971,12183,733,11450,7925,3525
76,52,9589,1400,8189,614,7575,3773,3802
76,53,8561,1283,7278,447,6831,3325,3506
76,54,8013,1039,6974,436,6538,3213,3325
76,55,15466,2521,12945,733,12212,6583,5629
76,56,17858,3462,14396,828,13568,6523,7045
76,57,15301,4017,11284,838,10446,6292,4154
76,58,7317,2158,5159,306,4853,3343,1510
76,59,12505,3739,8766,621,8145,5426,2719
76,60,19230,3395,15835,674,15161,6658,8503
76,61,19315,4283,15032,977,14055,8779,5276
76,62,13644,3093,10551,609,9942,5630,4312
76,63,13778,2824,10954,659,10295,7015,3280
76,64,14846,2423,12423,808,11615,7866,3749
76,65,19916,3915,16001,756,15245,7952,7293
76,66,19676,3455,16221,991,15230,8429,6801
76,67,12597,2687,9910,620,9290,6248,3042
76,68,7250,1424,5826,271,5555,3550,2005
76,69,15034,2949,12085,695,11390,7810,3580
76,70,13623,2579,11044,642,10402,6689,3713
77,1,9218,1780,7438,536,6902,3065,3837
77,2,28617,5556,23061,1178,21883,9124,12759
77,3,9793,1501,8292,465,7827,3019,4808
77,4,9682,2033,7649,538,7111,3309,3802
77,5,11220,1590,9630,569,9061,4021,5040
77,6,30050,6139,23911,1311,22600,10769,11831
77,7,26314,5533,20781,1366,19415,8567,10848
77,8,23366,3888,19478,1086,18392,7702,10690
77,9,30019,5275,24744,1600,23144,10581,12563
77,10,7595,1158,6437,513,5924,2536,3388
77,11,10688,2095,8593,651,7942,3240,4702
77,12,18145,3861,14284,916,13368,6040,7328
77,13,30436,5852,24584,1073,23511,10674,12837
77,14,19820,3763,16057,785,15272,7483,7789
77,15,11279,2288,8991,565,8426,3659,4767
77,16,8314,1390,6924,459,6465,2828,3637
77,17,26615,5165,21450,1125,20325,10444,9881
77,18,21710,4552,17158,990,16168,8690,7478
77,19,12697,2527,10170,554,9616,4595,5021
77,20,20996,4256,16740,1147,15593,8523,7070
77,21,24348,4363,19985,1196,18789,9462,9327
77,22,15802,2715,13087,908,12179,5650,6529
77,23,11059,2237,8822,602,8220,3725,4495
77,24,20531,3958,16573,1006,15567,7570,7997
77,25,13734,2979,10755,722,10033,4759,5274
77,26,9546,1775,7771,583,7188,3054,4134
77,27,17299,2954,14345,915,13430,5510,7920
77,28,17287,3269,14018,848,13170,6063,7107
77,29,5887,958,4929,350,4579,1778,2801
77,30,21192,4459,16733,815,15918,8407,7511
77,31,21390,4241,17149,1007,16142,7829,8313
77,32,33286,6707,26579,1383,25196,11673,13523
77,33,28154,5591,22563,1115,21448,11055,10393
77,34,21689,4674,17015,1056,15959,10042,5917
77,35,31102,6071,25031,1195,23836,12962,10874
77,36,20980,4221,16759,900,15859,8794,7065
77,37,16610,3239,13371,851,12520,6360,6160
77,38,19126,3837,15289,784,14505,8658,5847
77,39,17096,4078,13018,511,12507,8185,4322
77,40,21019,4107,16912,825,16087,8466,7621
77,41,31685,7086,24599,1453,23146,13892,9254
77,42,24166,4679,19487,1102,18385,10236,8149
77,43,34430,5853,28577,1462,27115,12577,14538
78,1,21803,3998,17805,937,16868,7283,9585
78,2,17705,2924,14781,920,13861,5840,8021
78,3,20119,3763,16356,581,15775,6225,9550
78,4,26858,4537,22321,858,21463,8025,13438
78,5,35634,5126,30508,1242,29266,12957,16309
78,6,23786,4432,19354,989,18365,10272,8093
78,7,14190,2151,12039,632,11407,4656,6751
78,8,18914,2568,16346,862,15484,6038,9446
78,9,29716,5383,24333,1047,23286,11787,11499
78,10,29019,5174,23845,1331,22514,10866,11648
78,11,21305,3950,17355,676,16679,6174,10505
78,12,20875,5200,15675,683,14992,10052,4940
78,13,20272,3208,17064,661,16403,6477,9926
78,14,29664,6850,22814,1071,21743,12496,9247
78,15,32310,4183,28127,1308,26819,10800,16019
78,16,28982,5635,23347,981,22366,10435,11931
78,17,14270,2642,11628,452,11176,4673,6503
78,18,38739,5828,32911,1578,31333,14033,17300
78,19,16091,2053,14038,679,13359,6013,7346
78,20,26196,5601,20595,883,19712,8836,10876
78,21,18247,3492,14755,603,14152,5572,8580
78,22,26812,3893,22919,757,22162,7201,14961
78,23,28946,6251,22695,1020,21675,12270,9405
78,24,13486,3190,10296,429,9867,7599,2268
78,25,24461,4109,20352,901,19451,8475,10976
78,26,21193,3467,17726,626,17100,5944,11156
78,27,19101,2945,16156,481,15675,4312,11363
78,28,41703,7724,33979,1595,32384,18573,13811
78,29,27467,4783,22684,963,21721,8647,13074
78,30,21826,3324,18502,674,17828,6191,11637
78,31,10904,1606,9298,342,8956,3987,4969
78,32,22740,3303,19437,578,18859,5422,13437
78,33,21185,4574,16611,970,15641,8609,7032
78,34,35940,7050,28890,1382,27508,15332,12176
78,35,16713,2923,13790,510,13280,5038,8242
78,36,27420,5016,22404,1033,21371,10763,10608
78,37,14176,2427,11749,637,11112,4963,6149
78,38,30949,5766,25183,1111,24072,13426,10646
78,39,16916,3179,13737,660,13077,6817,6260
79,1,3959,617,3342,184,3158,1713,1445
79,2,7534,1223,6311,397,5914,2670,3244
79,3,4011,590,3421,209,3212,1902,1310
79,4,16395,2639,13756,851,12905,6781,6124
79,5,5085,742,4343,268,4075,2351,1724
79,6,8716,1285,7431,434,6997,4805,2192
79,7,10482,1528,8954,581,8373,4610,3763
79,8,4451,621,3830,236,3594,2142,1452
79,9,12155,1731,10424,587,9837,4104,5733
79,10,4506,732,3774,205,3569,2024,1545
79,11,8036,1174,6862,471,6391,3540,2851
79,12,8128,1142,6986,355,6631,4104,2527
79,13,4515,733,3782,233,3549,1978,1571
79,14,5424,771,4653,335,4318,2555,1763
79,15,5186,846,4340,270,4070,2220,1850
79,16,6964,1036,5928,313,5615,3666,1949
79,17,3691,509,3182,224,2958,1520,1438
79,18,8305,1244,7061,442,6619,3177,3442
79,19,4022,622,3400,232,3168,1909,1259
79,20,23769,3940,19829,1024,18805,11869,6936
79,21,17774,3548,14226,704,13522,8547,4975
79,22,15575,2529,13046,787,12259,7044,5215
79,23,11071,1415,9656,528,9128,5787,3341
79,24,3162,395,2767,187,2580,1321,1259
79,25,11862,1797,10065,612,9453,5745,3708
79,26,7205,1030,6175,412,5763,3269,2494
79,27,4260,693,3567,201,3366,1786,1580
79,28,4185,671,3514,212,3302,1916,1386
79,29,5364,759,4605,307,4298,1962,2336
79,30,3301,423,2878,189,2689,1226,1463
79,31,8547,1533,7014,466,6548,3659,2889
79,32,10268,1659,8609,543,8066,4690,3376
79,33,12733,2595,10138,485,9653,6266,3387
80,1,12913,2972,9941,642,9299,5064,4235
80,2,10946,2439,8507,567,7940,4437,3503
80,3,5058,707,4351,264,4087,1877,2210
80,4,5875,802,5073,372,4701,2300,2401
80,5,6106,876,5230,397,4833,2328,2505
80,6,13261,2395,10866,823,10043,5716,4327
80,7,11661,3048,8613,576,8037,4995,3042
80,8,7634,1926,5708,349,5359,3437,1922
80,9,10952,2466,8486,505,7981,4772,3209
80,10,15898,3089,12809,758,12051,7878,4173
80,11,8455,1422,7033,536,6497,3668,2829
80,12,4174,558,3616,279,3337,1689,1648
80,13,15141,1936,13205,804,12401,6037,6364
80,14,5006,695,4311,355,3956,2058,1898
80,15,5314,875,4439,302,4137,2024,2113
80,16,3301,501,2800,208,2592,1195,1397
80,17,7265,1010,6255,410,5845,2752,3093
80,18,16022,2741,13281,1068,12213,7009,5204
80,19,4933,749,4184,270,3914,1882,2032
80,20,8339,1282,7057,538,6519,3888,2631
80,21,9967,1899,8068,564,7504,4211,3293
80,22,9733,1358,8375,583,7792,4633,3159
80,23,5996,795,5201,424,4777,2475,2302
80,24,9209,1777,7432,523,6909,3829,3080
80,25,4592,651,3941,283,3658,1825,1833
80,26,8081,1209,6872,479,6393,3108,3285
80,27,9233,1745,7488,550,6938,3744,3194
80,28,9359,1586,7773,572,7201,3690,3511
80,29,7493,962,6531,463,6068,3497,2571
80,30,6067,980,5087,361,4726,2652,2074
80,31,6545,1036,5509,380,5129,2443,2686
80,32,5003,699,4304,291,4013,2187,1826
80,33,12363,2515,9848,651,9197,4865,4332
80,34,13933,2295,11638,836,10802,6104,4698
80,35,5815,808,5007,309,4698,2030,2668
80,36,5968,1008,4960,364,4596,2482,2114
80,37,6641,1147,5494,414,5080,2938,2142
80,38,9727,1958,7769,565,7204,3869,3335
80,39,9921,1678,8243,527,7716,3054,4662
80,40,9132,1550,7582,554,7028,3625,3403
80,41,10217,1273,8944,619,8325,3965,4360
80,42,14864,3168,11696,598,11098,6285,4813
80,43,10555,1953,8602,347,8255,3855,4400
80,44,11826,2595,9231,590,8641,4790,3851
80,45,9528,2587,6941,382,6559,4527,2032
80,46,9344,1468,7876,502,7374,4840,2534
81,1,2358,327,2031,140,1891,922,969
81,2,7464,1261,6203,363,5840,3331,2509
81,3,665,87,578,49,529,254,275
81,4,2901,409,2492,213,2279,1014,1265
81,5,3589,409,3180,259,2921,1635,1286
81,6,6926,1114,5812,399,5413,3947,1466
81,7,3034,390,2644,178,2466,1332,1134
81,8,9285,1720,7565,432,7133,3880,3253
81,9,3083,408,2675,180,2495,1347,1148
81,10,1998,228,1770,138,1632,889,743
81,11,7608,976,6632,460,6172,3320,2852
81,12,17105,2865,14240,970,13270,7163,6107
81,13,12317,2177,10140,673,9467,5258,4209
81,14,9968,1383,8585,685,7900,4192,3708
81,15,3010,391,2619,202,2417,1230,1187
81,16,3816,386,3430,262,3168,1510,1658
81,17,19702,2865,16837,1074,15763,8895,6868
81,18,4465,657,3808,287,3521,1945,1576
81,19,10832,1871,8961,689,8272,3959,4313
81,20,2418,289,2129,145,1984,1319,665
81,21,2146,218,1928,153,1775,940,835
81,22,1618,211,1407,121,1286,548,738
81,23,3396,451,2945,235,2710,1768,942
81,24,5919,769,5150,386,4764,2517,2247
81,25,7142,984,6158,359,5799,3417,2382
81,26,7362,821,6541,497,6044,3113,2931
81,27,5289,602,4687,373,4314,1852,2462
81,28,5291,781,4510,403,4107,2201,1906
81,29,3622,450,3172,224,2948,1677,1271
81,30,2351,346,2005,162,1843,982,861
81,31,1992,285,1707,121,1586,852,734
81,32,2727,294,2433,197,2236,1376,860
81,33,2833,426,2407,179,2228,1199,1029
81,34,1410,194,1216,80,1136,723,413
81,35,4802,576,4226,331,3895,1990,1905
81,36,10476,1258,9218,690,8528,5262,3266
81,37,9594,1421,8173,560,7613,4699,2914
81,38,9777,1370,8407,557,7850,4483,3367
81,39,5969,991,4978,361,4617,3315,1302
81,40,7554,1226,6328,395,5933,2800,3133
81,41,7981,1533,6448,420,6028,3270,2758
81,42,8978,1539,7439,439,7000,3760,3240
81,43,9232,1310,7922,543,7379,4766,2613
81,44,7899,1180,6719,422,6297,3481,2816
81,45,7656,996,6660,381,6279,3636,2643
81,46,8310,1315,6995,479,6516,3164,3352
82,1,3710,538,3172,211,2961,1403,1558
82,2,5157,634,4523,289,4234,2155,2079
82,3,1602,243,1359,94,1265,566,699
82,4,4804,1053,3751,207,3544,1853,1691
82,5,11051,1582,9469,682,8787,4516,4271
82,6,2162,299,1863,113,1750,945,805
82,7,11818,1647,10171,698,9473,4952,4521
82,8,4047,494,3553,246,3307,1598,1709
82,9,3634,456,3178,208,2970,1329,1641
82,10,2117,291,1826,144,1682,894,788
82,11,5966,1066,4900,349,4551,2270,2281
82,12,2423,316,2107,116,1991,959,1032
82,13,3039,402,2637,201,2436,1198,1238
82,14,1818,219,1599,97,1502,732,770
82,15,7901,1126,6775,485,6290,3278,3012
82,16,6472,1112,5360,292,5068,2764,2304
82,17,15155,2239,12916,848,12068,6162,5906
82,18,2677,395,2282,157,2125,1027,1098
82,19,10518,1419,9099,659,8440,4153,4287
82,20,4007,620,3387,205,3182,1839,1343
82,21,5004,741,4263,346,3917,2003,1914
82,22,7599,1145,6454,453,6001,3229,2772
82,23,7259,1065,6194,457,5737,3125,2612
82,24,4827,605,4222,292,3930,2000,1930
82,25,7797,1294,6503,394,6109,2993,3116
82,26,5797,893,4904,321,4583,2239,2344
82,27,7617,1295,6322,321,6001,3146,2855
82,28,4520,806,3714,220,3494,1916,1578
82,29,7778,1353,6425,392,6033,3126,2907
82,30,7061,1313,5748,286,5462,2816,2646
83,1,2615,385,2230,146,2084,929,1155
83,2,8505,1479,7026,488,6538,3086,3452
83,3,27460,4663,22797,1249,21548,7771,13777
83,4,11546,2071,9475,652,8823,3652,5171
83,5,20750,4037,16713,994,15719,6594,9125
83,6,5609,901,4708,325,4383,1722,2661
83,7,12763,2166,10597,489,10108,3067,7041
83,8,1297,171,1126,63,1063,523,540
83,9,7224,1209,6015,353,5662,2379,3283
83,10,16648,2957,13691,863,12828,5462,7366
83,11,37538,7308,30230,1657,28573,10616,17957
83,12,16692,3010,13682,657,13025,4323,8702
83,13,39116,7593,31523,1702,29821,9808,20013
83,14,24415,4308,20107,892,19215,5390,13825
83,15,18505,3640,14865,726,14139,5191,8948
83,16,14930,2393,12537,707,11830,4537,7293
83,17,17244,3410,13834,891,12943,4882,8061
83,18,34464,6017,28447,1370,27077,8903,18174
83,19,10688,1984,8704,593,8111,3682,4429
83,20,17072,3105,13967,893,13074,5104,7970
83,21,26081,4240,21841,1429,20412,8794,11618
83,22,18322,2980,15342,621,14721,3611,11110
83,23,4752,895,3857,234,3623,1597,2026
83,24,25704,6133,19571,1149,18422,9446,8976
83,25,22511,3838,18673,1077,17596,6796,10800
83,26,4741,749,3992,272,3720,1543,2177
83,27,6806,1630,5176,318,4858,2165,2693
83,28,15413,3598,11815,757,11058,5272,5786
83,29,17581,3781,13800,761,13039,5608,7431
83,30,7043,1351,5692,305,5387,2143,3244
83,31,6349,1749,4600,217,4383,2053,2330
83,32,19308,4115,15193,771,14422,5559,8863
83,33,7005,1246,5759,255,5504,2038,3466
83,34,17533,3509,14024,740,13284,4786,8498
83,35,9552,2101,7451,425,7026,3262,3764
83,36,30832,5318,25514,1339,24175,8318,15857
83,37,22389,3975,18414,946,17468,5606,11862
83,38,23011,4387,18624,1052,17572,6751,10821
83,39,29525,5072,24453,1105,23348,6287,17061
83,40,29350,5678,23672,1262,22410,7620,14790
83,41,20057,3583,16474,1066,15408,5930,9478
83,42,27930,5137,22793,1296,21497,8945,12552
83,43,20434,3611,16823,870,15953,5633,10320
84,1,15579,2669,12910,768,12142,5527,6615
84,2,22153,4463,17690,1090,16600,8270,8330
84,3,11728,2536,9192,456,8736,5314,3422
84,4,4221,582,3639,191,3448,1294,2154
84,5,27223,4696,22527,1740,20787,8525,12262
84,6,19498,3652,15846,1122,14724,6284,8440
84,7,3733,481,3252,208,3044,1323,1721
84,8,14354,2313,12041,695,11346,5120,6226
84,9,21845,3981,17864,1175,16689,6592,10097
84,10,29434,5341,24093,1555,22538,8781,13757
84,11,30263,5682,24581,1537,23044,9187,13857
84,12,4951,618,4333,234,4099,1522,2577
84,13,31989,5071,26918,1697,25221,10797,14424
84,14,3979,493,3486,227,3259,1507,1752
84,15,7971,942,7029,463,6566,3034,3532
84,16,20941,3662,17279,1092,16187,6150,10037
84,17,17339,3113,14226,942,13284,4586,8698
84,18,14220,2262,11958,766,11192,4365,6827
84,19,26042,4962,21080,1230,19850,9693,10157
84,20,2061,320,1741,114,1627,821,806
84,21,10076,1496,8580,536,8044,3517,4527
84,22,9972,1767,8205,671,7534,3241,4293
84,23,23717,4451,19266,1097,18169,9061,9108
84,24,14769,3380,11389,480,10909,5770,5139
85,1,7843,1210,6633,395,6238,2376,3862
85,2,6371,1034,5337,331,5006,2742,2264
85,3,23918,4176,19742,1185,18557,7467,11090
85,4,13050,1825,11225,769,10456,4680,5776
85,5,12042,1818,10224,611,9613,3433,6180
85,6,15938,1982,13956,842,13114,6016,7098
85,7,15666,2446,13220,786,12434,6385,6049
85,8,20477,2731,17746,1311,16435,6571,9864
85,9,7132,997,6135,376,5759,2902,2857
85,10,4162,846,3316,211,3105,1289,1816
85,11,16949,2959,13990,815,13175,6226,6949
85,12,8808,1273,7535,471,7064,3697,3367
85,13,6521,910,5611,372,5239,2516,2723
85,14,23854,3082,20772,1301,19471,8774,10697
85,15,20604,2855,17749,1158,16591,6594,9997
85,16,15495,2157,13338,781,12557,5535,7022
85,17,12929,1915,11014,625,10389,4358,6031
85,18,8692,1494,7198,386,6812,2682,4130
85,19,8528,1386,7142,465,6677,2768,3909
85,20,21831,2820,19011,1213,17798,8314,9484
85,21,17163,2365,14798,912,13886,5682,8204
85,22,8850,1141,7709,517,7192,3029,4163
85,23,23000,4075,18925,917,18008,10211,7797
85,24,39714,6473,33241,1673,31568,13158,18410
85,25,12338,1481,10857,621,10236,3557,6679
85,26,37984,5785,32199,1802,30397,12013,18384
85,27,6426,1000,5426,340,5086,2559,2527
85,28,7199,937,6262,369,5893,3028,2865
85,29,15478,2512,12966,690,12276,4425,7851
85,30,15794,2168,13626,754,12872,5084,7788
85,31,34032,5266,28766,1500,27266,15615,11651
86,1,2295,353,1942,106,1836,980,856
86,2,2816,450,2366,131,2235,1215,1020
86,3,11363,2734,8629,504,8125,4133,3992
86,4,8880,1479,7401,467,6934,3984,2950
86,5,6458,1043,5415,331,5084,2907,2177
86,6,5886,1027,4859,275,4584,2475,2109
86,7,7566,1193,6373,734,5639,3135,2504
86,8,6495,1103,5392,345,5047,2682,2365
86,9,3780,584,3196,191,3005,1761,1244
86,10,4107,612,3495,268,3227,1603,1624
86,11,6976,1192,5784,441,5343,2801,2542
86,12,9230,1806,7424,489,6935,3244,3691
86,13,8385,1250,7135,453,6682,3822,2860
86,14,6635,991,5644,341,5303,3000,2303
86,15,5082,788,4294,276,4018,2091,1927
86,16,3665,571,3094,225,2869,1373,1496
86,17,7718,1268,6450,396,6054,3465,2589
86,18,2934,462,2472,160,2312,1161,1151
86,19,12849,1871,10978,720,10258,5636,4622
86,20,5332,863,4469,267,4202,2116,2086
86,21,10478,1959,8519,459,8060,5134,2926
86,22,12235,2379,9856,465,9391,5889,3502
86,23,10234,1657,8577,577,8000,4479,3521
86,24,10348,1255,9093,549,8544,5154,3390
86,25,4019,578,3441,223,3218,1640,1578
86,26,2314,356,1958,130,1828,856,972
86,27,3848,645,3203,258,2945,1293,1652
86,28,11037,1291,9746,599,9147,5592,3555
86,29,7032,1014,6018,379,5639,3338,2301
86,30,11773,1736,10037,666,9371,5228,4143
86,31,8763,1304,7459,505,6954,3743,3211
86,32,10717,2378,8339,573,7766,4738,3028
86,33,12318,2331,9987,429,9558,5985,3573
86,34,11203,2378,8825,443,8382,5163,3219
86,35,13277,2054,11223,547,10676,6344,4332
86,36,8833,1795,7038,306,6732,3836,2896
86,37,15939,3254,12685,673,12012,8048,3964
86,38,10793,2468,8325,509,7816,4710,3106
87,1,15330,1842,13488,952,12536,8031,4505
87,2,12734,1780,10954,843,10111,6657,3454
87,3,5311,789,4522,320,4202,2544,1658
87,4,4440,694,3746,308,3438,2131,1307
87,5,4381,709,3672,241,3431,2175,1256
87,6,4418,692,3726,248,3478,2362,1116
87,7,3224,546,2678,241,2437,1484,953
87,8,3478,577,2901,214,2687,1334,1353
87,9,4681,632,4049,248,3801,2638,1163
87,10,2868,453,2415,159,2256,1499,757
87,11,4401,759,3642,236,3406,2224,1182
87,12,4951,1003,3948,243,3705,2362,1343
87,13,4261,837,3424,168,3256,1831,1425
87,14,5154,1162,3992,295,3697,2692,1005
87,15,2725,502,2223,151,2072,1179,893
87,16,2800,481,2319,173,2146,1199,947
87,17,5859,851,5008,386,4622,2985,1637
87,18,6055,801,5254,432,4822,3146,1676
87,19,8065,1074,6991,585,6406,4176,2230
87,20,3180,522,2658,243,2415,1572,843
87,21,6884,806,6078,391,5687,3550,2137
87,22,4010,585,3425,264,3161,2047,1114
87,23,5261,730,4531,312,4219,2636,1583
87,24,8922,1179,7743,523,7220,4813,2407
87,25,3715,535,3180,262,2918,1818,1100
87,26,7926,1072,6854,527,6327,4153,2174
87,27,2482,367,2115,154,1961,1224,737
87,28,3340,560,2780,201,2579,1577,1002
87,29,8405,1207,7198,498,6700,4152,2548
87,30,8377,1660,6717,362,6355,3481,2874
87,31,9740,1385,8355,517,7838,5063,2775
87,32,8290,1375,6915,425,6490,4392,2098
87,33,8336,1224,7112,486,6626,4046,2580
87,34,4010,807,3203,181,3022,1905,1117
87,35,8434,1393,7041,482,6559,4646,1913
87,36,13288,2062,11226,708,10518,6553,3965
87,37,16933,2158,14775,917,13858,8532,5326
87,38,6365,1021,5344,360,4984,3369,1615
87,39,5069,972,4097,298,3799,2617,1182
87,40,5605,1042,4563,309,4254,2681,1573
87,41,4410,675,3735,244,3491,2415,1076
87,42,6741,1322,5419,347,5072,3576,1496
88,1,2847,551,2296,205,2091,990,1101
88,2,2116,351,1765,171,1594,796,798
88,3,11598,1885,9713,796,8917,4344,4573
88,4,4578,678,3900,323,3577,1694,1883
88,5,8854,1590,7264,540,6724,3538,3186
88,6,15084,2881,12203,990,11213,5686,5527
88,7,5115,760,4355,342,4013,1983,2030
88,8,5791,1132,4659,467,4192,2140,2052
88,9,3430,550,2880,229,2651,1109,1542
88,10,3850,645,3205,249,2956,1462,1494
88,11,4663,620,4043,377,3666,1581,2085
88,12,18581,3517,15064,954,14110,7604,6506
88,13,9630,1955,7675,833,6842,3472,3370
88,14,8295,1333,6962,464,6498,3378,3120
88,15,4044,763,3281,318,2963,1393,1570
88,16,8627,1490,7137,540,6597,3570,3027
88,17,1942,297,1645,121,1524,640,884
88,18,9990,1717,8273,620,7653,3557,4096
88,19,5797,966,4831,392,4439,1808,2631
88,20,1862,280,1582,158,1424,720,704
88,21,9528,1736,7792,640,7152,3229,3923
88,22,8958,1965,6993,586,6407,3125,3282
88,23,25166,4486,20680,1754,18926,8949,9977
88,24,14167,2419,11748,956,10792,5249,5543
88,25,15406,2589,12817,1101,11716,5575,6141
88,26,7522,1536,5986,544,5442,2778,2664
88,27,12020,2236,9784,986,8798,4216,4582
88,28,9958,1842,8116,568,7548,3746,3802
88,29,8134,1345,6789,603,6186,2696,3490
88,30,25240,4813,20427,1448,18979,9714,9265
88,31,12614,2625,9989,804,9185,4629,4556
89,1,7886,1338,6548,446,6102,2753,3349
89,2,4180,731,3449,248,3201,1641,1560
89,3,10115,2028,8087,503,7584,3901,3683
89,4,5214,1430,3784,231,3553,2146,1407
89,5,8677,1662,7015,470,6545,3374,3171
89,6,3707,624,3083,230,2853,1154,1699
89,7,5564,1086,4478,402,4076,1818,2258
89,8,2316,382,1934,133,1801,699,1102
89,9,3522,579,2943,182,2761,996,1765
89,10,4676,865,3811,262,3549,1329,2220
89,11,6961,1113,5848,391,5457,2187,3270
89,12,4711,744,3967,307,3660,1877,1783
89,13,2564,449,2115,146,1969,1052,917
89,14,2460,371,2089,131,1958,904,1054
89,15,2406,386,2020,162,1858,787,1071
89,16,3814,773,3041,247,2794,1140,1654
89,17,2363,387,1976,137,1839,843,996
89,18,2514,421,2093,149,1944,900,1044
89,19,10113,2373,7740,528,7212,3279,3933
89,20,3916,706,3210,230,2980,1355,1625
89,21,2329,362,1967,137,1830,727,1103
89,22,12212,2137,10075,742,9333,4382,4951
89,23,1886,302,1584,114,1470,665,805
89,24,2261,294,1967,105,1862,789,1073
89,25,4979,1040,3939,274,3665,1838,1827
89,26,4170,784,3386,208,3178,1337,1841
89,27,3985,734,3251,238,3013,1476,1537
89,28,8633,1627,7006,516,6490,3202,3288
89,29,8898,2133,6765,427,6338,2945,3393
89,30,15628,3298,12330,804,11526,5272,6254
89,31,5906,970,4936,366,4570,1887,2683
89,32,5365,1102,4263,273,3990,2106,1884
89,33,7834,1353,6481,480,6001,2831,3170
89,34,3786,627,3159,221,2938,1562,1376
89,35,3591,529,3062,223,2839,1433,1406
89,36,4804,865,3939,296,3643,1516,2127
89,37,6751,1408,5343,401,4942,1990,2952
89,38,7061,1248,5813,296,5517,2605,2912
89,39,8897,1827,7070,532,6538,3615,2923
89,40,11375,2857,8518,571,7947,3793,4154
89,41,8483,1351,7132,416,6716,3115,3601
89,42,8728,1596,7132,442,6690,3389,3301
90,1,5560,1240,4320,245,4075,2047,2028
90,2,7415,1402,6013,461,5552,2661,2891
90,3,6215,835,5380,420,4960,2229,2731
90,4,9900,1650,8250,772,7478,3772,3706
90,5,4226,608,3618,307,3311,1570,1741
90,6,7608,1389,6219,438,5781,2946,2835
90,7,7568,1815,5753,304,5449,2938,2511
90,8,4804,1157,3647,299,3348,1837,1511
90,9,4225,1093,3132,211,2921,1946,975
90,10,7896,1122,6774,515,6259,3117,3142
90,11,8034,1214,6820,526,6294,2867,3427
90,12,5206,1021,4185,319,3866,1955,1911
90,13,7145,1281,5864,560,5304,2377,2927
90,14,4512,1234,3278,234,3044,1919,1125
90,15,4544,934,3610,263,3347,1685,1662
91,1,27412,4587,22825,1354,21471,10692,10779
91,2,21897,4376,17521,955,16566,9212,7354
91,3,20510,2779,17731,724,17007,7745,9262
91,4,24162,4603,19559,1035,18524,9845,8679
91,5,17165,3425,13740,721,13019,6594,6425
91,6,13729,3286,10443,525,9918,6376,3542
91,7,11346,1810,9536,543,8993,4488,4505
91,8,20903,3983,16920,995,15925,8171,7754
91,9,15033,2427,12606,729,11877,5905,5972
91,10,24800,5054,19746,1021,18725,11394,7331
91,11,17062,2842,14220,876,13344,6273,7071
91,13,17388,2306,15082,671,14411,7224,7187
91,14,27725,4789,22936,1194,21742,11452,10290
91,15,14063,2468,11595,504,11091,7247,3844
91,16,27417,4880,22537,1283,21254,9616,11638
91,17,11103,1895,9208,601,8607,3711,4896
91,18,10683,1639,9044,546,8498,3382,5116
91,19,15269,2842,12427,723,11704,6195,5509
91,20,25968,4463,21505,1084,20421,9188,11233
91,21,17500,2557,14943,638,14305,8165,6140
91,22,27176,4749,22427,1023,21404,12215,9189
91,23,15209,3264,11945,605,11340,6664,4676
91,24,19080,3075,16005,891,15114,7004,8110
91,25,20585,3779,16806,940,15866,8802,7064
91,26,16628,3050,13578,651,12927,6852,6075
91,27,18492,3816,14676,817,13859,7330,6529
91,28,23521,4207,19314,1014,18300,8795,9505
91,29,18547,3298,15249,907,14342,7626,6716
91,30,15712,2253,13459,486,12973,6571,6402
91,31,16567,3352,13215,772,12443,6902,5541
91,32,24536,3727,20809,989,19820,8858,10962
91,33,12633,2366,10267,576,9691,5466,4225
91,34,16558,3570,12988,754,12234,7704,4530
91,35,15894,2269,13625,660,12965,6390,6575
91,36,26249,4668,21581,1326,20255,10476,9779
91,37,11560,2942,8618,456,8162,4861,3301
91,38,17666,3546,14120,758,13362,7717,5645
91,39,20232,4714,15518,686,14832,10261,4571
91,40,10809,3041,7768,334,7434,5508,1926
91,41,14613,2738,11875,600,11275,6207,5068
91,42,11318,2191,9127,468,8659,5524,3135
91,43,12848,2490,10358,495,9863,7055,2808
92,1,30919,4864,26055,1272,24783,13175,11608
92,2,23802,4564,19238,735,18503,10591,7912
92,3,21276,3401,17875,694,17181,8064,9117
92,4,20577,4195,16382,728,15654,11158,4496
92,5,16756,3008,13748,607,13141,6265,6876
92,6,17999,2614,15385,459,14926,4280,10646
92,7,22071,3546,18525,661,17864,6086,11778
92,8,27559,4891,22668,905,21763,9723,12040
92,9,22625,3248,19377,747,18630,9503,9127
92,10,21672,3615,18057,732,17325,9603,7722
92,11,27129,3928,23201,873,22328,8722,13606
92,12,22185,3237,18948,801,18147,9130,9017
92,13,22451,4720,17731,771,16960,11411,5549
92,14,13459,2730,10729,429,10300,6622,3678
92,15,18445,2973,15472,564,14908,7220,7688
92,16,20419,3698,16721,646,16075,6623,9452
92,17,30156,5829,24327,1032,23295,10853,12442
92,18,29233,4645,24588,916,23672,8962,14710
92,19,17302,2975,14327,653,13674,5729,7945
92,20,10914,2398,8516,401,8115,6110,2005
92,21,19917,3683,16234,732,15502,7622,7880
92,22,27652,5367,22285,981,21304,11431,9873
92,23,27069,4665,22404,808,21596,10444,11152
92,24,19244,2907,16337,533,15804,4803,11001
92,25,18865,3800,15065,590,14475,10234,4241
92,26,25023,4379,20644,760,19884,9906,9978
92,27,27879,4753,23126,868,22258,12961,9297
92,28,17080,3569,13511,649,12862,8843,4019
92,29,10246,2284,7962,341,7621,6012,1609
92,30,20503,2418,18085,370,17715,2801,14914
92,31,16554,1965,14589,287,14302,2257,12045
92,32,30740,5343,25397,1214,24183,12593,11590
92,33,28241,4967,23274,1020,22254,10474,11780
92,34,35542,5692,29850,1216,28634,12759,15875
92,35,19006,2699,16307,527,15780,4748,11032
92,36,16445,2535,13910,484,13426,6409,7017
92,37,14855,2358,12497,522,11975,5769,6206
92,38,26469,4257,22212,935,21277,10048,11229
92,39,17516,2584,14932,567,14365,8107,6258
92,40,12332,3034,9298,486,8812,5914,2898
92,41,15828,2549,13279,676,12603,7471,5132
92,42,12842,2772,10070,440,9630,6540,3090
92,43,15234,2790,12444,510,11934,6985,4949
92,44,10076,2372,7704,357,7347,5740,1607
92,45,17014,3230,13784,627,13157,8427,4730
93,1,15764,4326,11438,496,10942,8072,2870
93,2,10431,2886,7545,310,7235,5166,2069
93,3,26899,6816,20083,816,19267,13602,5665
93,4,16273,3383,12890,604,12286,6182,6104
93,5,17309,4243,13066,567,12499,9045,3454
93,6,24512,6176,18336,860,17476,11589,5887
93,7,21085,5837,15248,624,14624,11223,3401
93,8,12381,2729,9652,474,9178,6119,3059
93,9,26412,6837,19575,1056,18519,11475,7044
93,10,14433,3468,10965,466,10499,7906,2593
93,11,19983,5246,14737,724,14013,8733,5280
93,12,23901,6150,17751,760,16991,11718,5273
93,13,22185,4477,17708,887,16821,8859,7962
93,14,23530,4807,18723,1006,17717,9112,8605
93,15,20473,4436,16037,833,15204,7873,7331
93,16,18298,4767,13531,560,12971,9877,3094
93,17,18647,4088,14559,412,14147,10913,3234
93,18,13026,2734,10292,487,9805,5208,4597
93,19,39326,7623,31703,1405,30298,17109,13189
93,20,19563,4760,14803,668,14135,9402,4733
93,21,12650,3024,9626,349,9277,6731,2546
93,22,11405,2281,9124,434,8690,4375,4315
93,23,21693,3816,17877,692,17185,11070,6115
93,24,20352,4608,15744,619,15125,8174,6951
93,25,13019,3130,9889,438,9451,6360,3091
93,26,22648,5054,17594,932,16662,9326,7336
93,27,22087,6274,15813,680,15133,11838,3295
93,28,12546,3324,9222,356,8866,6788,2078
93,29,17664,4314,13350,558,12792,9778,3014
93,30,13564,3554,10010,390,9620,7062,2558
93,31,22472,5098,17374,829,16545,11405,5140
93,32,15849,4447,11402,626,10776,7920,2856
93,33,20554,4740,15814,894,14920,9408,5512
93,34,15255,2461,12794,611,12183,5915,6268
93,35,12204,2971,9233,380,8853,6148,2705
93,36,17005,4216,12789,539,12250,9066,3184
93,37,18295,3649,14646,771,13875,8992,4883
93,38,11043,2204,8839,361,8478,5942,2536
93,39,17077,4443,12634,468,12166,9162,3004
93,40,19112,5144,13968,620,13348,8617,4731
94,1,13899,2515,11384,493,10891,6708,4183
94,2,19660,3841,15819,843,14976,8856,6120
94,3,8981,2131,6850,377,6473,4284,2189
94,4,15496,2790,12706,627,12079,5642,6437
94,5,16178,3024,13154,617,12537,8100,4437
94,6,10344,2030,8314,376,7938,4802,3136
94,7,27815,5101,22714,904,21810,10570,11240
94,8,10302,1874,8428,384,8044,3911,4133
94,9,19467,3492,15975,770,15205,9922,5283
94,10,13927,2438,11489,478,11011,5932,5079
94,11,14883,3110,11773,538,11235,7592,3643
94,12,18830,3544,15286,686,14600,8731,5869
94,13,13503,2780,10723,426,10297,7875,2422
94,14,14401,3119,11282,482,10800,7659,3141
94,15,11999,2322,9677,433,9244,4821,4423
94,16,20231,4533,15698,691,15007,10001,5006
94,17,16594,2857,13737,674,13063,6468,6595
94,18,17344,3128,14216,775,13441,7014,6427
94,19,22189,4545,17644,633,17011,7291,9720
94,20,11016,2363,8653,402,8251,5629,2622
94,21,22020,4260,17760,650,17110,7563,9547
94,22,14677,2685,11992,414,11578,4495,7083
94,23,20824,3089,17735,771,16964,6705,10259
94,24,16416,2497,13919,545,13374,6094,7280
94,25,16004,2872,13132,621,12511,6517,5994
94,26,17673,2731,14942,698,14244,5878,8366
94,27,12867,2949,9918,424,9494,6431,3063
94,28,13300,2704,10596,611,9985,5679,4306
94,29,9977,2627,7350,406,6944,4436,2508
94,30,16805,3044,13761,538,13223,7563,5660
94,31,14810,2383,12427,462,11965,6130,5835
94,32,14101,3540,10561,472,10089,6885,3204
94,33,15693,3652,12041,509,11532,7655,3877
94,34,15474,3653,11821,618,11203,7905,3298
94,35,12692,2941,9751,444,9307,6213,3094
94,36,20227,4243,15984,621,15363,9979,5384
94,37,15006,3523,11483,480,11003,6917,4086
94,38,27627,5288,22339,1077,21262,10992,10270
94,39,16763,2596,14167,554,13613,6726,6887
94,40,9602,2020,7582,362,7220,4512,2708
94,41,13591,2948,10643,488,10155,6557,3598
94,42,13903,2191,11712,595,11117,6396,4721
94,43,14277,2986,11291,515,10776,6983,3793
94,44,16829,2908,13921,708,13213,6006,7207
94,45,12087,1768,10319,410,9909,3395,6514
94,46,16997,2806,14191,690,13501,6333,7168
94,47,10098,2566,7532,349,7183,5184,1999
94,48,15401,3616,11785,540,11245,7734,3511
94,49,15165,3406,11759,508,11251,7676,3575
95,1,14657,3348,11309,466,10843,6977,3866
95,2,20706,4989,15717,802,14915,9236,5679
95,3,20146,3892,16254,987,15267,8288,6979
95,4,14165,3116,11049,563,10486,6851,3635
95,5,25649,5089,20560,982,19578,10391,9187
95,6,15682,2822,12860,665,12195,6021,6174
95,7,16164,3133,13031,663,12368,6172,6196
95,8,20764,3952,16812,795,16017,7819,8198
95,9,29678,6169,23509,1000,22509,11282,11227
95,10,17941,3763,14178,685,13493,7614,5879
95,11,20798,4137,16661,882,15779,8174,7605
95,12,6719,1682,5037,222,4815,3519,1296
95,13,20792,4949,15843,830,15013,8262,6751
95,14,18742,2729,16013,788,15225,6586,8639
95,15,25204,4503,20701,1235,19466,9414,10052
95,16,11693,1871,9822,560,9262,4021,5241
95,17,8734,1187,7547,423,7124,2981,4143
95,18,18003,2823,15180,554,14626,6415,8211
95,19,16708,3894,12814,583,12231,6874,5357
95,20,17644,2776,14868,677,14191,6355,7836
95,21,18335,3623,14712,718,13994,8139,5855
95,22,16429,3257,13172,609,12563,6906,5657
95,23,14892,3400,11492,400,11092,7104,3988
95,24,15271,2886,12385,563,11822,5323,6499
95,25,25025,5148,19877,1042,18835,9698,9137
95,26,15370,2377,12993,735,12258,5512,6746
95,27,8168,1050,7118,390,6728,2791,3937
95,28,16411,2976,13435,711,12724,5731,6993
95,29,32325,6760,25565,1200,24365,15185,9180
95,30,21576,5055,16521,853,15668,9884,5784
95,31,20820,3829,16991,857,16134,8076,8058
95,33,13223,3225,9998,270,9728,5584,4144
95,34,13154,1752,11402,537,10865,5016,5849
95,35,20899,5149,15750,668,15082,9175,5907
95,36,18472,4538,13934,588,13346,9063,4283
95,37,19756,3900,15856,776,15080,8698,6382
95,38,9474,2076,7398,331,7067,5009,2058
95,39,31569,5837,25732,1403,24329,14199,10130
95,40,13192,2738,10454,476,9978,5175,4803
ZA,1,7341,2390,4951,422,4529,3538,991
ZA,2,5823,2083,3740,276,3464,2516,948
ZA,3,9670,4309,5361,328,5033,3925,1108
ZA,4,19602,6672,12930,943,11987,8296,3691
ZA,5,5481,2041,3440,307,3133,2030,1103
ZA,6,3661,1353,2308,165,2143,1369,774
ZA,7,6258,2647,3611,259,3352,2668,684
ZA,8,6014,2298,3716,268,3448,2487,961
ZA,9,3363,1694,1669,148,1521,1075,446
ZA,10,1585,701,884,33,851,564,287
ZA,11,8954,3464,5490,369,5121,3244,1877
ZA,12,5109,2572,2537,146,2391,1765,626
ZA,13,11632,4375,7257,475,6782,5310,1472
ZA,14,6975,2818,4157,253,3904,3155,749
ZA,15,6288,2571,3717,261,3456,2811,645
ZA,16,10805,4206,6599,490,6109,4694,1415
ZA,17,5941,2088,3853,313,3540,2695,845
ZA,18,13754,5282,8472,556,7916,5536,2380
ZA,19,5937,2346,3591,251,3340,2528,812
ZA,20,4074,1426,2648,133,2515,1529,986
ZA,21,4022,1505,2517,186,2331,1648,683
ZA,22,5711,2221,3490,301,3189,2376,813
ZA,24,6951,2981,3970,232,3738,2920,818
ZA,26,7959,2750,5209,318,4891,3090,1801
ZA,27,10336,3096,7240,443,6797,4388,2409
ZA,28,3044,1629,1415,86,1329,1065,264
ZA,30,10710,4502,6208,443,5765,3840,1925
ZA,31,7187,2754,4433,288,4145,2977,1168
ZA,32,11687,4451,7236,468,6768,5226,1542
ZA,33,6191,2280,3911,219,3692,2912,780
ZA,34,3048,1217,1831,52,1779,1065,714
ZA,35,8668,2888,5780,440,5340,3690,1650
ZA,36,11615,3801,7814,654,7160,4841,2319
ZA,37,7411,2520,4891,431,4460,3603,857
ZA,38,8027,3032,4995,440,4555,3277,1278
ZA,39,5911,2042,3869,359,3510,2647,863
ZA,40,8867,3099,5768,416,5352,3725,1627
ZA,41,10153,3962,6191,481,5710,3899,1811
ZA,42,5400,1979,3421,330,3091,1968,1123
ZA,43,7004,2822,4182,311,3871,2845,1026
ZB,1,1513,591,922,75,847,597,250
ZB,2,3499,1444,2055,65,1990,1481,509
ZB,3,3561,1334,2227,170,2057,1408,649
ZB,4,4722,1724,2998,156,2842,1786,1056
ZB,5,4669,1455,3214,231,2983,1959,1024
ZB,6,4684,1851,2833,148,2685,1813,872
ZB,7,11772,4142,7630,590,7040,5031,2009
ZB,9,5531,2466,3065,194,2871,1900,971
ZB,10,2536,1292,1244,97,1147,800,347
ZB,11,3295,1661,1634,94,1540,855,685
ZB,12,4597,2165,2432,202,2230,1592,638
ZB,13,8486,3284,5202,418,4784,3450,1334
ZB,15,8269,3415,4854,405,4449,3055,1394
ZB,16,6228,2607,3621,263,3358,2265,1093
ZB,17,6719,2258,4461,343,4118,2929,1189
ZB,18,2013,790,1223,31,1192,705,487
ZB,19,3228,1240,1988,144,1844,1320,524
ZB,20,6584,2764,3820,246,3574,2646,928
ZB,21,4579,1791,2788,187,2601,1360,1241
ZB,23,1501,658,843,24,819,582,237
ZB,24,10827,5407,5420,525,4895,3819,1076
ZB,25,9342,3483,5859,496,5363,3680,1683
ZB,26,7830,3012,4818,360,4458,3053,1405
ZB,27,7454,3187,4267,260,4007,2734,1273
ZB,28,11689,4797,6892,540,6352,4036,2316
ZB,29,4832,2204,2628,162,2466,1597,869
ZB,30,4021,1793,2228,155,2073,1560,513
ZB,31,7124,2559,4565,311,4254,3009,1245
ZB,32,7062,2722,4340,341,3999,2945,1054
ZB,33,7734,2848,4886,343,4543,2788,1755
ZB,34,9868,3667,6201,459,5742,4172,1570
ZB,35,5501,1983,3518,183,3335,2147,1188
ZB,36,8126,3572,4554,296,4258,3027,1231
ZB,37,4256,2076,2180,205,1975,1427,548
ZB,38,8706,3752,4954,463,4491,3308,1183
ZB,39,13167,5607,7560,644,6916,4802,2114
ZB,40,9100,4047,5053,461,4592,3247,1345
ZB,41,6966,2865,4101,343,3758,2583,1175
ZB,42,7615,3131,4484,320,4164,2647,1517
ZB,43,7413,2702,4711,301,4410,2812,1598
ZB,44,10633,3712,6921,529,6392,4292,2100
ZB,45,8047,3262,4785,425,4360,2936,1424
ZB,46,9578,3685,5893,553,5340,3454,1886
ZB,47,9848,3892,5956,458,5498,3932,1566
ZB,48,7987,2867,5120,376,4744,2986,1758
ZC,1,627,374,253,9,244,138,106
ZC,2,1965,898,1067,47,1020,604,416
ZC,3,3620,1448,2172,134,2038,1164,874
ZC,4,7057,2962,4095,297,3798,2441,1357
ZC,5,2923,1369,1554,81,1473,893,580
ZC,6,958,458,500,17,483,251,232
ZC,7,8237,2931,5306,307,4999,2984,2015
ZC,8,4508,1809,2699,196,2503,1644,859
ZC,9,2189,942,1247,38,1209,801,408
ZC,10,10051,3759,6292,350,5942,3630,2312
ZC,11,1714,634,1080,48,1032,566,466
ZC,12,2030,776,1254,28,1226,707,519
ZC,13,7696,3510,4186,141,4045,2318,1727
ZC,14,1882,1017,865,55,810,568,242
ZC,15,1039,490,549,31,518,309,209
ZC,16,4283,2718,1565,21,1544,1061,483
ZC,17,3028,1476,1552,101,1451,952,499
ZC,18,3627,1670,1957,129,1828,1279,549
ZC,19,9655,3747,5908,361,5547,3570,1977
ZD,1,7804,1667,6137,286,5851,4133,1718
ZD,2,8840,2429,6411,296,6115,4477,1638
ZD,3,5014,1110,3904,192,3712,2729,983
ZD,4,10506,2008,8498,458,8040,5503,2537
ZD,5,9552,2378,7174,404,6770,4890,1880
ZD,6,3877,957,2920,182,2738,1757,981
ZD,7,11104,3293,7811,429,7382,5805,1577
ZD,8,19112,4870,14242,640,13602,9735,3867
ZD,9,10844,3259,7585,391,7194,5194,2000
ZD,10,11588,3503,8085,395,7690,5750,1940
ZD,11,13514,4203,9311,438,8873,6612,2261
ZD,12,7603,2112,5491,273,5218,3032,2186
ZD,13,14181,4232,9949,497,9452,6484,2968
ZD,14,9597,2351,7246,321,6925,4501,2424
ZD,15,9202,2664,6538,327,6211,4049,2162
ZD,16,14172,2692,11480,529,10951,8627,2324
ZD,17,13209,2657,10552,510,10042,7738,2304
ZD,18,11521,2841,8680,360,8320,6720,1600
ZD,19,11473,2770,8703,385,8318,6085,2233
ZD,20,20115,5940,14175,806,13369,9927,3442
ZD,21,17798,4838,12960,795,12165,8734,3431
ZD,22,4862,1590,3272,120,3152,2275,877
ZD,23,10064,2793,7271,452,6819,4766,2053
ZD,24,14093,3731,10362,514,9848,6853,2995
ZD,25,17125,4554,12571,627,11944,8825,3119
ZD,26,4480,1289,3191,122,3069,2397,672
ZD,27,16287,4297,11990,609,11381,7455,3926
ZD,28,11098,3326,7772,431,7341,4733,2608
ZD,29,13563,3714,9849,541,9308,6092,3216
ZD,30,21318,6142,15176,631,14545,10157,4388
ZD,31,5846,1733,4113,198,3915,3013,902
ZD,32,16301,4792,11509,490,11019,8469,2550
ZD,33,5653,1511,4142,138,4004,3052,952
ZD,34,16077,4011,12066,717,11349,7937,3412
ZD,35,10676,2611,8065,430,7635,5450,2185
ZD,36,5593,1576,4017,174,3843,2904,939
ZD,37,12408,3604,8804,388,8416,7070,1346
ZD,38,9186,2926,6260,314,5946,4024,1922
ZD,39,9813,2874,6939,298,6641,4171,2470
ZD,40,9526,3035,6491,311,6180,4674,1506
ZD,41,14181,4110,10071,466,9605,6255,3350
ZD,42,9708,2500,7208,327,6881,4606,2275
ZD,43,16879,4524,12355,607,11748,8516,3232
ZD,44,13166,3389,9777,577,9200,6147,3053
ZD,45,12003,3766,8237,408,7829,6194,1635
ZD,46,13639,3629,10010,558,9452,7367,2085
ZD,47,18285,4561,13724,745,12979,8256,4723
ZD,48,9835,3174,6661,325,6336,4709,1627
ZD,49,16064,4425,11639,733,10906,7260,3646
ZM,1,2406,836,1570,128,1442,709,733
ZM,2,3914,1850,2064,63,2001,1134,867
ZM,3,3628,1479,2149,41,2108,725,1383
ZM,4,3749,1780,1969,82,1887,618,1269
ZM,5,4081,1647,2434,152,2282,730,1552
ZM,6,3903,1564,2339,77,2262,1091,1171
ZM,7,2801,1160,1641,67,1574,903,671
ZM,8,5953,3417,2536,136,2400,1569,831
ZM,9,3691,1762,1929,73,1856,555,1301
ZM,10,5073,2601,2472,93,2379,1315,1064
ZM,11,4494,2459,2035,93,1942,1186,756
ZM,12,4893,2574,2319,100,2219,1244,975
ZM,13,4204,2252,1952,98,1854,1003,851
ZM,14,5093,2663,2430,73,2357,971,1386
ZM,15,4175,2166,2009,102,1907,1089,818
ZM,16,3366,1708,1658,61,1597,781,816
ZM,17,3753,1708,2045,93,1952,1067,885
ZM,18,4976,2081,2895,89,2806,1370,1436
ZM,19,3391,1555,1836,39,1797,886,911
ZN,1,20775,15046,5729,40,5689,4609,1080
ZN,2,35596,15833,19763,400,19363,13544,5819
ZN,3,108967,33289,75678,2719,72959,18086,54873
ZP,1,135568,57402,78166,9950,68216,31439,36777
ZP,2,26059,9976,16083,369,15714,7438,8276
ZP,3,7258,2933,4325,101,4224,2156,2068
ZP,4,5429,2123,3306,62,3244,1531,1713
ZP,5,7397,2738,4659,77,4582,2424,2158
ZP,6,5227,1584,3643,65,3578,1745,1833
ZS,1,4922,1531,3391,206,3185,2080,1105
ZW,1,8942,2104,6838,69,6769,3795,2974
ZX,1,22686,12779,9907,415,9492,3851,5641
ZZ,1,157958,97109,60849,1377,59472,27577,31895
ZZ,2,73812,50074,23738,439,23299,11095,12204
ZZ,3,89534,57361,32173,601,31572,16764,14808
ZZ,4,97710,46947,50763,1116,49647,23273,26374
ZZ,5,80802,49162,31640,715,30925,14411,16514
ZZ,6,107077,52767,54310,1337,52973,19978,32995
ZZ,7,89769,52319,37450,817,36633,20024,16609
ZZ,8,109896,78347,31549,411,31138,11550,19588
ZZ,9,98811,55036,43775,677,43098,26584,16514
ZZ,10,93085,44133,48952,1122,47830,21370,26460
ZZ,11,80125,40414,39711,1136,38575,16376,22199
